110010010000
110010020000
110010030000
110010040000
110010060000
110010070000
110010120000
110010130000
110010140000
110010160000
110010170000
110010180000
110010200000
110020010000
110020020000
110020030000
110020040000
110020050000
110020060000
110020070000
110020080000
110020090000
110020100000
110020110000
110020120000
110020130000
110020140000
110020150000
110020160000
110020170000
110030010000
110030020000
110030030000
110030040000
110030050000
110030060000
110030070000
110030080000
110030090000
110030100000
110030110000
110030120000
110030130000
110030140000
110030150000
110030160000
110030170000
110040010000
110040030000
110040050000
110040060000
110040100000
110040120000
110040130000
110040200000
110040230000
110040240000
110040250000
110040260000
110040270000
110040280000
110040290000
110040300000
110040310000
110040320000
110040330000
110040340000
110040350000
110040360000
110040370000
110040380000
110040390000
110050190000
110050210000
110050220000
110050230000
110050240000
110050250000
110050260000
110050270000
110050280000
110050290000
110050300000
110050310000
110050320000
110050330000
110050340000
110050350000
110050360000
110050370000
110050380000
110050400000
110050410000
110050420000
110050430000
110050440000
110050450000
110050460000
110060010000
110060020000
110060030000
110060040000
110060050000
110060060000
110060070000
110060080000
110060090000
110060100000
110060110000
110060120000
110060130000
110060140000
110060150000
110060160000
110060170000
110060180000
110060190000
110060200000
110060210000
110060220000
110060230000
110060240000
110060250000
110060260000
110060270000
110060280000
110060290000
110060300000
110060310000
110060320000
110060330000
110060340000
110060350000
110060360000
110060370000
110060380000
110060390000
110060400000
110060410000
110060420000
110060430000
110060440000
110060450000
110060460000
110060470000
110060480000
110060490000
110060500000
110060510000
110060520000
110060530000
110060540000
110060550000
110060560000
110060570000
110060580000
110060590000
110060600000
110060610000
110060620000
110060630000
110060640000
110060650000
110060660000
110060670000
110060680000
110060690000
110060700000
110060710000
110060720000
110060730000
110060740000
110060750000
110060760000
110060770000
110060780000
110060790000
110060800000
110060810000
110060820000
110060830000
110060840000
110060850000
110060860000
110060870000
110060880000
110060890000
110060900000
110060910000
110060920000
110060930000
110060940000
110060950000
110060960000
110060970000
110060980000
110061000000
110061010000
110061020000
110061030000
110061040000
110061050000
110061060000
110061070000
110061080000
110061090000
110061100000
110061110000
110061120000
110061130000
110061140000
110061150000
110061160000
110061170000
110061180000
110061190000
110061200000
110061300000
110061310000
110061380000
110061390000
110061400000
110061410000
110061420000
110061430000
110061440000
110061450000
110061460000
110061470000
110061480000
110061490000
110061500000
110061510000
110061610000
110061630000
110061650000
110061660000
110061670000
110061680000
110061690000
110061700000
110070010000
110070020000
110070030000
110070040000
110070050000
110070060000
110070070000
110070080000
110070090000
110070100000
110070110000
110070120000
110070130000
110070140000
110070150000
110070160000
110070170000
110070180000
110070190000
110070200000
110070210000
110070220000
110070230000
110070240000
110070250000
110070260000
110070270000
110070280000
110070290000
110070300000
110070310000
110070320000
110070330000
110070340000
110070350000
110070360000
110070370000
110070380000
110070390000
110070400000
110070410000
110070420000
110070430000
110070440000
110070450000
110070460000
110070470000
110070480000
110070490000
110070500000
110070510000
110070520000
110070530000
110070540000
110070550000
110070560000
110070570000
110070580000
110070590000
110070600000
110070610000
110070620000
110070630000
110070640000
110070650000
110070660000
110070670000
110070680000
110070690000
110070700000
110070710000
110070720000
110070730000
110070740000
110070750000
110070760000
110070770000
110070780000
110070790000
110070800000
110070810000
110070820000
110070830000
110070840000
110070850000
110070860000
110070870000
110070880000
110070890000
110070900000
110070910000
110070920000
110070930000
110070940000
110070950000
110070960000
110070970000
110070980000
110070990000
110071000000
110071010000
110071020000
110071030000
110071040000
110071050000
110071070000
110071080000
110071090000
110071100000
110071110000
110071120000
110071130000
110071140000
110071150000
110071160000
110071170000
110071180000
110071190000
110071200000
110071210000
110071220000
110071240000
110071250000
110071260000
110071270000
110071280000
110071290000
110071300000
110071310000
110071320000
110071330000
110071340000
110071350000
110071360000
110071370000
110071380000
110071390000
110071400000
110071410000
110071510000
110071520000
110071530000
110071540000
110071550000
110071560000
110071570000
110071580000
110071590000
110071600000
110071610000
110071620000
110080010000
110080020000
110080030000
110080040000
110080050000
110080060000
110080070000
110080080000
110080090000
110080100000
110080110000
110080120000
110080130000
110080140000
110080150000
110080160000
110080170000
110080190000
110080200000
110080210000
110080220000
110080230000
110080240000
110080250000
110080260000
110080270000
110080280000
110080290000
110080300000
110080310000
110080320000
110080330000
110080340000
110080350000
110080360000
110080370000
110080380000
110080390000
110080400000
110080410000
110080420000
110080430000
110080440000
110080450000
110080460000
110080470000
110080480000
110080490000
110080500000
110080510000
110080520000
110080530000
110080540000
110080550000
110080560000
110080570000
110080580000
110080590000
110080600000
110080610000
110080620000
110080630000
110080640000
110080650000
110080660000
110080670000
110080680000
110080690000
110080700000
110080710000
110080720000
110080730000
110080740000
110080750000
110080760000
110080780000
110080790000
110080800000
110080810000
110080820000
110080830000
110080840000
110080850000
110080860000
110080870000
110080880000
110080890000
110080900000
110080910000
110080920000
110080930000
110080940000
110080950000
110080960000
110080970000
110080990000
110081000000
110081010000
110081020000
110081030000
110081040000
110081050000
110081060000
110081070000
110081080000
110081090000
110081100000
110081120000
110081130000
110081140000
110081150000
110081160000
110081170000
110081180000
110081190000
110081200000
110081210000
110081220000
110081230000
110081240000
110081250000
110081260000
110081270000
110081280000
110081290000
110081300000
110081310000
110081320000
110081330000
110081340000
110081350000
110081360000
110081370000
110081380000
110081390000
110081400000
110081410000
110081420000
110081430000
110081440000
110081450000
110081460000
110081470000
110081480000
110081490000
110081500000
110081510000
110081520000
110081530000
110081540000
110081550000
110081560000
110081570000
110081580000
110081590000
110081600000
110081610000
110081620000
110081630000
110081640000
110081650000
110081660000
110081670000
110081680000
110081690000
110081700000
110081710000
110081720000
110081730000
110081740000
110081750000
110081760000
110081770000
110081780000
110081790000
110081800000
110081810000
110081820000
110081830000
110081840000
110081850000
110090010000
110090020000
110090030000
110090040000
110090050000
110090060000
110090070000
110090080000
110090090000
110090100000
110090110000
110090120000
110090130000
110090140000
110090150000
110090160000
110090170000
110090180000
110090190000
110090200000
110090210000
110090220000
110090230000
110090240000
110090250000
110090260000
110090270000
110090280000
110090290000
110090300000
110090310000
110090320000
110090330000
110090340000
110090350000
110090360000
110090370000
110090380000
110090390000
110090400000
110090410000
110090420000
110090430000
110090440000
110090450000
110090460000
110090470000
110090480000
110090490000
110090500000
110090510000
110090520000
110090530000
110090540000
110090550000
110090560000
110090570000
110090580000
110090590000
110090600000
110090610000
110090620000
110090630000
110090640000
110090650000
110090660000
110090670000
110090680000
110090690000
110090700000
110090710000
110090720000
110090730000
110090740000
110090750000
110090760000
110090770000
110090780000
110090790000
110090800000
110090810000
110090820000
110090830000
110090840000
110090850000
110090860000
110090870000
110090880000
110090890000
110090900000
110090910000
110090920000
110090930000
110090950000
110090960000
110090970000
110090980000
110090990000
110091000000
110091010000
110091020000
110091030000
110091040000
110091050000
110091060000
110091070000
110091080000
110091090000
110091100000
110091110000
110091120000
110091130000
110091140000
110091150000
110091160000
110091180000
110091190000
110091200000
110091210000
110091220000
110091230000
110091240000
110091250000
110091260000
110091270000
110091280000
110091290000
110091300000
110091310000
110091320000
110091330000
110091340000
110091350000
110091360000
110091370000
110091380000
110091390000
110091400000
110091410000
110091420000
110091430000
110091440000
110091450000
110091460000
110091470000
110091480000
110091490000
110091500000
110091510000
110091520000
110091530000
110091540000
110091550000
110091560000
110091570000
110091580000
110091590000
110091600000
110091610000
110100010000
110100020000
110100030000
110100040000
110100050000
110100060000
110100070000
110100080000
110100090000
110100100000
110100110000
110100130000
110100140000
110100150000
110100160000
110100170000
110100180000
110100190000
110100200000
110100210000
110100220000
110100230000
110100240000
110100250000
110100260000
110100270000
110100280000
110100290000
110100300000
110100310000
110100320000
110100330000
110100340000
110100350000
110100360000
110100370000
110100380000
110100390000
110100400000
110100410000
110100420000
110100430000
110100440000
110100450000
110100460000
110100470000
110100480000
110100490000
110100500000
110100510000
110100520000
110100530000
110100540000
110100560000
110100580000
110100590000
110100600000
110100610000
110100620000
110100630000
110100640000
110100650000
110100660000
110100670000
110100680000
110100690000
110100700000
110100710000
110100720000
110100740000
110100750000
110100760000
110100780000
110100790000
110100800000
110100810000
110100820000
110100830000
110100840000
110100850000
110100860000
110100880000
110100890000
110100900000
110100910000
110100920000
110100930000
110100940000
110100950000
110100960000
110100970000
110100990000
110101000000
110101010000
110101020000
110101030000
110101040000
110101050000
110101060000
110101070000
110101080000
110101090000
110101100000
110101110000
110101120000
110101130000
110101140000
110101150000
110101160000
110101170000
110101180000
110101190000
110101200000
110101210000
110101220000
110101230000
110101240000
110101250000
110101260000
110101270000
110101280000
110101290000
110101320000
110101330000
110101340000
110101350000
110101360000
110101370000
110101380000
110101390000
110101400000
110101410000
110101420000
110101430000
110101440000
110101450000
110101460000
110101470000
110101480000
110101490000
110101500000
110101510000
110101520000
110101530000
110101540000
110101550000
110101560000
110101570000
110101580000
110101590000
110101600000
110101610000
110101630000
110101640000
110101650000
110101660000
110101670000
110101680000
110101690000
110101700000
110101710000
110101720000
110101730000
110101740000
110101750000
110101760000
110101770000
110101780000
110101790000
110110010000
110110020000
110110030000
110110040000
110110050000
110110060000
110110070000
110110080000
110110090000
110110100000
110110110000
110110120000
110110130000
110110140000
110110150000
110110160000
110110170000
110110180000
110110190000
110110200000
110110210000
110110220000
110110230000
110110240000
110110250000
110110260000
110110270000
110110280000
110110290000
110110300000
110110310000
110110320000
110110330000
110110340000
110110350000
110110360000
110110370000
110110380000
110110390000
110110400000
110110410000
110110420000
110110430000
110110440000
110110450000
110110460000
110110470000
110110480000
110110490000
110110500000
110110510000
110110520000
110110530000
110110540000
110110550000
110110560000
110110570000
110110580000
110110590000
110110600000
110110610000
110110620000
110110630000
110110640000
110110650000
110110660000
110110670000
110110680000
110110690000
110110700000
110110710000
110110720000
110110730000
110110740000
110110750000
110110760000
110110770000
110110780000
110110790000
110110800000
110110810000
110110820000
110110830000
110110840000
110110850000
110110860000
110110870000
110110880000
110110890000
110110900000
110110910000
110110920000
110110930000
110110940000
110110960000
110110970000
110110980000
110110990000
110111000000
110111010000
110111020000
110111030000
110111040000
110111050000
110111060000
110111070000
110111080000
110111090000
110111100000
110111110000
110111120000
110111130000
110111140000
110111150000
110111160000
110111170000
110111180000
110111190000
110111200000
110111210000
110111220000
110111230000
110111240000
110111250000
110111260000
110111270000
110111280000
110111290000
110111300000
110111310000
110111320000
110111330000
110111340000
110111350000
110111360000
110111370000
110111380000
110111390000
110111400000
110111410000
110120010000
110120020000
110120030000
110120040000
110120050000
110120060000
110120070000
110120080000
110120090000
110120100000
110120110000
110120120000
110120130000
110120140000
110120160000
110120170000
110120180000
110120190000
110120200000
110120210000
110120220000
110120240000
110120250000
110120260000
110120270000
110120280000
110120290000
110120300000
110120310000
110120320000
110120330000
110120340000
110120350000
110120360000
110120370000
110120380000
110120390000
110120400000
110120410000
110120420000
110120430000
110120450000
110120460000
110120470000
110120480000
110120490000
110120500000
110120510000
110120520000
110120530000
110120540000
110120550000
110120560000
110120570000
110130010000
110130020000
110130030000
110130040000
110130050000
110130060000
110130070000
110130080000
110130090000
110130100000
110130110000
110130120000
110130130000
110130140000
110130150000
110130160000
110130170000
110130180000
110130190000
110130200000
110130210000
110130220000
110130230000
110130240000
110130250000
110130260000
110130270000
110130280000
110130290000
110130300000
110130310000
110130320000
110130330000
110130340000
110130350000
110130360000
110130370000
110130380000
110130390000
110130400000
110130410000
110130420000
110130430000
110130440000
110130450000
110130460000
110130470000
110130480000
110130490000
110130500000
110130510000
110130520000
110130530000
110130540000
110130550000
110130560000
110130570000
110130580000
110130590000
110130600000
110130610000
110130620000
110130630000
110130640000
110130650000
110130660000
110130670000
110130680000
110130690000
110130700000
110130710000
110130720000
110130730000
110130740000
110130750000
110130760000
110130770000
110130780000
110130790000
110130800000
110130810000
110130820000
110130830000
110130840000
110130850000
110130860000
110130870000
110130880000
110130890000
110130900000
110130910000
110130920000
110130950000
110130970000
110130980000
110130990000
110131000000
110131010000
110131020000
110131030000
110131040000
110131050000
110131060000
110131070000
110131080000
110131090000
110131100000
110131110000
110131120000
110131130000
110131140000
110131150000
110131160000
110131170000
110131180000
110131190000
110131200000
110131210000
110131220000
110131230000
110131240000
110131250000
110131260000
110131270000
110131280000
110131290000
110131300000
110131310000
110131320000
110131330000
110131340000
110131350000
110131360000
110131370000
110131380000
110131390000
110131400000
110131410000
110131420000
110131430000
110131440000
110131450000
110131460000
110131470000
110131480000
110131490000
110131500000
110131510000
110131520000
110131530000
110131540000
110131550000
110131560000
110131570000
110131580000
110131590000
110131600000
110140010000
110140020000
110140030000
110140040000
110140050000
110140060000
110140070000
110140080000
110140090000
110140100000
110140110000
110140120000
110140130000
110140140000
110140150000
110140160000
110140180000
110140190000
110140200000
110140210000
110140220000
110140230000
110140240000
110140250000
110140260000
110140270000
110140280000
110140290000
110140300000
110140310000
110140320000
110140330000
110140340000
110140350000
110140360000
110140370000
110140380000
110140390000
110140400000
110140410000
110140420000
110140430000
110140440000
110140450000
110140460000
110140470000
110140480000
110140490000
110140500000
110140510000
110140520000
110140530000
110140540000
110140550000
110140560000
110140570000
110140580000
110140590000
110140600000
110140610000
110140620000
110140630000
110140640000
110140650000
110140660000
110140670000
110140680000
110140690000
110140700000
110140710000
110140720000
110140730000
110140740000
110140750000
110140760000
110140770000
110140780000
110140790000
110140800000
110140810000
110140820000
110140830000
110140840000
110140850000
110140860000
110140870000
110140880000
110140890000
110140900000
110140910000
110140920000
110140930000
110140940000
110140950000
110140960000
110140970000
110140980000
110140990000
110141000000
110141010000
110141020000
110150010000
110150020000
110150030000
110150040000
110150050000
110150060000
110150070000
110150080000
110150090000
110150100000
110150110000
110150120000
110150130000
110150140000
110150150000
110150160000
110150170000
110150180000
110150190000
110150200000
110150210000
110150220000
110150230000
110150240000
110150250000
110150260000
110150270000
110150280000
110150290000
110150300000
110150310000
110150320000
110150330000
110150340000
110150350000
110150360000
110150370000
110150380000
110150390000
110150400000
110150410000
110150420000
110150430000
110150440000
110150450000
110150460000
110150470000
110150480000
110150490000
110150500000
110150510000
110150520000
110150530000
110150540000
110150550000
110150560000
110150570000
110150580000
110150590000
110150600000
110150610000
110150620000
110150630000
110150640000
110150650000
110150660000
110150670000
110150680000
110150690000
110150700000
110150710000
110150720000
110150730000
110150740000
110150750000
110150760000
110150770000
110150780000
110150790000
110150800000
110150810000
110150820000
110150830000
110150840000
110150850000
110150860000
110150870000
110150880000
110150890000
110150900000
110150910000
110150920000
110150930000
110150940000
110150950000
110150960000
110150970000
110150980000
110150990000
110151000000
110151010000
110151020000
110151030000
110151040000
110151050000
110151060000
110151070000
110151080000
110151090000
110151100000
110151110000
110151120000
110151130000
110151140000
110151150000
110151160000
110151170000
110151180000
110151190000
110151200000
110151210000
110151220000
110151230000
110151240000
110151250000
110151260000
110151270000
110151280000
110151290000
110151300000
110151310000
110151320000
110151330000
110151340000
110151350000
110151360000
110151370000
110151380000
110160010000
110160020000
110160030000
110160040000
110160050000
110160060000
110160070000
110160080000
110160090000
110160100000
110160110000
110160120000
110160130000
110160140000
110160150000
110160160000
110160170000
110160180000
110160190000
110160200000
110160210000
110160220000
110160230000
110160240000
110160250000
110160260000
110160270000
110160280000
110160290000
110160300000
110160310000
110160320000
110160330000
110160340000
110160350000
110160360000
110160370000
110160380000
110160390000
110160400000
110160410000
110160420000
110160430000
110160440000
110160450000
110160460000
110160470000
110160480000
110160490000
110160500000
110160510000
110160520000
110160530000
110160540000
110160550000
110160560000
110160570000
110160580000
110160590000
110160600000
110160610000
110160620000
110160630000
110160640000
110160650000
110160660000
110160670000
110160680000
110160690000
110160700000
110160710000
110160720000
110160730000
110160740000
110160750000
110160760000
110160770000
110160780000
110160790000
110160800000
110160810000
110160820000
110160830000
110160840000
110160850000
110160860000
110160870000
110160880000
110160890000
110160900000
110160910000
110160920000
110160930000
110160940000
110160950000
110160960000
110160970000
110160980000
110160990000
110161000000
110161010000
110161020000
110161030000
110161040000
110161050000
110161060000
110161070000
110161080000
110161090000
110161100000
110161110000
110161120000
110161130000
110161140000
110161150000
110161160000
110161170000
110161180000
110161190000
110161200000
110161210000
110161220000
110161230000
110161240000
110161250000
110161260000
110161270000
110161280000
110161290000
110161300000
110161310000
110161320000
110161330000
110161340000
110161350000
110161360000
110161370000
110161380000
110170010000
110170020000
110170030000
110170040000
110170050000
110170060000
110170070000
110170080000
110170090000
110170100000
110170110000
110170120000
110170130000
110170140000
110170150000
110170160000
110170170000
110170180000
110170190000
110170200000
110170210000
110170220000
110170230000
110170240000
110170250000
110170260000
110170270000
110170280000
110170290000
110170300000
110170310000
110170320000
110170330000
110170340000
110170350000
110170360000
110170370000
110170380000
110170390000
110170400000
110170410000
110170420000
110170430000
110170440000
110170450000
110170460000
110170470000
110170480000
110170490000
110170500000
110170510000
110170520000
110170530000
110170540000
110170550000
110170560000
110170570000
110170580000
110170590000
110170600000
110170610000
110170620000
110170630000
110170640000
110170650000
110170660000
110170670000
110170680000
110170690000
110170700000
110170710000
110170720000
110170730000
110170740000
110170750000
110170760000
110170770000
110170780000
110170790000
110170800000
110170810000
110170820000
110170830000
110170840000
110170850000
110170860000
110170870000
110170880000
110170900000
110170910000
110170920000
110170930000
110170940000
110170950000
110170960000
110170970000
110170980000
110170990000
110171000000
110171010000
110171020000
110171030000
110171040000
110171050000
110171060000
110171070000
110171080000
110171090000
110171100000
110171110000
110171120000
110171130000
110171140000
110171150000
110171160000
110171170000
110171180000
110171190000
110171200000
110180010000
110180020000
110180030000
110180040000
110180050000
110180060000
110180070000
110180080000
110180090000
110180100000
110180110000
110180120000
110180130000
110180140000
110180150000
110180160000
110180170000
110180180000
110180190000
110180200000
110180210000
110180220000
110180230000
110180240000
110180250000
110180260000
110180270000
110180280000
110180290000
110180300000
110180310000
110180320000
110180330000
110180340000
110180350000
110180360000
110180370000
110180380000
110180390000
110180400000
110180410000
110180420000
110180430000
110180440000
110180450000
110180460000
110180470000
110180480000
110180490000
110180500000
110180510000
110180520000
110180530000
110180540000
110180550000
110180560000
110180570000
110180580000
110180590000
110180600000
110180610000
110180620000
110180630000
110180640000
110180650000
110180660000
110180670000
110180680000
110180690000
110180700000
110180710000
110180720000
110180730000
110180740000
110180750000
110180760000
110180770000
110180780000
110180790000
110180800000
110180810000
110180820000
110180830000
110180840000
110180850000
110180860000
110180870000
110180880000
110180890000
110180900000
110180910000
110180920000
110180930000
110180940000
110180950000
110180960000
110180970000
110180980000
110180990000
110181000000
110181010000
110181020000
110181030000
110181040000
110181050000
110181060000
110181070000
110181080000
110181090000
110181100000
110181110000
110181120000
110181130000
110181140000
110181150000
110181160000
110181170000
110181180000
110181190000
110181200000
110181210000
110181220000
110181230000
110181240000
110181250000
110181260000
110181270000
110181280000
110181290000
110181300000
110181310000
110181320000
110181330000
110181340000
110181350000
110181360000
110181370000
110181380000
110181390000
110181400000
110190010000
110190020000
110190030000
110190040000
110190050000
110190060000
110190070000
110190080000
110190090000
110190100000
110190110000
110190120000
110190130000
110190140000
110190150000
110190160000
110190170000
110190180000
110190190000
110190200000
110190210000
110190220000
110190230000
110190240000
110190250000
110190260000
110190270000
110190280000
110190290000
110190300000
110190310000
110190320000
110190330000
110190340000
110190350000
110190360000
110190370000
110190380000
110190390000
110190400000
110190410000
110190420000
110190430000
110190440000
110190450000
110190460000
110190470000
110190480000
110190490000
110190500000
110190510000
110190520000
110190530000
110190540000
110190550000
110190560000
110190570000
110190580000
110190590000
110190600000
110190610000
110190620000
110190630000
110190640000
110190650000
110190660000
110190670000
110190680000
110190690000
110190700000
110190710000
110190720000
110190730000
110190740000
110190750000
110190790000
110190800000
110190810000
110190820000
110190830000
110190840000
110190850000
110190860000
110190870000
110190880000
110190890000
110190900000
110190910000
110190920000
110190930000
110190940000
110190950000
110190960000
110190970000
110190980000
110190990000
110191000000
110191010000
110191020000
110191030000
110191040000
110191050000
110191060000
110191070000
110191080000
110191090000
110191100000
110191110000
110191120000
110191130000
110191140000
110191150000
110191160000
110191170000
110191180000
110191190000
110191200000
110191210000
110191220000
110191230000
110191240000
110191250000
110191260000
110191270000
110191280000
110191290000
110191300000
110191310000
110191320000
110191330000
110191340000
110191350000
110191360000
110191370000
110191380000
110191390000
110191400000
110200010000
110200020000
110200030000
110200040000
110200050000
110200060000
110200070000
110200080000
110200090000
110200100000
110200110000
110200120000
110200130000
110200140000
110200150000
110200160000
110200170000
110200180000
110200190000
110200200000
110200210000
110200220000
110200230000
110200240000
110200250000
110200260000
110200270000
110200280000
110200290000
110200300000
110200310000
110200320000
110200330000
110200340000
110200350000
110200360000
110200370000
110200380000
110200390000
110200400000
110200410000
110200420000
110200430000
110200440000
110200450000
110200460000
110200470000
110200480000
110200490000
110200500000
110200510000
110200520000
110200530000
110200540000
110200550000
110200560000
110200570000
110200580000
110200590000
110200600000
110200610000
110200620000
110200630000
110200640000
110200650000
110200660000
110200670000
110200680000
110200690000
110200700000
110200710000
110200720000
110200730000
110200740000
110200750000
110200760000
110200770000
110200780000
110200790000
110200800000
110200810000
110200820000
110200830000
110200850000
110200860000
110200870000
110200880000
110200890000
110200900000
110200910000
110200920000
110200930000
110200940000
110200950000
110200960000
110200970000
110200980000
110200990000
110201000000
110201010000
110201020000
110201030000
110201040000
110201050000
110201060000
110201070000
110201080000
110201090000
110201100000
110201110000
110201120000
110201130000
110201140000
110201150000
110201160000
110201170000
110201180000
110201190000
110201200000
110201210000
110201220000
110201230000
110201240000
110201250000
110201260000
110201270000
110201280000
110201290000
110201300000
110201310000
110201320000
110201330000
110201340000
110201350000
110201360000
110201370000
110201380000
110201390000
110201400000
110201410000
110201420000
110201430000
110201440000
110201450000
110201460000
110201470000
110201480000
110201490000
110201500000
110201510000
110201520000
110201530000
110201540000
110201550000
110201560000
110201570000
110201580000
110201590000
110201600000
110201610000
110201620000
110201630000
110201640000
110201650000
110201690000
110201700000
110210010000
110210020000
110210030000
110210040000
110210050000
110210060000
110210070000
110210080000
110210090000
110210100000
110210110000
110210120000
110210130000
110210140000
110210150000
110210160000
110210170000
110210180000
110210190000
110210200000
110210210000
110210220000
110210230000
110210240000
110210250000
110210260000
110210270000
110210280000
110210290000
110210300000
110210310000
110210320000
110210330000
110210340000
110210350000
110210360000
110210370000
110210380000
110210390000
110210400000
110210410000
110210420000
110210430000
110210440000
110210450000
110210460000
110210470000
110210480000
110210490000
110210500000
110210510000
110210520000
110210530000
110210540000
110210550000
110210560000
110210570000
110210580000
110210590000
110210600000
110210610000
110210620000
110210630000
110210640000
110210650000
110210660000
110210670000
110210680000
110210690000
110210700000
110210710000
110210720000
110210730000
110210740000
110210750000
110210760000
110210770000
110210780000
110210790000
110210800000
110210810000
110210820000
110210830000
110210840000
110210850000
110210860000
110210870000
110210880000
110210890000
110210900000
110210910000
110210920000
110210930000
110210940000
110210950000
110210960000
110210970000
110210980000
110210990000
110211000000
110211010000
110211020000
110211030000
110211040000
110211050000
110211060000
110211070000
110211080000
110211090000
110211100000
110211110000
110211120000
110211130000
110211140000
110211150000
110211160000
110211170000
110211180000
110211190000
110211200000
110211210000
110211220000
110211230000
110211240000
110211250000
110211260000
110211270000
110211280000
110211290000
110211300000
110211310000
110211320000
110211330000
110211340000
110211350000
110211360000
110211370000
110211380000
110211390000
110211400000
110211410000
110211420000
110211430000
110211440000
110211450000
110211460000
110211470000
110211480000
110211490000
110211500000
110211510000
110211520000
110211530000
110211540000
110211550000
110220010000
110220020000
110220030000
110220040000
110220050000
110220060000
110220070000
110220080000
110220090000
110220100000
110220110000
110220120000
110220130000
110220140000
110220150000
110220160000
110220170000
110220180000
110220190000
110220200000
110220210000
110220220000
110220230000
110220240000
110220250000
110220260000
110220270000
110220280000
110220290000
110220300000
110220310000
110220320000
110220330000
110220340000
110220350000
110220360000
110220370000
110220380000
110220390000
110220400000
110220410000
110220420000
110220430000
110220440000
110220450000
110220460000
110220470000
110220480000
110220490000
110220500000
110220510000
110220520000
110220530000
110220540000
110220550000
110220560000
110220570000
110220580000
110220590000
110220600000
110220610000
110220620000
110220630000
110220640000
110220650000
110220660000
110220670000
110220680000
110220690000
110220700000
110220710000
110220720000
110220730000
110220740000
110220750000
110220760000
110220770000
110220780000
110220790000
110220800000
110220810000
110220820000
110220830000
110220840000
110220850000
110220860000
110220870000
110220880000
110220890000
110220900000
110220910000
110220920000
110220930000
110220940000
110220950000
110220960000
110220970000
110220980000
110220990000
110221000000
110221010000
110221020000
110221030000
110221040000
110221050000
110221060000
110221070000
110221080000
110221090000
110221100000
110221110000
110221120000
110221130000
110221140000
110221150000
110221160000
110221170000
110221180000
110221190000
110221200000
110221210000
110221220000
110221230000
110221240000
110221250000
110221260000
110221270000
110221280000
110221290000
110221300000
110221310000
110221320000
110221330000
110221340000
110221350000
110221360000
110221370000
110221380000
110221390000
110221400000
110221410000
110221420000
110221430000
110221440000
110221450000
110221460000
110221470000
110221480000
110221490000
110221500000
110221510000
110221520000
110221530000
110221540000
110221550000
110221560000
110230010000
110230020000
110230030000
110230040000
110230050000
110230060000
110230070000
110230080000
110230090000
110230100000
110230110000
110230120000
110230130000
110230140000
110230150000
110230160000
110230170000
110230180000
110230190000
110230200000
110230210000
110230220000
110230230000
110230240000
110230250000
110230260000
110230270000
110230280000
110230290000
110230300000
110230310000
110230320000
110230330000
110230340000
110230350000
110230360000
110230370000
110230380000
110230390000
110230400000
110230410000
110230420000
110230430000
110230440000
110230450000
110230460000
110230470000
110230480000
110230490000
110230500000
110230510000
110230530000
110230540000
110230550000
110230560000
110230570000
110230580000
110230590000
110230600000
110230610000
110230620000
110230630000
110230640000
110230650000
110230660000
110230670000
110230680000
110230690000
110230700000
110230710000
110230720000
110230730000
110230740000
110230750000
110230760000
110230770000
110230780000
110230790000
110230800000
110230810000
110230820000
110230830000
110230840000
110230850000
110230860000
110230870000
110230880000
110230890000
110230900000
110230910000
110230920000
110230930000
110230940000
110230950000
110230960000
110230970000
110230980000
110230990000
110231000000
110231010000
110231020000
110231030000
110231040000
110231050000
110231060000
110231070000
110231080000
110231090000
110231100000
110231110000
110231120000
110231130000
110231140000
110231150000
110231160000
110231170000
110231180000
110231190000
110231200000
110231210000
110231220000
110231230000
110231240000
110231250000
110231260000
110231270000
110231280000
110231290000
110231300000
110231310000
110231320000
110231330000
110231340000
110231350000
110231360000
110231370000
110231380000
110231390000
110231400000
110231410000
110231420000
110231430000
110231440000
110231450000
110231460000
110231470000
110231480000
110231490000
110231500000
110231510000
110231520000
110231530000
110231540000
110231550000
110231560000
110231570000
110231580000
110231590000
110231600000
110231610000
110231620000
110231630000
110231640000
110231650000
110231660000
110231670000
110231680000
110231690000
110231700000
110231710000
110231720000
110231730000
110240010000
110240020000
110240030000
110240040000
110240050000
110240060000
110240070000
110240080000
110240090000
110240100000
110240110000
110240120000
110240130000
110240140000
110240150000
110240160000
110240170000
110240180000
110240190000
110240200000
110240210000
110240220000
110240230000
110240240000
110240250000
110240260000
110240270000
110240280000
110240290000
110240300000
110240310000
110240320000
110240330000
110240340000
110240350000
110240360000
110240370000
110240380000
110240390000
110240400000
110240410000
110240420000
110240430000
110240440000
110240450000
110240460000
110240470000
110240480000
110240490000
110240500000
110240510000
110240520000
110240530000
110240540000
110240550000
110240560000
110240570000
110240580000
110240590000
110240600000
110240610000
110240620000
110240630000
110240640000
110240650000
110240660000
110240670000
110240680000
110240690000
110240700000
110240710000
110240720000
110240730000
110240740000
110240750000
110240760000
110240770000
110240780000
110240790000
110240800000
110240810000
110240820000
110240830000
110240840000
110240850000
110240860000
110240870000
110240880000
110240890000
110240900000
110240910000
110240920000
110240930000
110240940000
110240950000
110240960000
110240970000
110240980000
110240990000
110241000000
110241010000
110241020000
110241030000
110241040000
110241050000
110241060000
110241070000
110241080000
110241090000
110241100000
110241110000
110241120000
110241130000
110241140000
110241150000
110241160000
110241170000
110241180000
110241190000
110241200000
110241210000
110241220000
110241230000
110241240000
110241250000
110241260000
110241270000
110241280000
110241290000
110241300000
110241310000
110241320000
110241330000
110241340000
110241350000
110241360000
110241370000
110241380000
110241390000
110241400000
110241410000
110241420000
110241430000
110241440000
110241450000
110241460000
110241470000
110241480000
110241490000
110241500000
110241510000
110241520000
110250010000
110250020000
110250030000
110250040000
110250050000
110250060000
110250070000
110250080000
110250090000
110250100000
110250110000
110250120000
110250130000
110250140000
110250150000
110250160000
110250170000
110250180000
110250190000
110250200000
110250210000
110250220000
110250230000
110250240000
110250250000
110250260000
110250270000
110250280000
110250290000
110250300000
110250310000
110250320000
110250330000
110250340000
110250350000
110250360000
110250370000
110250380000
110250390000
110250400000
110250410000
110250420000
110250430000
110250440000
110250450000
110250460000
110250470000
110250480000
110250490000
110250500000
110250510000
110250520000
110250530000
110250540000
110250550000
110250560000
110250570000
110250580000
110250590000
110250600000
110250610000
110250620000
110250630000
110250640000
110250650000
110250660000
110250670000
110250680000
110250690000
110250700000
110250710000
110250720000
110250730000
110250740000
110250750000
110250760000
110250770000
110250780000
110250790000
110250800000
110250810000
110250820000
110250830000
110250840000
110250850000
110250860000
110250870000
110250880000
110250890000
110250900000
110250910000
110250920000
110250930000
110250940000
110250950000
110250960000
110250970000
110250980000
110250990000
110251000000
110251010000
110251020000
110251030000
110251040000
110251050000
110251060000
110251070000
110251080000
110251090000
110251100000
110251110000
110251120000
110251130000
110251140000
110251150000
110251160000
110251170000
110251180000
110251190000
110251200000
110251210000
110251220000
110251230000
110251240000
110251250000
110251260000
110251270000
110251280000
110251290000
110251300000
110251310000
110251320000
110251330000
110251340000
110251350000
110251360000
110251370000
110251380000
110251390000
110251400000
110251410000
110251420000
110251430000
110251440000
110251450000
110251460000
110251470000
110251480000
110251490000
110251500000
110251510000
110251520000
110251530000
110251540000
110251550000
110251560000
110251570000
110251580000
110251590000
110251600000
110251610000
110251620000
110251630000
110251640000
110251650000
110251660000
110251670000
110251680000
110251690000
110251700000
110251710000
110251720000
110260010000
110260020000
110260030000
110260040000
110260050000
110260060000
110260070000
110260080000
110260090000
110260100000
110260110000
110260120000
110260130000
110260140000
110260150000
110260160000
110260170000
110260180000
110260190000
110260200000
110260210000
110260220000
110260230000
110260240000
110260250000
110260260000
110260270000
110260280000
110260290000
110260300000
110260310000
110260320000
110260330000
110260340000
110260350000
110260360000
110260370000
110260380000
110260390000
110260400000
110260410000
110260420000
110260430000
110260440000
110260450000
110260460000
110260470000
110260480000
110260490000
110260500000
110260510000
110260520000
110260530000
110260540000
110260550000
110260560000
110260570000
110260580000
110260590000
110260600000
110260610000
110260620000
110260630000
110260640000
110260650000
110260660000
110260670000
110260680000
110260690000
110260700000
110260710000
110260720000
110260730000
110260740000
110260750000
110260760000
110260770000
110260780000
110260790000
110260800000
110260810000
110260820000
110260830000
110260840000
110260850000
110260860000
110260870000
110260880000
110260890000
110260900000
110260910000
110260920000
110260930000
110260940000
110260950000
110260960000
110260970000
110260980000
110260990000
110261000000
110261010000
110261020000
110261030000
110261040000
110261050000
110261060000
110261070000
110261080000
110261090000
110261100000
110261110000
110261120000
110261130000
110261140000
110261150000
110261160000
110261170000
110261180000
110261190000
110261200000
110261210000
110261220000
110261230000
110261240000
110261250000
110261260000
110261270000
110261280000
110261290000
110261300000
110261310000
110261320000
110261330000
110261340000
110261350000
110261360000
110261370000
110261380000
110261390000
110261400000
110261410000
110261420000
110261430000
110261440000
110261450000
110261460000
110261470000
110261480000
110261490000
110261500000
110261510000
110261520000
110261530000
110261540000
110261550000
110261560000
110261570000
110261580000
110261590000
110261600000
110261610000
110261620000
110261630000
110261640000
110261650000
110261660000
110261670000
110261680000
110261690000
110261700000
110261710000
110261720000
110270010000
110270020000
110270030000
110270040000
110270050000
110270060000
110270070000
110270080000
110270090000
110270100000
110270110000
110270120000
110270130000
110270140000
110270150000
110270160000
110270170000
110270180000
110270190000
110270200000
110270210000
110270220000
110270230000
110270240000
110270250000
110270260000
110270270000
110270280000
110270290000
110270300000
110270310000
110270320000
110270330000
110270340000
110270350000
110270360000
110270370000
110270380000
110270390000
110270400000
110270410000
110270420000
110270430000
110270440000
110270450000
110270460000
110270470000
110270480000
110270490000
110270500000
110270510000
110270520000
110270530000
110270540000
110270550000
110270560000
110270570000
110270580000
110270590000
110270600000
110270610000
110270620000
110270630000
110270640000
110270650000
110270660000
110270670000
110270680000
110270690000
110270700000
110270710000
110270720000
110270730000
110270740000
110270750000
110270760000
110270770000
110270780000
110270790000
110270800000
110270810000
110270820000
110270830000
110270840000
110270850000
110270860000
110270870000
110270880000
110270890000
110270900000
110270910000
110270920000
110270930000
110270940000
110270950000
110270960000
110270970000
110270980000
110270990000
110271000000
110271010000
110271020000
110271030000
110271040000
110271050000
110271060000
110271070000
110271080000
110271090000
110271100000
110271110000
110271120000
110271130000
110271140000
110271150000
110271160000
110271170000
110271180000
110271190000
110271200000
110271210000
110271220000
110271230000
110271240000
110271250000
110271260000
110271270000
110271280000
110271290000
110271300000
110271310000
110271320000
110271330000
110271340000
110271350000
110271360000
110271370000
110271380000
110271390000
110271400000
110271410000
110271420000
110271430000
110271440000
110271450000
110271460000
110271470000
110271480000
110271490000
110271500000
110271510000
110271520000
110271530000
110271540000
110271550000
110271560000
110271570000
110271580000
110271590000
110271600000
110271610000
110271620000
110271630000
110271640000
110271650000
110271660000
110271670000
110271680000
110271690000
110271700000
110271710000
110271720000
110271730000
110271740000
110271750000
110271760000
110271770000
110271780000
110271790000
110271800000
110271810000
110271820000
110271830000
110271840000
110271850000
110271860000
110271870000
110271880000
110271890000
110271900000
110271910000
110271920000
110271930000
110271940000
110271950000
110271960000
110271970000
110271980000
110271990000
110272000000
110272010000
110272020000
110272030000
110272040000
110272050000
110272060000
110272070000
110272080000
110272090000
110272100000
110272110000
110272120000
110272130000
110272140000
110280010000
110280020000
110280030000
110280040000
110280050000
110280060000
110280070000
110280080000
110280090000
110280100000
110280110000
110280120000
110280130000
110280140000
110280150000
110280160000
110280170000
110280180000
110280190000
110280200000
110280210000
110280220000
110280230000
110280240000
110280250000
110280260000
110280270000
110280280000
110280290000
110280300000
110280310000
110280320000
110280330000
110280340000
110280350000
110280360000
110280370000
110280380000
110280390000
110280400000
110280410000
110280420000
110280430000
110280440000
110280450000
110280460000
110280470000
110280480000
110280490000
110280500000
110280510000
110280520000
110280530000
110280540000
110280550000
110280560000
110280570000
110280580000
110280590000
110280600000
110280610000
110280620000
110280630000
110280640000
110280650000
110280660000
110280670000
110280680000
110280690000
110280700000
110280710000
110280720000
110280730000
110280740000
110280750000
110280760000
110280770000
110280780000
110280790000
110280800000
110280810000
110280820000
110280830000
110280840000
110280850000
110280860000
110280870000
110280880000
110280890000
110280900000
110280910000
110280920000
110280930000
110280940000
110280950000
110280960000
110280970000
110280980000
110280990000
110281000000
110281010000
110281020000
110281030000
110281040000
110281050000
110281060000
110281070000
110281080000
110281090000
110281100000
110281110000
110281120000
110281130000
110281140000
110281150000
110281160000
110281180000
110281190000
110281200000
110281210000
110281220000
110281230000
110281240000
110281250000
110281260000
110281270000
110281280000
110281290000
110281300000
110281310000
110281320000
110281330000
110281340000
110281350000
110281360000
110281370000
110281380000
110281390000
110281400000
110281410000
110281420000
110281430000
110281440000
110281450000
110281460000
110281470000
110281480000
110281490000
110281500000
110281510000
110281520000
110281530000
110281540000
110281550000
110281560000
110281570000
110281580000
110281590000
110281600000
110281610000
110281620000
110281630000
110281640000
110281650000
110281660000
110281670000
110281680000
110281690000
110281700000
110281710000
110281720000
110290010000
110290020000
110290030000
110290040000
110290050000
110290060000
110290070000
110290080000
110290090000
110290100000
110290110000
110290120000
110290130000
110290140000
110290150000
110290160000
110290170000
110290180000
110290190000
110290200000
110290210000
110290220000
110290230000
110290240000
110290250000
110290260000
110290270000
110290280000
110290290000
110290300000
110290310000
110290320000
110290330000
110290340000
110290350000
110290360000
110290380000
110290390000
110290400000
110290410000
110290420000
110290430000
110290440000
110290450000
110290460000
110290470000
110290480000
110290490000
110290500000
110290510000
110290520000
110290530000
110290540000
110290550000
110290560000
110290570000
110290580000
110290590000
110290600000
110290610000
110290620000
110290630000
110290640000
110290650000
110290660000
110290670000
110290680000
110290690000
110290700000
110290710000
110290720000
110290730000
110290740000
110290750000
110290760000
110290770000
110290780000
110290790000
110290800000
110290810000
110290820000
110290830000
110290840000
110290850000
110290860000
110290870000
110290880000
110290890000
110290900000
110290910000
110290920000
110290930000
110290940000
110290950000
110290960000
110290970000
110290980000
110290990000
110291000000
110291010000
110291020000
110291030000
110291040000
110291050000
110291060000
110291070000
110291080000
110291090000
110291100000
110291110000
110291120000
110291130000
110291140000
110291150000
110291160000
110291170000
110291180000
110291190000
110291200000
110291210000
110291220000
110291230000
110291240000
110291250000
110291260000
110291270000
110291280000
110291290000
110291300000
110291310000
110291320000
110291330000
110291340000
110291350000
110291360000
110291370000
110291380000
110291390000
110291400000
110291410000
110291420000
110291430000
110291440000
110291450000
110291460000
110291470000
110291480000
110291490000
110291500000
110291510000
110291520000
110291530000
110291540000
110291550000
110291560000
110291570000
110291580000
110291590000
110291600000
110291610000
110291620000
110291630000
110291640000
110291650000
110291660000
110291670000
110291680000
110291690000
110291700000
110291710000
110291720000
110291730000
110291740000
110291750000
110291760000
110291770000
110291780000
110291790000
110291800000
110291810000
110291820000
110291830000
110291840000
110291850000
110291860000
110291870000
110291880000
110291890000
110291900000
110291910000
110291920000
110291930000
110291940000
110291950000
110300010000
110300020000
110300030000
110300040000
110300050000
110300060000
110300070000
110300080000
110300090000
110300100000
110300110000
110300120000
110300130000
110300140000
110300150000
110300160000
110300170000
110300180000
110300190000
110300200000
110300210000
110300220000
110300230000
110300240000
110300250000
110300260000
110300270000
110300280000
110300290000
110300300000
110300310000
110300320000
110300330000
110300340000
110300350000
110300360000
110300370000
110300380000
110300390000
110300400000
110300410000
110300420000
110300430000
110300440000
110300450000
110300460000
110300470000
110300480000
110300490000
110300500000
110300510000
110300520000
110300530000
110300540000
110300550000
110300560000
110300570000
110300580000
110300590000
110300600000
110300610000
110300620000
110300630000
110300640000
110300650000
110300660000
110300670000
110300680000
110300690000
110300700000
110300710000
110300720000
110300730000
110300740000
110300750000
110300760000
110300770000
110300780000
110300790000
110300800000
110300810000
110300820000
110300830000
110300840000
110300850000
110300860000
110300870000
110300880000
110300890000
110300900000
110300910000
110300920000
110300930000
110300940000
110300950000
110300960000
110300970000
110300980000
110300990000
110301000000
110301010000
110301020000
110301030000
110301040000
110301050000
110301060000
110301070000
110301080000
110301090000
110301100000
110301110000
110301120000
110301130000
110301140000
110301150000
110301160000
110301170000
110301180000
110301190000
110301200000
110301210000
110301220000
110301230000
110301240000
110301250000
110301260000
110301270000
110301280000
110301290000
110301300000
110301310000
110301320000
110301330000
110301340000
110301350000
110301360000
110301370000
110301380000
110301390000
110301400000
110301410000
110301420000
110301430000
110301440000
110301450000
110301460000
110301470000
110301480000
110301490000
110301500000
110301510000
110301520000
110301530000
110301540000
110301550000
110301560000
110301570000
110301580000
110310010000
110310020000
110310030000
110310040000
110310050000
110310060000
110310070000
110310080000
110310090000
110310100000
110310110000
110310120000
110310130000
110310140000
110310150000
110310160000
110310170000
110310180000
110310190000
110310200000
110310210000
110310220000
110310230000
110310240000
110310250000
110310260000
110310270000
110310280000
110310290000
110310300000
110310310000
110310320000
110310330000
110310340000
110310350000
110310360000
110310370000
110310380000
110310390000
110310400000
110310410000
110310420000
110310430000
110310440000
110310450000
110310460000
110310470000
110310480000
110310490000
110310500000
110310510000
110310520000
110310530000
110310540000
110310560000
110310570000
110310580000
110310590000
110310600000
110310610000
110310620000
110310630000
110310640000
110310650000
110310660000
110310670000
110310680000
110310690000
110310700000
110310710000
110310720000
110310730000
110310740000
110310750000
110310760000
110310770000
110310780000
110310790000
110310800000
110310810000
110310820000
110310830000
110310840000
110310850000
110310860000
110310870000
110310880000
110310890000
110310900000
110310910000
110310920000
110310930000
110310940000
110310950000
110310960000
110310970000
110310980000
110310990000
110311000000
110311010000
110311020000
110311030000
110311040000
110311050000
110311060000
110311070000
110311080000
110311090000
110311100000
110311110000
110311120000
110311130000
110311140000
110311150000
110311160000
110311170000
110311180000
110311190000
110311200000
110311210000
110311220000
110311230000
110311240000
110311250000
110311260000
110311270000
110311280000
110311290000
110311300000
110311310000
110311320000
110311330000
110311340000
110311350000
110311360000
110311370000
110311380000
110311390000
110311400000
110311410000
110311420000
110311430000
110311440000
110311450000
110311460000
110311470000
110311480000
110311490000
110311500000
110311510000
110311520000
110311530000
110311540000
110311550000
110311560000
110311570000
110311580000
110311590000
110311600000
110311610000
110311620000
110311630000
110311640000
110311650000
110311660000
110311670000
110311680000
110311690000
110311700000
110311710000
110311720000
110320010000
110320020000
110320030000
110320040000
110320050000
110320060000
110320070000
110320080000
110320090000
110320100000
110320110000
110320120000
110320130000
110320140000
110320150000
110320160000
110320170000
110320180000
110320190000
110320200000
110320210000
110320220000
110320230000
110320240000
110320250000
110320260000
110320270000
110320280000
110320290000
110320300000
110320310000
110320320000
110320330000
110320340000
110320350000
110320360000
110320370000
110320380000
110320390000
110320400000
110320410000
110320420000
110320430000
110320440000
110320450000
110320460000
110320470000
110320480000
110320490000
110320500000
110320510000
110320520000
110320530000
110320540000
110320550000
110320560000
110320570000
110320580000
110320590000
110320600000
110320610000
110320620000
110320630000
110320640000
110320650000
110320660000
110320670000
110320680000
110320690000
110320700000
110320710000
110320720000
110320730000
110320740000
110320750000
110320760000
110320770000
110320780000
110320790000
110320800000
110320810000
110320820000
110320830000
110320840000
110320850000
110320860000
110320870000
110320880000
110320890000
110320900000
110320910000
110320920000
110320930000
110320940000
110320950000
110320960000
110320970000
110320980000
110320990000
110321000000
110321010000
110321020000
110321030000
110321040000
110321050000
110321060000
110321070000
110321080000
110321090000
110321100000
110321110000
110321120000
110321130000
110321140000
110321150000
110321160000
110321170000
110321180000
110321190000
110321200000
110321210000
110321220000
110321230000
110321240000
110321250000
110321260000
110321270000
110321280000
110321290000
110321300000
110321310000
110321320000
110321330000
110321340000
110321350000
110321360000
110321370000
110321380000
110321390000
110321400000
110321410000
110321420000
110321430000
110321440000
110321450000
110321460000
110321470000
110321480000
110321490000
110321500000
110321510000
110321520000
110321530000
110321540000
110321550000
110321560000
110321570000
110321580000
110321590000
110321600000
110321610000
110321620000
110321630000
110321640000
110321650000
110321660000
110321670000
110321680000
110321690000
110321700000
110321710000
110321720000
110330010000
110330020000
110330030000
110330040000
110330050000
110330060000
110330070000
110330080000
110330090000
110330100000
110330110000
110330120000
110330130000
110330140000
110330150000
110330160000
110330170000
110330180000
110330190000
110330200000
110330210000
110330220000
110330230000
110330240000
110330250000
110330260000
110330270000
110330280000
110330290000
110330300000
110330310000
110330320000
110330330000
110330340000
110330350000
110330360000
110330370000
110330380000
110330420000
110330430000
110330440000
110330450000
110330460000
110330470000
110330480000
110330490000
110330500000
110330510000
110330520000
110330530000
110330540000
110330550000
110330560000
110330570000
110330580000
110330590000
110330600000
110330610000
110330620000
110330630000
110330640000
110330650000
110330660000
110330670000
110330680000
110330690000
110330700000
110330710000
110330720000
110330730000
110330740000
110330750000
110330760000
110330770000
110330780000
110330790000
110330800000
110330810000
110330820000
110330830000
110330840000
110330850000
110330860000
110330870000
110330880000
110330890000
110330900000
110330910000
110330920000
110330930000
110330940000
110330950000
110330960000
110330970000
110330980000
110330990000
110331000000
110331010000
110331020000
110331030000
110331040000
110331050000
110331060000
110331070000
110331080000
110331090000
110331100000
110331110000
110331120000
110331130000
110331140000
110331150000
110331160000
110331170000
110331180000
110331190000
110331200000
110331210000
110331220000
110331230000
110331240000
110331250000
110331260000
110331270000
110331280000
110331290000
110331300000
110331310000
110331320000
110331330000
110331340000
110331350000
110331360000
110331370000
110331380000
110331390000
110331400000
110331410000
110331420000
110331430000
110331440000
110331450000
110331460000
110331470000
110331480000
110331490000
110331500000
110331510000
110331520000
110331530000
110331540000
110331550000
110331560000
110331570000
110331580000
110331590000
110331600000
110331610000
110331620000
110331630000
110331640000
110331650000
110331660000
110331670000
110331680000
110331690000
110331700000
110331710000
110331720000
110331730000
110331740000
110331750000
110331760000
110331770000
110331780000
110331790000
110331800000
110331810000
110331820000
110331830000
110331840000
110331850000
110331860000
110331870000
110331880000
110331890000
110331900000
110331910000
110331920000
110331930000
110331940000
110331950000
110331960000
110331970000
110331980000
110331990000
110332000000
110332010000
110332020000
110332030000
110332040000
110332050000
110332060000
110332070000
110332080000
110332090000
110332100000
110332110000
110332120000
110332130000
110332140000
110332150000
110340010000
110340020000
110340030000
110340040000
110340050000
110340060000
110340070000
110340080000
110340090000
110340100000
110340110000
110340120000
110340130000
110340140000
110340150000
110340160000
110340170000
110340180000
110340190000
110340200000
110340210000
110340220000
110340230000
110340240000
110340250000
110340260000
110340270000
110340280000
110340290000
110340300000
110340310000
110340320000
110340330000
110340340000
110340350000
110340360000
110340370000
110340380000
110340390000
110340400000
110340410000
110340420000
110340430000
110340440000
110340450000
110340460000
110340470000
110340480000
110340490000
110340500000
110340510000
110340520000
110340530000
110340540000
110340550000
110340560000
110340570000
110340580000
110340590000
110340600000
110340610000
110340620000
110340630000
110340640000
110340650000
110340660000
110340670000
110340680000
110340690000
110340700000
110340710000
110340720000
110340730000
110340740000
110340750000
110340760000
110340770000
110340780000
110340790000
110340800000
110340810000
110340820000
110340830000
110340840000
110340850000
110340860000
110340870000
110340880000
110340890000
110340900000
110340910000
110340920000
110340930000
110340940000
110340950000
110340960000
110340970000
110340980000
110340990000
110341000000
110341010000
110341020000
110341030000
110341040000
110341050000
110341060000
110341070000
110341080000
110341090000
110341100000
110341110000
110341120000
110341130000
110341140000
110341150000
110341160000
110341170000
110341180000
110341190000
110341200000
110341210000
110341220000
110341230000
110341240000
110341250000
110341260000
110341270000
110341280000
110341290000
110341300000
110341310000
110341320000
110341330000
110341340000
110341350000
110341360000
110341370000
110341380000
110341390000
110341400000
110341410000
110341420000
110341430000
110341440000
110341450000
110341460000
110341470000
110350010000
110350020000
110350030000
110350040000
110350050000
110350060000
110350070000
110350080000
110350090000
110350100000
110350110000
110350120000
110350130000
110350140000
110350150000
110350160000
110350170000
110350180000
110350190000
110350200000
110350210000
110350220000
110350230000
110350240000
110350250000
110350260000
110350270000
110350280000
110350290000
110350300000
110350310000
110350320000
110350330000
110350340000
110350350000
110350360000
110350370000
110350380000
110350390000
110350400000
110350410000
110350420000
110350430000
110350440000
110350450000
110350460000
110350470000
110350480000
110350490000
110350500000
110350510000
110350520000
110350530000
110350540000
110350550000
110350560000
110350570000
110350580000
110350590000
110350600000
110350610000
110350620000
110350630000
110350640000
110350650000
110350660000
110350670000
110350680000
110350690000
110350700000
110350710000
110350720000
110350730000
110350740000
110350750000
110350760000
110350770000
110350780000
110350790000
110350800000
110350810000
110350820000
110350830000
110350840000
110350850000
110350860000
110350870000
110350880000
110350890000
110350900000
110350910000
110350920000
110350930000
110350940000
110350950000
110350960000
110350970000
110350980000
110350990000
110351000000
110351010000
110351020000
110351030000
110351040000
110351050000
110351060000
110351070000
110351080000
110351090000
110351100000
110351110000
110351120000
110351130000
110351140000
110351150000
110351160000
110351170000
110351180000
110351190000
110351200000
110351210000
110351220000
110351230000
110351240000
110351250000
110351260000
110351270000
110351280000
110351290000
110351300000
110351310000
110351320000
110351330000
110351340000
110351350000
110351360000
110351370000
110351380000
110351390000
110351400000
110351410000
110351420000
110351430000
110351440000
110351450000
110351460000
110351470000
110351480000
110351490000
110351500000
110351510000
110351520000
110351530000
110351540000
110351550000
110351560000
110351570000
110351580000
110351590000
110351600000
110351610000
110351620000
110351630000
110351640000
110351650000
110351660000
110351670000
110351680000
110351690000
110351700000
110351710000
110351720000
110351730000
110351740000
110351750000
110351760000
110351770000
110351780000
110351790000
110351800000
110351810000
110351820000
110351830000
110351840000
110351850000
110351860000
110351870000
110351880000
110351890000
110351900000
110351910000
110351920000
110351930000
110351940000
110351950000
110351960000
110351970000
110351980000
110351990000
110352000000
110352010000
110352020000
110352030000
110352040000
110352050000
110352060000
110352070000
110352080000
110352090000
110352100000
110352110000
110352120000
110352130000
110352140000
110352150000
110352160000
110352170000
110352180000
110352190000
110352200000
110352210000
110352220000
110352230000
110352240000
110352250000
110352260000
110352270000
110352280000
110352290000
110352300000
110352310000
110352320000
110352330000
110352350000
110352360000
110352370000
110352380000
110352390000
110352400000
110352410000
110352420000
110352430000
110352440000
110352450000
110352460000
110352470000
110352480000
110352490000
110352500000
110352510000
110352520000
110352530000
110352540000
110352550000
110352560000
110352570000
110352580000
110352590000
110352600000
110352610000
110352620000
110352630000
110352640000
110352650000
110352660000
110352670000
110352680000
110352690000
110352700000
110352710000
110352720000
110352730000
110352740000
110352750000
110352760000
110360010000
110360020000
110360030000
110360040000
110360050000
110360060000
110360070000
110360080000
110360090000
110360100000
110360110000
110360120000
110360130000
110360140000
110360150000
110360160000
110360170000
110360180000
110360190000
110360200000
110360210000
110360220000
110360230000
110360240000
110360250000
110360260000
110360270000
110360280000
110360290000
110360300000
110360310000
110360320000
110360330000
110360340000
110360350000
110360360000
110360370000
110360380000
110360390000
110360400000
110360410000
110360420000
110360430000
110360440000
110360450000
110360460000
110360470000
110360480000
110360490000
110360500000
110360510000
110360520000
110360530000
110360540000
110360550000
110360560000
110360570000
110360580000
110360590000
110360600000
110360610000
110360620000
110360630000
110360640000
110360650000
110360660000
110360670000
110360680000
110360690000
110360700000
110360710000
110360720000
110360730000
110360740000
110360750000
110360760000
110360770000
110360780000
110360790000
110360800000
110360810000
110360820000
110360830000
110360840000
110360850000
110360860000
110360870000
110360880000
110360890000
110360900000
110360910000
110360920000
110360930000
110360940000
110360950000
110360960000
110360970000
110360980000
110360990000
110361000000
110361010000
110361020000
110361030000
110361040000
110361050000
110361060000
110361070000
110361080000
110361090000
110361100000
110361110000
110361120000
110361130000
110361140000
110361150000
110361160000
110361170000
110361180000
110361190000
110361200000
110361210000
110361220000
110361230000
110361240000
110361250000
110361260000
110361270000
110361280000
110361290000
110361300000
110361310000
110361320000
110361330000
110361340000
110361350000
110361360000
110361370000
110361380000
110361390000
110361400000
110361410000
110361420000
110361430000
110361440000
110361450000
110361460000
110361470000
110361480000
110361490000
110361500000
110361510000
110361520000
110361530000
110361540000
110361550000
110361560000
110361570000
110361580000
110361590000
110361600000
110361610000
110361620000
110361630000
110361640000
110361650000
110361660000
110361670000
110361680000
110361690000
110361700000
110361710000
110361720000
110361730000
110361740000
110361750000
110361760000
110361770000
110361780000
110361790000
110361800000
110361810000
110361820000
110361830000
110361840000
110361850000
110361860000
110361870000
110361880000
110361890000
110361900000
110361910000
110361920000
110361930000
110361940000
110361950000
110361960000
110361970000
110361980000
110361990000
110362000000
110362010000
110362020000
110362030000
110362040000
110362050000
110362060000
110362070000
110362080000
110362090000
110362100000
110362110000
110362120000
110362130000
110362140000
110362150000
110362160000
110362170000
110362180000
110362190000
110362200000
110362220000
110362240000
110362250000
110362260000
110362270000
110362280000
110362290000
110362300000
110362310000
110362320000
110362330000
110362340000
110362350000
110362360000
110362370000
110362390000
110362400000
110370010000
110370020000
110370030000
110370040000
110370050000
110370060000
110370070000
110370080000
110370090000
110370100000
110370110000
110370120000
110370130000
110370140000
110370160000
110370170000
110370180000
110370190000
110370200000
110370210000
110370220000
110370230000
110370240000
110370250000
110370260000
110370270000
110370290000
110370300000
110370310000
110370320000
110370330000
110370340000
110370350000
110370360000
110370370000
110370380000
110370390000
110370400000
110370410000
110370420000
110370430000
110370440000
110370450000
110370460000
110370470000
110370480000
110370490000
110370500000
110370510000
110370520000
110370530000
110370540000
110370550000
110370560000
110370570000
110370580000
110370590000
110370600000
110370610000
110370620000
110370630000
110370640000
110370650000
110370660000
110370670000
110370680000
110370690000
110370700000
110370710000
110370720000
110370730000
110370740000
110370750000
110370760000
110370770000
110370780000
110370790000
110370800000
110370810000
110370820000
110370830000
110370840000
110370850000
110370860000
110370870000
110370880000
110370890000
110370900000
110370910000
110370920000
110370930000
110370940000
110370950000
110370960000
110370970000
110370980000
110370990000
110371000000
110371010000
110371020000
110371030000
110371040000
110371050000
110371060000
110371070000
110371080000
110371090000
110371100000
110371110000
110371120000
110371130000
110371140000
110371150000
110371160000
110371170000
110371180000
110371190000
110371200000
110371210000
110371220000
110371230000
110371240000
110371250000
110371260000
110371270000
110371280000
110371290000
110371300000
110371310000
110371320000
110371330000
110371340000
110371350000
110371360000
110371370000
110371380000
110371390000
110371400000
110371410000
110371420000
110371430000
110371440000
110371450000
110371460000
110371470000
110371480000
110371490000
110371500000
110371510000
110371520000
110371530000
110371540000
110371550000
110371560000
110371570000
110371580000
110371590000
110371600000
110371610000
110371620000
110371630000
110371640000
110371650000
110371660000
110371670000
110371680000
110371690000
110371700000
110371710000
110371720000
110371730000
110371740000
110371750000
110371760000
110371770000
110371780000
110371790000
110371800000
110371810000
110371820000
110371830000
110371840000
110371850000
110371860000
110371870000
110371880000
110371890000
110371900000
110371910000
110371920000
110371930000
110371940000
110371950000
110371960000
110371970000
110371980000
110371990000
110372000000
110372010000
110372020000
110372030000
110372040000
110372050000
110372060000
110372070000
110372080000
110372090000
110372100000
110372110000
110372120000
110372130000
110372140000
110372150000
110372160000
110372170000
110372180000
110372190000
110372200000
110372210000
110372220000
110372230000
110372240000
110372250000
110372260000
110372270000
110372280000
110372290000
110372300000
110372310000
110372320000
110372330000
110372340000
110372350000
110372360000
110372370000
110372380000
110372390000
110372400000
110380010000
110380020000
110380030000
110380040000
110380050000
110380060000
110380070000
110380080000
110380090000
110380100000
110380110000
110380120000
110380130000
110380140000
110380150000
110380160000
110380170000
110380180000
110380190000
110380200000
110380210000
110380220000
110380230000
110380240000
110380250000
110380260000
110380270000
110380280000
110380290000
110380300000
110380310000
110380320000
110380330000
110380340000
110380350000
110380360000
110380370000
110380380000
110380390000
110380400000
110380410000
110380420000
110380430000
110380440000
110380450000
110380460000
110380470000
110380480000
110380490000
110380500000
110380510000
110380520000
110380530000
110380540000
110380550000
110380560000
110380570000
110380580000
110380590000
110380600000
110380610000
110380620000
110380630000
110380640000
110380650000
110380660000
110380670000
110380680000
110380690000
110380700000
110380710000
110380720000
110380730000
110380740000
110380750000
110380760000
110380770000
110380780000
110380790000
110380800000
110380810000
110380820000
110380830000
110380840000
110380850000
110380860000
110380870000
110380880000
110380890000
110380900000
110380910000
110380920000
110380930000
110380940000
110380950000
110380960000
110380970000
110380980000
110380990000
110381000000
110381010000
110381020000
110381030000
110381040000
110381050000
110381060000
110381070000
110381080000
110381090000
110381100000
110381110000
110381120000
110381130000
110381140000
110381150000
110381160000
110381170000
110381180000
110381190000
110381200000
110381210000
110381220000
110381230000
110381240000
110381250000
110381260000
110381270000
110381280000
110381290000
110381300000
110381310000
110381320000
110381330000
110381340000
110381350000
110381360000
110381370000
110381380000
110381390000
110381400000
110381410000
110381420000
110381430000
110381440000
110381450000
110381460000
110381470000
110381480000
110381490000
110381500000
110381510000
110381520000
110381530000
110381540000
110381550000
110381560000
110381570000
110381580000
110381590000
110381600000
110381610000
110381620000
110381630000
110381640000
110381650000
110381660000
110381670000
110381680000
110381690000
110381700000
110381710000
110381720000
110381730000
110381740000
110381750000
110381760000
110381770000
110381780000
110381790000
110381800000
110381810000
110381820000
110381830000
110381840000
110381850000
110381860000
110381870000
110381880000
110381890000
110381900000
110381910000
110381920000
110381930000
110381940000
110381950000
110381960000
110381970000
110381980000
110381990000
110382000000
110382010000
110382020000
110382030000
110382040000
110382050000
110382060000
110382070000
110390010000
110390020000
110390030000
110390040000
110390050000
110390060000
110390070000
110390080000
110390090000
110390100000
110390110000
110390120000
110390130000
110390140000
110390150000
110390160000
110390170000
110390180000
110390190000
110390200000
110390210000
110390220000
110390230000
110390240000
110390250000
110390260000
110390270000
110390280000
110390290000
110390300000
110390310000
110390320000
110390330000
110390340000
110390350000
110390360000
110390370000
110390380000
110390390000
110390400000
110390410000
110390420000
110390430000
110390440000
110390450000
110390460000
110390470000
110390480000
110390490000
110390500000
110390510000
110390520000
110390530000
110390540000
110390550000
110390560000
110390570000
110390580000
110390590000
110390600000
110390610000
110390620000
110390630000
110390640000
110390650000
110390660000
110390670000
110390680000
110390690000
110390700000
110390710000
110390720000
110390730000
110390740000
110390750000
110390760000
110390770000
110390780000
110390790000
110390800000
110390810000
110390820000
110390830000
110390840000
110390860000
110390880000
110390890000
110390900000
110390910000
110390920000
110390930000
110390940000
110390950000
110390960000
110390970000
110390980000
110390990000
110391000000
110391010000
110391020000
110391030000
110391040000
110391050000
110391060000
110391070000
110391080000
110391090000
110391100000
110391110000
110391120000
110391130000
110391140000
110391150000
110391160000
110391170000
110391180000
110391190000
110391200000
110391210000
110391220000
110391230000
110391240000
110391250000
110391260000
110391270000
110391280000
110391290000
110391300000
110391310000
110391320000
110391330000
110391340000
110391350000
110391360000
110391370000
110391380000
110391390000
110391400000
110391410000
110391420000
110391430000
110391440000
110391450000
110391460000
110391470000
110391480000
110391490000
110391500000
110391510000
110391520000
110391530000
110391540000
110391550000
110391560000
110391570000
110391580000
110391590000
110391600000
110391610000
110391620000
110391630000
110391640000
110391650000
110391660000
110391670000
110391680000
110391690000
110391700000
110391710000
110391720000
110391730000
110391740000
110391750000
110391760000
110391770000
110391780000
110391790000
110391800000
110391810000
110391820000
110391830000
110391840000
110391850000
110391860000
110391870000
110391880000
110391890000
110391900000
110391910000
110391920000
110391930000
110391940000
110391950000
110391960000
110391970000
110391980000
110391990000
110392000000
110392010000
110392020000
110392030000
110392040000
110392050000
110392060000
110392070000
110392080000
110392090000
110392100000
110392110000
110392120000
110392130000
110392140000
110392150000
110392160000
110392170000
110392180000
110392190000
110392200000
110392210000
110392220000
110392230000
110392240000
110392250000
110392260000
110392270000
110392280000
110392290000
110392300000
110392310000
110392320000
110392330000
110392340000
110392350000
110392360000
110392370000
110392380000
110392390000
110392400000
110392410000
110392420000
110392430000
110392440000
110392450000
110392460000
110392470000
110392480000
110392490000
110392500000
110392510000
110392520000
110392530000
110392540000
110392550000
110392560000
110392570000
110392580000
110392590000
110392600000
110392610000
110392620000
110392630000
110392640000
110392650000
110392660000
110392670000
110392680000
110392690000
110392700000
110392710000
110392720000
110392730000
110392740000
110392750000
110392760000
110392770000
110392780000
110392790000
110392800000
110392810000
110400010000
110400020000
110400030000
110400040000
110400050000
110400060000
110400070000
110400080000
110400090000
110400100000
110400110000
110400120000
110400130000
110400140000
110400150000
110400160000
110400170000
110400180000
110400190000
110400200000
110400210000
110400220000
110400230000
110400240000
110400250000
110400260000
110400270000
110400280000
110400290000
110400300000
110400310000
110400320000
110400330000
110400340000
110400350000
110400370000
110400380000
110400390000
110400400000
110400410000
110400420000
110400430000
110400440000
110400450000
110400460000
110400470000
110400480000
110400490000
110400500000
110400510000
110400520000
110400530000
110400540000
110400550000
110400560000
110400570000
110400580000
110400590000
110400600000
110400610000
110400620000
110400630000
110400640000
110400650000
110400660000
110400670000
110400680000
110400690000
110400700000
110400710000
110400720000
110400730000
110400740000
110400750000
110400760000
110400770000
110400780000
110400790000
110400800000
110400810000
110400820000
110400830000
110400840000
110400850000
110400860000
110400870000
110400880000
110400890000
110400900000
110400910000
110400920000
110400930000
110400940000
110400950000
110400960000
110400970000
110400980000
110400990000
110401000000
110401010000
110401020000
110401030000
110401040000
110401050000
110401060000
110401070000
110401080000
110401090000
110401100000
110401110000
110401120000
110401130000
110401140000
110401150000
110401160000
110401170000
110401180000
110401190000
110401200000
110401210000
110401220000
110401230000
110401240000
110401250000
110401260000
110401270000
110401280000
110401290000
110401300000
110401310000
110401320000
110401330000
110401340000
110401350000
110401360000
110401370000
110401380000
110401390000
110401400000
110401410000
110401420000
110401430000
110401440000
110401450000
110401460000
110401470000
110401480000
110401490000
110401500000
110401510000
110401520000
110401530000
110401540000
110401550000
110401560000
110401570000
110401580000
110401590000
110401600000
110401610000
110401620000
110401630000
110401640000
110401650000
110401660000
110401670000
110401680000
110401690000
110401700000
110401710000
110401720000
110401730000
110401740000
110401750000
110401760000
110401770000
110401780000
110401790000
110401800000
110401810000
110401820000
110401830000
110401840000
110401850000
110401860000
110401870000
110401880000
110401890000
110401900000
110401910000
110401920000
110401930000
110401940000
110401950000
110401960000
110401970000
110401980000
110401990000
110402000000
110402010000
110402020000
110402030000
110402040000
110402050000
110402060000
110402070000
110402080000
110402090000
110402100000
110402110000
110402120000
110402130000
110402140000
110402150000
110402160000
110402170000
110402180000
110402190000
110402200000
110402210000
110402220000
110402230000
110402240000
110402250000
110402260000
110402270000
110402280000
110402290000
110402300000
110402310000
110402320000
110402330000
110402340000
110402350000
110402360000
110402370000
110402380000
110402390000
110402400000
110410010000
110410020000
110410040000
110410050000
110410060000
110410070000
110410080000
110410090000
110410100000
110410110000
110410120000
110410130000
110410140000
110410150000
110410160000
110410170000
110410180000
110410190000
110410200000
110410210000
110410220000
110410230000
110410240000
110410250000
110410260000
110410270000
110410280000
110410290000
110410300000
110410310000
110410320000
110410330000
110410340000
110410350000
110410360000
110410370000
110410380000
110410390000
110410400000
110410410000
110410420000
110410430000
110410440000
110410450000
110410460000
110410470000
110410480000
110410490000
110410500000
110410510000
110410520000
110410530000
110410540000
110410550000
110410560000
110410570000
110410580000
110410590000
110410600000
110410610000
110410620000
110410630000
110410640000
110410650000
110410660000
110410670000
110410680000
110410690000
110410700000
110410710000
110410720000
110410730000
110410740000
110410750000
110410760000
110410770000
110410780000
110410790000
110410800000
110410810000
110410820000
110410830000
110410840000
110410850000
110410860000
110410870000
110410880000
110410890000
110410900000
110410910000
110410920000
110410930000
110410940000
110410950000
110410960000
110410980000
110410990000
110411000000
110411010000
110411020000
110411030000
110411040000
110411050000
110411060000
110411070000
110411080000
110411090000
110411100000
110411110000
110411120000
110411130000
110411140000
110411150000
110411160000
110411170000
110411180000
110411190000
110411200000
110411210000
110411220000
110411230000
110411240000
110411250000
110411260000
110411270000
110411280000
110411290000
110411300000
110411310000
110411320000
110411330000
110411340000
110411350000
110411360000
110411370000
110411380000
110411390000
110411400000
110411410000
110411420000
110411430000
110411440000
110411450000
110411460000
110411470000
110411480000
110411490000
110411500000
110411510000
110411520000
110411530000
110411540000
110411550000
110411560000
110411570000
110411580000
110411590000
110411600000
110411610000
110411620000
110411630000
110411640000
110411650000
110411660000
110411670000
110411680000
110411690000
110411700000
110411710000
110411720000
110411730000
110411740000
110411750000
110411760000
110411770000
110411780000
110411790000
110411800000
110411810000
110411820000
110411830000
110411840000
110411850000
110411860000
110411870000
110411880000
110411890000
110411900000
110411910000
110411920000
110411930000
110411940000
110411950000
110411960000
110411970000
110411980000
110411990000
110412000000
110412010000
110412020000
110412030000
110412040000
110412050000
110412060000
110412070000
110412080000
110412090000
110412100000
110412110000
110412120000
110412130000
110412140000
110412150000
110412160000
110412170000
110412180000
110412190000
110412200000
110412210000
110412220000
110412230000
110412240000
110412250000
110412260000
110412270000
110412280000
110412290000
110412300000
110412310000
110412320000
110412330000
110412340000
110412350000
110412360000
110412370000
110412380000
110412390000
110412400000
110420010000
110420020000
110420030000
110420040000
110420050000
110420060000
110420070000
110420080000
110420090000
110420100000
110420110000
110420120000
110420130000
110420140000
110420150000
110420160000
110420170000
110420180000
110420190000
110420200000
110420210000
110420220000
110420230000
110420240000
110420250000
110420260000
110420270000
110420280000
110420290000
110420300000
110420310000
110420320000
110420330000
110420340000
110420350000
110420360000
110420370000
110420380000
110420390000
110420400000
110420410000
110420420000
110420430000
110420440000
110420450000
110420460000
110420470000
110420480000
110420490000
110420500000
110420510000
110420520000
110420530000
110420540000
110420550000
110420560000
110420570000
110420580000
110420590000
110420600000
110420610000
110420620000
110420630000
110420640000
110420650000
110420660000
110420670000
110420680000
110420690000
110420700000
110420710000
110420720000
110420730000
110420740000
110420750000
110420760000
110420770000
110420780000
110420790000
110420800000
110420810000
110420820000
110420830000
110420840000
110420850000
110420860000
110420870000
110420880000
110420890000
110420900000
110420910000
110420920000
110420930000
110420940000
110420950000
110420960000
110420970000
110420980000
110420990000
110421000000
110421010000
110421020000
110421030000
110421040000
110421050000
110421060000
110421070000
110421080000
110421090000
110421100000
110421110000
110421120000
110421130000
110421140000
110421150000
110421160000
110421170000
110421180000
110421190000
110421200000
110421210000
110421220000
110421230000
110421240000
110421250000
110421260000
110421270000
110421280000
110421290000
110421300000
110421310000
110421320000
110421330000
110421340000
110421350000
110421360000
110421370000
110421380000
110421390000
110421400000
110421410000
110421420000
110421430000
110421440000
110421450000
110421460000
110421470000
110421480000
110421490000
110421500000
110421510000
110421520000
110421530000
110421540000
110421550000
110421560000
110421570000
110421580000
110421590000
110421600000
110421610000
110421620000
110421630000
110421640000
110421650000
110421660000
110421670000
110421680000
110421690000
110421700000
110421710000
110421720000
110421730000
110421740000
110421750000
110421760000
110421770000
110421780000
110421790000
110421800000
110421810000
110421820000
110421830000
110421840000
110421850000
110421860000
110421870000
110421880000
110421890000
110421900000
110421910000
110421920000
110421930000
110421940000
110421950000
110421960000
110421970000
110421980000
110421990000
110422000000
110422010000
110422020000
110422030000
110422040000
110422050000
110422060000
110422070000
110422080000
110422090000
110422100000
110422110000
110422120000
110422130000
110422140000
110422150000
110422160000
110422170000
110422180000
110422190000
110422200000
110422210000
110422220000
110422230000
110422240000
110422250000
110422260000
110422270000
110422280000
110422290000
110422300000
110422310000
110422320000
110422330000
110422340000
110422350000
110422360000
110422370000
110422380000
110422390000
110422400000
110422410000
110422420000
110422430000
110422440000
110422450000
110422460000
110422470000
110422480000
110422490000
110422500000
110422510000
110422520000
110422530000
110422540000
110422550000
110422560000
110422570000
110422580000
110422590000
110422600000
110422610000
110422620000
110422630000
110422640000
110422650000
110422660000
110422670000
110422680000
110422690000
110422700000
110422710000
110422720000
110422730000
110422740000
110422750000
110430010000
110430020000
110430030000
110430790000
110430800000
110430810000
110430820000
110430830000
110430840000
110430850000
110430860000
110430870000
110430880000
110430890000
110430900000
110430910000
110430920000
110430930000
110430940000
110430950000
110430960000
110430970000
110430980000
110430990000
110431000000
110431010000
110431020000
110431030000
110431040000
110431050000
110431060000
110431070000
110431080000
110431090000
110431100000
110431110000
110440010000
110440020000
110440030000
110440040000
110440050000
110440060000
110440070000
110440080000
110440090000
110440100000
110440110000
110440120000
110440130000
110440140000
110440150000
110440160000
110440170000
110440180000
110440190000
110440200000
110440210000
110440220000
110440230000
110440240000
110440250000
110440260000
110440270000
110440280000
110440290000
110440300000
110440310000
110440320000
110440330000
110440340000
110440350000
110440360000
110440370000
110440380000
110440390000
110440400000
110440410000
110440420000
110440430000
110440440000
110440450000
110440460000
110440470000
110440480000
110440490000
110440500000
110440510000
110440520000
110440530000
110440540000
110440550000
110440560000
110440570000
110440580000
110440590000
110440600000
110440610000
110440620000
110440630000
110440640000
110440650000
110440660000
110440670000
110440680000
110440690000
110440700000
110440710000
110440720000
110440730000
110440740000
110440750000
110440760000
110440770000
110440780000
110440790000
110440800000
110440810000
110440820000
110440830000
110440840000
110440850000
110440860000
110440870000
110440880000
110440890000
110440900000
110440910000
110440920000
110440930000
110440940000
110440950000
110440960000
110440970000
110440980000
110440990000
110441000000
110441010000
110441020000
110441030000
110441040000
110441050000
110441060000
110441070000
110441080000
110441090000
110441100000
110441110000
110441120000
110441130000
110441140000
110441150000
110441160000
110441170000
110441180000
110441190000
110441200000
110441210000
110441220000
110441230000
110441240000
110441250000
110441260000
110441270000
110441280000
110441290000
110441300000
110441310000
110441320000
110441330000
110441340000
110441350000
110441360000
110441370000
110441380000
110441390000
110441400000
110441410000
110441420000
110441430000
110441440000
110441450000
110441460000
110441470000
110441480000
110441490000
110441500000
110441510000
110441520000
110441530000
110441540000
110441550000
110441560000
110441570000
110441580000
110441590000
110441600000
110441610000
110441620000
110450010000
110450020000
110450030000
110450040000
110450050000
110450060000
110450070000
110450080000
110450090000
110450100000
110450110000
110450120000
110450130000
110450140000
110450150000
110450160000
110450170000
110450180000
110450190000
110450200000
110450210000
110450220000
110450230000
110450240000
110450250000
110450260000
110450270000
110450280000
110450290000
110450300000
110450310000
110450320000
110450330000
110450340000
110450350000
110450360000
110450370000
110450380000
110450390000
110450400000
110450410000
110450420000
110450430000
110450440000
110450450000
110450460000
110450470000
110450480000
110450490000
110450500000
110450510000
110450520000
110450530000
110450540000
110450550000
110450560000
110450570000
110450580000
110450590000
110450600000
110450610000
110450620000
110450630000
110450640000
110450650000
110450660000
110450670000
110450680000
110450690000
110450700000
110450710000
110450720000
110450730000
110450740000
110450750000
110450760000
110450770000
110450780000
110450790000
110450800000
110450810000
110450820000
110450830000
110450840000
110450850000
110450860000
110450870000
110450880000
110450890000
110450900000
110450910000
110450920000
110450930000
110450940000
110450950000
110450960000
110450970000
110450980000
110450990000
110451000000
110451010000
110451020000
110451030000
110451040000
110451050000
110451060000
110451070000
110451080000
110451090000
110451100000
110451110000
110451120000
110451130000
110451150000
110451160000
110451170000
110451180000
110451190000
110451200000
110451210000
110451220000
110451230000
110451240000
110451250000
110451260000
110451270000
110451280000
110451290000
110451300000
110451310000
110451320000
110451330000
110451340000
110451350000
110451360000
110451370000
110451380000
110451390000
110451400000
110451410000
110451420000
110451430000
110451440000
110451450000
110451460000
110451470000
110451480000
110451490000
110451500000
110451510000
110451520000
110451530000
110451540000
110451550000
110451560000
110451570000
110460010000
110460020000
110461150000
110461160000
110461170000
110461180000
110461190000
110461200000
110461210000
110461220000
110461230000
110461240000
110461250000
110461260000
110461270000
110461280000
110461290000
110461300000
110461310000
110461320000
110461330000
110461340000
110461350000
110461360000
110461370000
110461380000
110461390000
110461400000
110461410000
110461420000
110461430000
110461440000
110461450000
110461460000
110461470000
110461480000
110461490000
110461500000
110461510000
110461520000
110461530000
110461540000
110461550000
110461560000
110461570000
110461580000
110461590000
110461600000
110461610000
110461620000
110461630000
110470010000
110470020000
110470030000
110470040000
110470050000
110470060000
110470070000
110470080000
110470090000
110470100000
110470110000
110470120000
110470130000
110470140000
110470150000
110470160000
110480010000
110480020000
110480030000
110480040000
110480050000
110480060000
110480070000
110480080000
110480090000
110480100000
110480110000
110480120000
110480130000
110480140000
110480150000
110480160000
110480170000
110480180000
110490010000
110490020000
110490030000
110490040000
110490050000
110490060000
110490070000
110490080000
110490090000
110490100000
110490110000
110490120000
110490130000
110490140000
110490150000
110490160000
110490170000
110490180000
110490190000
110490200000
110490210000
110490220000
110500010000
110500020000
110500030000
110500040000
110500050000
110500060000
110500070000
110500080000
110500090000
110500100000
110500110000
110500120000
110500130000
110500140000
110500150000
110500160000
110500170000
110500180000
110500190000
110500200000
110500210000
110500220000
110500230000
110500240000
110510010000
110510020000
110510030000
110510040000
110510050000
110510060000
110510070000
110510080000
110510090000
110510100000
110510110000
110510120000
110510130000
110510140000
110510150000
110510160000
110510170000
110510990000
110511000000
110511010000
110511480000
110511490000
110511500000
110511510000
110511520000
110511530000
110511540000
110511550000
110511560000
110511570000
110511580000
110511590000
110511600000
110511610000
110511620000
110511630000
110511640000
110511650000
110511660000
110511670000
110511680000
110511690000
110511700000
110511710000
110511720000
110511730000
110511740000
110511750000
110511760000
110511770000
110511780000
110511790000
110511800000
110511810000
110511820000
110511830000
110511840000
110511850000
110511860000
110511870000
110511880000
110511890000
110511900000
110511910000
110511920000
110511930000
110511940000
110511950000
110511960000
110511970000
110520010000
110520020000
110520030000
110520040000
110520050000
110520060000
110520070000
110520080000
110520090000
110520100000
110520110000
110520120000
110520130000
110520140000
110520150000
110520160000
110520170000
110520180000
110520190000
110520200000
110520210000
110520220000
110520230000
110520240000
110520250000
110520260000
110520270000
110520280000
110520290000
110520300000
110520310000
110520320000
110520330000
110520340000
110520350000
110520360000
110520370000
110520380000
110520390000
110520400000
110520410000
110520420000
110520430000
110520440000
110520450000
110520460000
110520470000
110520480000
110520490000
110520500000
110520510000
110520520000
110520530000
110520540000
110520550000
110520560000
110520570000
110520580000
110520590000
110520600000
110520610000
110520620000
110520630000
110520640000
110520650000
110520660000
110520670000
110520680000
110520690000
110520700000
110520710000
110520720000
110520730000
110520740000
110520750000
110520760000
110520770000
110520780000
110520790000
110520800000
110520810000
110520820000
110520830000
110520840000
110520850000
110520860000
110520870000
110520880000
110520890000
110520900000
110520910000
110520920000
110520930000
110520940000
110520950000
110520960000
110520970000
110520980000
110520990000
110521000000
110521010000
110521020000
110521030000
110521040000
110521050000
110521060000
110521070000
110521080000
110521090000
110521100000
110521110000
110521120000
110521130000
110521140000
110521150000
110521160000
110521170000
110521180000
110521190000
110521200000
110521210000
110521220000
110521230000
110521240000
110521250000
110521260000
110521270000
110521280000
110521290000
110521300000
110521310000
110521320000
110521330000
110521340000
110521350000
110521360000
110521370000
110521380000
110521390000
110521400000
110521410000
110521420000
110521430000
110530010000
110530020000
110530030000
110530040000
110530050000
110530060000
110530070000
110530080000
110530090000
110530100000
110530110000
110530120000
110530130000
110530140000
110530150000
110530160000
110530170000
110530180000
110530190000
110530200000
110530210000
110530220000
110530230000
110530240000
110530250000
110530260000
110530270000
110530280000
110530290000
110530300000
110530310000
110530320000
110530330000
110530340000
110530350000
110530360000
110530370000
110530380000
110530390000
110530400000
110530410000
110530420000
110530430000
110530440000
110530450000
110530460000
110530470000
110530480000
110530490000
110530500000
110530510000
110530520000
110530530000
110530540000
110530550000
110530560000
110530570000
110530580000
110530590000
110530600000
110530610000
110530620000
110530630000
110530640000
110530650000
110530660000
110530670000
110530680000
110530690000
110530700000
110530710000
110530720000
110530730000
110530740000
110530750000
110530760000
110530770000
110530780000
110530790000
110530800000
110530810000
110530820000
110530830000
110530840000
110530850000
110530860000
110530870000
110530880000
110530890000
110530900000
110530910000
110530920000
110530930000
110530940000
110530950000
110530960000
110530970000
110540010000
110540020000
110540030000
110540040000
110540050000
110540060000
110540070000
110540080000
110540090000
110540100000
110540110000
110540120000
110550010000
110550020000
110550030000
110550040000
110550050000
110550060000
110550070000
110550080000
110550090000
110550100000
110550110000
110550120000
110550130000
110550140000
110550150000
110550160000
110560010000
110560020000
110560030000
110560040000
110560050000
110560060000
110560070000
110560080000
110560090000
110560100000
110560110000
110560120000
110560130000
110560140000
110560150000
110560160000
110560170000
110560180000
110560190000
110560200000
110560210000
110560220000
110560230000
110560240000
110560250000
110560760000
110560770000
110560780000
110560970000
110560980000
110560990000
110561000000
110561010000
110561020000
110561030000
110561040000
110561050000
110561060000
110561070000
110561080000
110561090000
110561100000
110561110000
110561120000
110561130000
110561140000
110561150000
110561160000
110561170000
110561180000
110561190000
110561200000
110561210000
110561220000
110561230000
110561240000
110561250000
110561260000
110561270000
110561280000
110561290000
110561300000
110561310000
110561320000
110561330000
110561340000
110561350000
110561360000
110561370000
110561380000
110561390000
110561400000
110561410000
110561420000
110561430000
110561440000
110570010000
110570020000
110570030000
110570040000
110570050000
110570060000
110570070000
110570080000
110570090000
110570100000
110570110000
110570120000
110570130000
110570140000
110570150000
110570160000
110570170000
110570180000
110570190000
110570200000
110570210000
110570220000
110570230000
110570240000
110570250000
110570260000
110570270000
110570280000
110570290000
110570300000
110570310000
110570320000
110570330000
110570340000
110570350000
110570360000
110570370000
110570380000
110570390000
110570400000
110570410000
110570420000
110570430000
110570440000
110570450000
110570460000
110570470000
110570480000
110570490000
110570500000
110570510000
110570520000
110570530000
110570540000
110570550000
110570560000
110570570000
110570580000
110570590000
110570600000
110570610000
110570620000
110570630000
110570640000
110570650000
110570660000
110570670000
110570680000
110570690000
110570700000
110570710000
110570720000
110570730000
110570740000
110570750000
110570760000
110570770000
110570780000
110570790000
110570800000
110570810000
110570830000
110570840000
110570850000
110570860000
110570870000
110570880000
110570890000
110570900000
110570910000
110570920000
110570930000
110580010000
110580020000
110580030000
110580040000
110580050000
110580060000
110580070000
110580080000
110580090000
110580100000
110580110000
110580120000
110580130000
110580140000
110580150000
110580160000
110580170000
110580180000
110580190000
110580200000
110580210000
110580220000
110580230000
110580240000
110580250000
110580260000
110580270000
110580280000
110580290000
110580300000
110580310000
110580320000
110580330000
110580340000
110580350000
110580360000
110580370000
110580380000
110580390000
110580400000
110580410000
110580420000
110580430000
110580440000
110580450000
110580460000
110580470000
110580480000
110580490000
110580500000
110580510000
110580520000
110580530000
110580540000
110580550000
110580560000
110580570000
110580580000
110580610000
110580620000
110580630000
110580640000
110580650000
110580660000
110580670000
110580680000
110580690000
110580700000
110580710000
110580720000
110580730000
110580740000
110580750000
110580760000
110580770000
110580780000
110580790000
110580800000
110580810000
110580820000
110580830000
110580840000
110580850000
110580860000
110580870000
110580880000
110580890000
110580900000
110580910000
110580920000
110580930000
110580940000
110580950000
110580960000
110580970000
110580980000
110590010000
110590020000
110590030000
110590040000
110590050000
110590060000
110590070000
110590080000
110590090000
110590100000
110590110000
110590120000
110590130000
110590140000
110590150000
110590160000
110590170000
110590180000
110590190000
110590200000
110590210000
110590220000
110590230000
110590240000
110590250000
110590260000
110590270000
110590280000
110590290000
110590300000
110590310000
110590320000
110590330000
110590340000
110590350000
110590360000
110590370000
110590380000
110590390000
110590400000
110590410000
110590420000
110590430000
110590440000
110590450000
110590460000
110590470000
110590480000
110590490000
110590500000
110590510000
110590520000
110590530000
110590540000
110590550000
110590560000
110590570000
110590580000
110590590000
110590600000
110590610000
110590620000
110590630000
110590640000
110590650000
110590660000
110590670000
110590680000
110590690000
110590700000
110590710000
110590720000
110590730000
110590740000
110590750000
110590760000
110590770000
110590780000
110590790000
110590800000
110590810000
110600010000
110600020000
110600050000
110600060000
110600070000
110600080000
110600090000
110600100000
110600110000
110600120000
110600130000
110600140000
110600150000
110600160000
110600170000
110600180000
110600190000
110600200000
110600210000
110600220000
110600230000
110600240000
110600250000
110600260000
110600270000
110600280000
110600290000
110600300000
110600310000
110600320000
110600330000
110600340000
110600350000
110600360000
110600370000
110600380000
110600390000
110600400000
110600410000
110600420000
110600430000
110600440000
110600450000
110600460000
110600470000
110600480000
110600490000
110600500000
110600510000
110600520000
110600530000
110600540000
110600550000
110600560000
110600570000
110600580000
110600590000
110600600000
110600610000
110600620000
110600630000
110600640000
110600650000
110600660000
110600670000
110600680000
110600690000
110600700000
110600710000
110600720000
110600730000
110600740000
110600750000
110600760000
110600770000
110600780000
110600790000
110600800000
110600810000
110600820000
110600830000
110600840000
110600850000
110600860000
110600870000
110610010000
110610020000
110610030000
110610040000
110610050000
110610060000
110610070000
110610080000
110610090000
110610100000
110610110000
110610120000
110610130000
110610140000
110610150000
110610160000
110610170000
110610180000
110610190000
110610200000
110610210000
110610220000
110610230000
110610240000
110610250000
110610260000
110610270000
110610280000
110610290000
110610300000
110610310000
110610320000
110610330000
110610340000
110610350000
110610360000
110610370000
110610380000
110610390000
110610400000
110610410000
110610420000
110610430000
110610440000
110610450000
110610460000
110610470000
110610480000
110610490000
110610500000
110610510000
110610520000
110610530000
110610540000
110610550000
110610560000
110610570000
110610580000
110610590000
110610600000
110610610000
110610620000
110610630000
110610640000
110610650000
110610660000
110610670000
110610680000
110610690000
110610700000
110610710000
110610720000
110610730000
110610740000
110610750000
110610760000
110610770000
110610780000
110610790000
110610800000
110610810000
110610820000
110610830000
110610840000
110610850000
110610860000
110610870000
110610880000
110610890000
110610900000
110610910000
110610920000
110610930000
110610940000
110610950000
110610960000
110610970000
110610980000
110610990000
110611000000
110611010000
110611020000
110611030000
110611040000
110611050000
110611060000
110611070000
110611080000
110611090000
110611100000
110611110000
110611120000
110611170000
110620010000
110620020000
110620030000
110620040000
110620050000
110620060000
110620070000
110620080000
110620090000
110620100000
110620110000
110620120000
110620130000
110620140000
110620150000
110620160000
110620170000
110620180000
110620190000
110620200000
110620210000
110620220000
110620230000
110620240000
110620250000
110620260000
110620270000
110620280000
110620290000
110620300000
110620310000
110620320000
110620330000
110620340000
110620350000
110620360000
110620370000
110620380000
110620390000
110620400000
110620410000
110620420000
110620430000
110620440000
110620450000
110620460000
110620470000
110620480000
110620490000
110620500000
110620510000
110620520000
110620530000
110620540000
110620550000
110620560000
110620570000
110620580000
110620590000
110620600000
110620610000
110620620000
110620630000
110620640000
110620650000
110620660000
110620670000
110620680000
110620690000
110620700000
110620710000
110620720000
110620730000
110620740000
110620750000
110620760000
110620770000
110620780000
110620790000
110620800000
110620810000
110620820000
110620830000
110620840000
110620850000
110620860000
110620870000
110620880000
110620890000
110620900000
110620910000
110620920000
110620930000
110620940000
110620950000
110620960000
110630010000
110630020000
110630030000
110630040000
110630050000
110630060000
110630070000
110630080000
110630090000
110630100000
110630110000
110630120000
110630130000
110630140000
110630150000
110630160000
110630170000
110630180000
110630190000
110630200000
110630210000
110630220000
110630230000
110630240000
110630250000
110630260000
110630270000
110630280000
110630290000
110630300000
110630310000
110630320000
110630330000
110630340000
110630350000
110630360000
110630370000
110630380000
110630390000
110630400000
110630410000
110630420000
110630430000
110630440000
110630450000
110630460000
110630470000
110630480000
110630490000
110630500000
110630510000
110630520000
110630530000
110630540000
110630550000
110630560000
110630570000
110630580000
110630590000
110630600000
110630610000
110630620000
110630630000
110630640000
110630650000
110630660000
110630670000
110630680000
110630690000
110630700000
110630720000
110630730000
110630740000
110630750000
110630760000
110630770000
110630780000
110630790000
110630800000
110630810000
110630820000
110630830000
110630840000
110630850000
110630860000
110630870000
110630880000
110630890000
110630900000
110630910000
110630920000
110630930000
110630940000
110630950000
110630960000
110630970000
110640010000
110640020000
110640030000
110640040000
110640050000
110640060000
110640070000
110640080000
110640090000
110640100000
110640120000
110640130000
110640140000
110640150000
110640160000
110640170000
110640180000
110640190000
110640210000
110640220000
110640230000
110640240000
110640250000
110640260000
110640270000
110640280000
110640290000
110640300000
110640310000
110640320000
110640330000
110640340000
110640350000
110640360000
110640370000
110640380000
110640390000
110640400000
110640410000
110640420000
110640430000
110640440000
110640450000
110640460000
110640470000
110640480000
110640490000
110640500000
110640510000
110640520000
110640530000
110640540000
110640550000
110640560000
110640570000
110640580000
110640590000
110640600000
110640610000
110640620000
110640630000
110640640000
110640650000
110640660000
110640670000
110640680000
110640690000
110640700000
110640710000
110640720000
110640730000
110640740000
110640750000
110640760000
110640770000
110640780000
110640790000
110640800000
110640810000
110640820000
110640830000
110640840000
110640850000
110640860000
110650010000
110650020000
110650030000
110650040000
110650050000
110650060000
110650070000
110650080000
110650090000
110650100000
110650110000
110650120000
110650130000
110650140000
110650150000
110650160000
110650170000
110650180000
110650190000
110650200000
110650210000
110650220000
110650230000
110650240000
110650250000
110650260000
110650270000
110650280000
110650290000
110650300000
110650310000
110650320000
110650330000
110650340000
110650350000
110650360000
110650370000
110650380000
110650390000
110650400000
110650410000
110650420000
110650430000
110650440000
110650450000
110650460000
110650470000
110650480000
110650490000
110650500000
110650510000
110650520000
110650530000
110650540000
110650550000
110650560000
110650570000
110650580000
110650590000
110650600000
110650610000
110650620000
110650630000
110650640000
110650650000
110650660000
110650670000
110650680000
110650690000
110650700000
110650710000
110650720000
110650730000
110650740000
110650750000
110650760000
110650770000
110650780000
110650790000
110650800000
110650810000
110650820000
110650830000
110650840000
110650850000
110650860000
110650870000
110650880000
110650890000
110650900000
110650910000
110650920000
110650930000
110650940000
110650950000
110650960000
110660010000
110660020000
110660030000
110660040000
110660050000
110660060000
110660070000
110660080000
110660090000
110660100000
110660110000
110660120000
110660130000
110660140000
110660150000
110660160000
110660170000
110660180000
110660190000
110660200000
110660210000
110660220000
110660230000
110660240000
110660250000
110660260000
110660270000
110660280000
110660290000
110660300000
110660310000
110660320000
110660330000
110660340000
110660350000
110660360000
110660370000
110660380000
110660390000
110660400000
110660410000
110660420000
110660430000
110660440000
110660450000
110660460000
110660470000
110660480000
110660490000
110660500000
110660510000
110660520000
110660530000
110660540000
110660550000
110660560000
110660570000
110660580000
110660590000
110660600000
110660610000
110660620000
110660630000
110660640000
110660650000
110660660000
110670010000
110670020000
110670030000
110670040000
110670050000
110670060000
110670070000
110670080000
110670090000
110670100000
110670110000
110670120000
110670130000
110670140000
110670150000
110670160000
110670170000
110670180000
110670190000
110670200000
110670210000
110670220000
110670230000
110670240000
110670250000
110670260000
110670270000
110670280000
110670290000
110670300000
110670310000
110670320000
110670330000
110670340000
110670350000
110670360000
110670370000
110670380000
110670390000
110670400000
110670410000
110670420000
110670430000
110670440000
110670450000
110670460000
110670470000
110670480000
110670490000
110670500000
110670510000
110670520000
110670530000
110670540000
110670550000
110670560000
110670570000
110670580000
110670590000
110670600000
110670610000
110670620000
110670630000
110670640000
110670650000
110670660000
110670670000
110670680000
110670690000
110670700000
110680010000
110680020000
110680030000
110680040000
110680050000
110680060000
110680070000
110680080000
110680090000
110680100000
110680110000
110680120000
110680130000
110680140000
110680150000
110680160000
110680170000
110680180000
110680190000
110680200000
110680210000
110680220000
110680230000
110680240000
110680250000
110680260000
110680270000
110680280000
110680290000
110680300000
110680310000
110680320000
110680330000
110680340000
110680350000
110680360000
110680370000
110680380000
110680390000
110680400000
110680410000
110680420000
110680430000
110680440000
110680450000
110680460000
110680470000
110680480000
110680490000
110680500000
110680510000
110680520000
110680530000
110680540000
110680550000
110680560000
110680570000
110680580000
110680590000
110680600000
110680610000
110680620000
110680630000
110680640000
110680650000
110680660000
110680670000
110680680000
110680690000
110680700000
110690010000
110690020000
110690030000
110690040000
110690050000
110690060000
110690070000
110690080000
110690090000
110690100000
110690110000
110690120000
110690130000
110690140000
110690150000
110690160000
110690170000
110690180000
110690190000
110690200000
110690210000
110690220000
110690230000
110690240000
110690250000
110690260000
110690270000
110690280000
110690290000
110690300000
110690310000
110690320000
110690330000
110690340000
110690350000
110690360000
110690370000
110690380000
110690390000
110690400000
110690410000
110690420000
110690430000
110690440000
110690450000
110690460000
110690470000
110690480000
110690490000
110690500000
110690510000
110690520000
110690530000
110690540000
110690550000
110690560000
110690570000
110690580000
110690590000
110690600000
110690610000
110690620000
110690630000
110690640000
110690650000
110690660000
110690670000
110690680000
110690690000
110690700000
110690710000
110700010000
110700020000
110700030000
110700040000
110700050000
110700060000
110700070000
110700080000
110700090000
110700100000
110700110000
110700120000
110700130000
110700140000
110700150000
110700160000
110700170000
110700180000
110700190000
110700200000
110700210000
110700220000
110700230000
110700240000
110700250000
110700260000
110700270000
110700280000
110700290000
110700300000
110700310000
110700320000
110700330000
110700340000
110700350000
110700360000
110700370000
110700380000
110700390000
110700400000
110700410000
110700420000
110700430000
110700440000
110700450000
110700460000
110700470000
110700480000
110700490000
110700500000
110700510000
110700520000
110700530000
110700540000
110700550000
110700560000
110700570000
110700580000
110700590000
110700600000
110700610000
110700620000
110700630000
110700640000
110700650000
110700660000
110700670000
110700680000
110700690000
110700700000
110710010000
110710020000
110710030000
110710040000
110710050000
110710060000
110710070000
110710080000
110710090000
110710100000
110710110000
110710120000
110710130000
110710140000
110710150000
110710160000
110710170000
110710180000
110710190000
110710200000
110710210000
110710220000
110710230000
110710240000
110710250000
110710260000
110710270000
110710280000
110710290000
110710300000
110710310000
110710320000
110710330000
110710340000
110710350000
110710360000
110710370000
110710380000
110710390000
110710400000
110710410000
110710420000
110710430000
110710440000
110710450000
110710460000
110710470000
110710480000
110710490000
110710500000
110710510000
110710520000
110710530000
110710540000
110710550000
110710560000
110710570000
110710580000
110710590000
110710600000
110710610000
110710620000
110710630000
110710640000
110710650000
110710660000
110710670000
110710680000
110710690000
110710700000
110720010000
110720020000
110720030000
110720040000
110720050000
110720060000
110720070000
110720080000
110720090000
110720100000
110720110000
110720120000
110720130000
110720140000
110720150000
110720160000
110720170000
110720180000
110720190000
110720200000
110720210000
110720220000
110720230000
110720240000
110720250000
110720260000
110720270000
110720280000
110720290000
110720300000
110720310000
110720320000
110720330000
110720340000
110720350000
110720360000
110720370000
110720380000
110720390000
110720400000
110720410000
110720420000
110720430000
110720440000
110720450000
110720460000
110720470000
110720480000
110720490000
110720500000
110720510000
110720520000
110720530000
110720540000
110720550000
110720560000
110720570000
110720580000
110720590000
110720600000
110720610000
110720620000
110720630000
110720640000
110720650000
110720660000
110720670000
110730010000
110730020000
110730030000
110730040000
110730050000
110730060000
110730070000
110730080000
110730090000
110730100000
110730110000
110730120000
110730130000
110730140000
110730150000
110730160000
110730170000
110730180000
110730190000
110730200000
110730210000
110730220000
110730230000
110730240000
110730250000
110730260000
110730270000
110730280000
110730290000
110730300000
110730310000
110730320000
110730330000
110730340000
110730350000
110730360000
110730370000
110730380000
110730390000
110730400000
110730410000
110730420000
110730430000
110730440000
110730450000
110730460000
110730470000
110730480000
110730490000
110730500000
110730510000
110730520000
110730530000
110730540000
110730550000
110730560000
110730570000
110730580000
110730590000
110730600000
110730610000
110730620000
110730630000
110730640000
110730650000
110730660000
110730670000
110730680000
110730690000
110730700000
110730710000
110730720000
110730730000
110730740000
110730750000
110730760000
110740010000
110740020000
110740030000
110740040000
110740050000
110740060000
110740070000
110740080000
110740090000
110740100000
110740110000
110740120000
110740130000
110740140000
110740150000
110740160000
110740170000
110740180000
110740190000
110740200000
110740210000
110740220000
110740230000
110740240000
110740250000
110740260000
110740270000
110740280000
110740290000
110740300000
110740310000
110740320000
110740330000
110740340000
110740350000
110740360000
110740370000
110740380000
110740390000
110740400000
110740410000
110740420000
110740430000
110740440000
110740450000
110740460000
110740470000
110740480000
110740490000
110740500000
110740510000
110740520000
110740530000
110740540000
110740550000
110740560000
110740570000
110740580000
110740590000
110740600000
110740610000
110740620000
110740630000
110740640000
110740650000
110740660000
110740670000
110740680000
110740690000
110740700000
110750010000
110750020000
110750030000
110750040000
110750050000
110750060000
110750070000
110750080000
110750090000
110750100000
110750110000
110750120000
110750130000
110750140000
110750150000
110750160000
110750170000
110750180000
110750190000
110750200000
110750210000
110750220000
110750230000
110750240000
110750250000
110750260000
110750270000
110750280000
110750290000
110750300000
110750310000
110750320000
110750330000
110750340000
110750350000
110750360000
110750370000
110750380000
110750390000
110750400000
110750410000
110750420000
110750430000
110750440000
110750450000
110750460000
110750470000
110750480000
110750490000
110750500000
110750510000
110750520000
110750530000
110750540000
110750550000
110750560000
110750570000
110750580000
110750590000
110750600000
110750610000
110750620000
110750630000
110750640000
110750650000
110750660000
110760010000
110760020000
110760030000
110760040000
110760050000
110760060000
110760070000
110760080000
110760090000
110760100000
110760110000
110760120000
110760130000
110760140000
110760150000
110760160000
110760170000
110760180000
110760190000
110760200000
110760210000
110760220000
110760230000
110760240000
110760250000
110760260000
110760270000
110760280000
110760290000
110760300000
110760310000
110760320000
110760330000
110760340000
110760350000
110760360000
110760370000
110760380000
110760390000
110760400000
110760410000
110760420000
110760430000
110760440000
110760450000
110760460000
110760470000
110760480000
110760490000
110760500000
110760510000
110760520000
110760530000
110760540000
110760550000
110760560000
110760570000
110760580000
110760590000
110760600000
110760610000
110760620000
110760630000
110760640000
110760650000
110760660000
110770010000
110770020000
110770030000
110770040000
110770050000
110770060000
110770070000
110770080000
110770090000
110770100000
110770110000
110770120000
110770130000
110770140000
110770150000
110770160000
110770170000
110770180000
110770190000
110770200000
110770210000
110770220000
110770230000
110770240000
110770250000
110770260000
110770270000
110770280000
110770290000
110770300000
110770310000
110770320000
110770330000
110770340000
110770350000
110770360000
110770370000
110770380000
110770390000
110770400000
110770410000
110770420000
110770430000
110770440000
110770450000
110770460000
110770470000
110770480000
110770490000
110770500000
110770510000
110770520000
110770530000
110770540000
110770550000
110770560000
110770570000
110770580000
110770590000
110770600000
110770610000
110770620000
110770630000
110770640000
110770650000
110770660000
110770670000
110770680000
110770690000
110770700000
110780010000
110780020000
110780030000
110780040000
110780050000
110780060000
110780070000
110780080000
110780090000
110780100000
110780110000
110780120000
110780130000
110780140000
110780150000
110780160000
110780170000
110780180000
110780190000
110780200000
110780210000
110780220000
110780230000
110780240000
110780250000
110780260000
110780270000
110780280000
110780290000
110780300000
110780310000
110780320000
110780330000
110780340000
110780350000
110780370000
110780380000
110780390000
110780400000
110780410000
110780420000
110780430000
110780440000
110780450000
110780460000
110780470000
110780480000
110780490000
110780500000
110780510000
110780520000
110780530000
110780540000
110780550000
110780560000
110780570000
110780580000
110780590000
110780600000
110780610000
110780620000
110780630000
110780640000
110790010000
110790020000
110790030000
110790040000
110790050000
110790060000
110790070000
110790080000
110790090000
110790100000
110790110000
110790120000
110790130000
110790140000
110790150000
110790160000
110790170000
110790180000
110790190000
110790200000
110790210000
110790220000
110790230000
110790240000
110790250000
110790260000
110790270000
110790280000
110790290000
110790300000
110790310000
110790320000
110790330000
110790340000
110790350000
110790360000
110790370000
110790380000
110790390000
110790400000
110790410000
110790420000
110790430000
110790440000
110790450000
110790460000
110790470000
110790480000
110790490000
110790500000
110790510000
110790520000
110790530000
110790540000
110790550000
110790560000
110790570000
110790580000
110790590000
110790600000
110790610000
110790620000
110790630000
110800010000
110800020000
110800030000
110800040000
110800050000
110800060000
110800070000
110800080000
110800090000
110800100000
110800110000
110800120000
110800130000
110800140000
110800150000
110800160000
110800170000
110800180000
110800190000
110800200000
110800210000
110800220000
110800230000
110800240000
110800250000
110800260000
110800270000
110800280000
110800290000
110800300000
110800310000
110800320000
110800330000
110800340000
110800350000
110800360000
110800370000
110800380000
110800390000
110800400000
110800410000
110800420000
110800430000
110800440000
110800450000
110800460000
110800470000
110800480000
110800490000
110800500000
110800510000
110800520000
110800530000
110800540000
110800550000
110800560000
110800570000
110800580000
110800590000
110800600000
110800610000
110800620000
110800630000
110800640000
110800650000
110800660000
110810010000
110810020000
110810030000
110810040000
110810050000
110810060000
110810070000
110810080000
110810090000
110810100000
110810110000
110810120000
110810130000
110810140000
110810150000
110810160000
110810170000
110810180000
110810190000
110810200000
110810210000
110810220000
110810230000
110810240000
110810250000
110810260000
110810270000
110810280000
110810290000
110810300000
110810310000
110810320000
110810330000
110810340000
110810350000
110810360000
110810370000
110810380000
110810390000
110810400000
110810410000
110810420000
110810430000
110810440000
110810450000
110810460000
110810470000
110810480000
110810490000
110810500000
110810510000
110810520000
110810530000
110810540000
110810550000
110810560000
110810570000
110810580000
110810590000
110810600000
110810610000
110810620000
110810630000
110810640000
110810650000
110810660000
110810670000
110810680000
110810690000
110810700000
110820010000
110820020000
110820030000
110820040000
110820050000
110820060000
110820070000
110820080000
110820090000
110820100000
110820110000
110820120000
110820130000
110820140000
110820150000
110820160000
110820170000
110820180000
110820190000
110820200000
110820210000
110820220000
110820230000
110820240000
110820250000
110820260000
110820270000
110820280000
110820290000
110820300000
110820310000
110820320000
110820330000
110820340000
110820350000
110820360000
110820370000
110820380000
110820390000
110820400000
110820410000
110820420000
110820430000
110820440000
110820450000
110820460000
110820470000
110820480000
110820490000
110820500000
110820510000
110820520000
110820530000
110820540000
110820550000
110820560000
110820570000
110820580000
110820590000
110820600000
110820610000
110820620000
110820630000
110820640000
110820650000
110820660000
110820670000
110820680000
110820690000
110820700000
110830010000
110830020000
110830030000
110830040000
110830050000
110830060000
110830070000
110830080000
110830090000
110830100000
110830110000
110830120000
110830130000
110830140000
110830150000
110830160000
110830170000
110830180000
110830190000
110830200000
110830210000
110830220000
110830230000
110830240000
110830250000
110830260000
110830270000
110830280000
110830290000
110830300000
110830310000
110830320000
110830330000
110830340000
110830350000
110830360000
110830370000
110830380000
110830390000
110830400000
110830410000
110830420000
110830430000
110830440000
110830450000
110830460000
110830470000
110830480000
110830490000
110830500000
110830510000
110830520000
110830530000
110830540000
110830550000
110830560000
110830570000
110830580000
110830590000
110830600000
110830610000
110830620000
110830630000
110830640000
110830650000
110830660000
110840010000
110840020000
110840030000
110840040000
110840050000
110840060000
110840070000
110840080000
110840090000
110840100000
110840110000
110840120000
110840130000
110840140000
110840150000
110840160000
110840170000
110840180000
110840190000
110840200000
110840210000
110840220000
110840230000
110840240000
110840250000
110840260000
110840270000
110840280000
110840290000
110840300000
110840310000
110840320000
110840330000
110840340000
110840350000
110840370000
110840380000
110840390000
110840400000
110840410000
110840420000
110840430000
110840440000
110840450000
110840460000
110840470000
110840480000
110840490000
110840500000
110840510000
110840520000
110840530000
110840540000
110840550000
110840560000
110840570000
110840580000
110840590000
110840600000
110840610000
110840620000
110840630000
110840640000
110840650000
110840660000
110850010000
110850020000
110850030000
110850040000
110850050000
110850060000
110850070000
110850080000
110850090000
110850100000
110850110000
110850120000
110850130000
110850140000
110850150000
110850160000
110850170000
110850180000
110850190000
110850200000
110850210000
110850220000
110850230000
110850240000
110850250000
110850260000
110850270000
110850280000
110850300000
110850310000
110850320000
110850330000
110850340000
110850350000
110850360000
110850370000
110850380000
110850390000
110850400000
110850410000
110850420000
110850430000
110850440000
110850450000
110850460000
110850470000
110850480000
110850490000
110850500000
110850510000
110850520000
110850530000
110850540000
110850550000
110850560000
110850570000
110850580000
110850590000
110850600000
110850610000
110850620000
110850630000
110850640000
110850650000
110850660000
110850670000
110850680000
110850690000
110850700000
110860010000
110860020000
110860030000
110860040000
110860050000
110860060000
110860070000
110860080000
110860090000
110860100000
110860110000
110860120000
110860130000
110860140000
110860150000
110860160000
110860180000
110860190000
110860200000
110860210000
110860220000
110860230000
110860240000
110860250000
110860260000
110860270000
110860280000
110860290000
110860300000
110860310000
110860320000
110860330000
110860340000
110860350000
110860360000
110860370000
110860380000
110860390000
110860400000
110860410000
110860420000
110860430000
110860440000
110860450000
110860460000
110860470000
110860480000
110860490000
110860500000
110860510000
110860520000
110860530000
110860540000
110860550000
110860560000
110860570000
110860580000
110860590000
110860600000
110860610000
110860620000
110860630000
110860640000
110860650000
110860660000
110860670000
110860680000
110860690000
110860700000
110870010000
110870020000
110870030000
110870040000
110870050000
110870060000
110870070000
110870080000
110870090000
110870100000
110870110000
110870120000
110870130000
110870140000
110870150000
110870160000
110870170000
110870180000
110870190000
110870200000
110870210000
110870220000
110870230000
110870240000
110870250000
110870260000
110870270000
110870280000
110870290000
110870300000
110870310000
110870320000
110870330000
110870340000
110870350000
110870360000
110870370000
110870380000
110870390000
110870400000
110870410000
110870420000
110870430000
110870440000
110870450000
110870460000
110870470000
110870480000
110870490000
110870500000
110870510000
110870520000
110870530000
110870540000
110870550000
110870560000
110870570000
110870580000
110870590000
110870600000
110870610000
110870620000
110870630000
110870640000
110870650000
110870660000
110880010000
110880020000
110880030000
110880040000
110880050000
110880060000
110880070000
110880080000
110880090000
110880100000
110880110000
110880120000
110880130000
110880140000
110880150000
110880160000
110880170000
110880180000
110880190000
110880200000
110880210000
110880220000
110880230000
110880240000
110880250000
110880260000
110880270000
110880280000
110880290000
110880300000
110880310000
110880320000
110880330000
110880340000
110880350000
110880360000
110880370000
110880380000
110880390000
110880400000
110880410000
110880420000
110880430000
110880440000
110880450000
110880460000
110880470000
110880480000
110880490000
110880500000
110880510000
110880520000
110880530000
110880540000
110880550000
110880560000
110880570000
110880580000
110880590000
110880600000
110880610000
110880620000
110880630000
110880640000
110880650000
110880660000
110890010000
110890020000
110890030000
110890040000
110890050000
110890060000
110890070000
110890080000
110890090000
110890100000
110890110000
110890120000
110890130000
110890140000
110890150000
110890160000
110890170000
110890180000
110890190000
110890200000
110890210000
110890220000
110890230000
110890240000
110890250000
110890260000
110890270000
110890280000
110890290000
110890300000
110890310000
110890320000
110890330000
110890340000
110890350000
110890360000
110890370000
110890380000
110890390000
110890400000
110890410000
110890420000
110890430000
110890440000
110890450000
110890460000
110890470000
110890480000
110890490000
110890500000
110890510000
110890520000
110890530000
110890540000
110890550000
110890560000
110890570000
110890580000
110890590000
110890600000
110890610000
110890620000
110890630000
110890640000
110890650000
110890660000
110890670000
110890680000
110890690000
110890700000
110900010000
110900020000
110900030000
110900040000
110900050000
110900060000
110900070000
110900080000
110900090000
110900100000
110900110000
110900120000
110900130000
110900140000
110900150000
110900160000
110900170000
110900180000
110900190000
110900200000
110900210000
110900220000
110900230000
110900240000
110900250000
110900260000
110900270000
110900280000
110900290000
110900300000
110900310000
110900320000
110900330000
110900340000
110900350000
110900360000
110900370000
110900380000
110900390000
110900400000
110900410000
110900420000
110900430000
110900440000
110900450000
110900460000
110900470000
110900480000
110900500000
110900510000
110900520000
110900530000
110900540000
110900550000
110900560000
110900570000
110900580000
110900590000
110900600000
110900610000
110900620000
110900630000
110900640000
110910010000
110910020000
110910030000
110910040000
110910050000
110910060000
110910070000
110910080000
110910090000
110910100000
110910110000
110910120000
110910130000
110910140000
110910150000
110910160000
110910170000
110910180000
110910190000
110910200000
110910210000
110910220000
110910230000
110910240000
110910250000
110910260000
110910270000
110910280000
110910290000
110910300000
110910310000
110910320000
110910330000
110910340000
110910350000
110910360000
110910370000
110910380000
110910390000
110910400000
110910410000
110910420000
110910430000
110910440000
110910450000
110910460000
110910470000
110910480000
110910490000
110910500000
110910510000
110910520000
110910530000
110910540000
110910550000
110910560000
110910570000
110910580000
110910590000
110910600000
110910610000
110910620000
110910630000
110920010000
110920020000
110920030000
110920040000
110920050000
110920060000
110920070000
110920080000
110920090000
110920100000
110920110000
110920120000
110920130000
110920140000
110920150000
110920160000
110920170000
110920180000
110920190000
110920200000
110920210000
110920220000
110920230000
110920240000
110920250000
110920260000
110920270000
110920280000
110920290000
110920300000
110920310000
110920320000
110920330000
110920340000
110920350000
110920360000
110920370000
110920380000
110920390000
110920400000
110920410000
110920420000
110920430000
110920440000
110920450000
110920460000
110920470000
110920480000
110920490000
110920500000
110920510000
110920520000
110920530000
110920540000
110920550000
110920560000
110920570000
110920580000
110920590000
110920600000
110920610000
110920620000
110920630000
110920640000
110920650000
110920660000
110930010000
110930020000
110930030000
110930040000
110930060000
110930070000
110930080000
110930090000
110930100000
110930110000
110930120000
110930130000
110930140000
110930150000
110930160000
110930170000
110930180000
110930190000
110930200000
110930210000
110930220000
110930230000
110930240000
110930250000
110930260000
110930270000
110930280000
110930290000
110930300000
110930310000
110930320000
110930330000
110930340000
110930350000
110930360000
110930370000
110930380000
110930390000
110930400000
110930410000
110930420000
110930430000
110930440000
110930450000
110930460000
110930470000
110930480000
110930490000
110930500000
110930510000
110930520000
110930530000
110930540000
110930550000
110930560000
110930570000
110930580000
110930590000
110930600000
110930610000
110930620000
110930630000
110930640000
110930650000
110930660000
110930670000
110930680000
110930690000
110930700000
110940010000
110940020000
110940030000
110940040000
110940050000
110940060000
110940070000
110940080000
110940090000
110940100000
110940110000
110940120000
110940130000
110940140000
110940150000
110940160000
110940170000
110940180000
110940190000
110940200000
110940210000
110940220000
110940230000
110940240000
110940250000
110940260000
110940270000
110940280000
110940290000
110940300000
110940310000
110940320000
110940330000
110940340000
110940350000
110940360000
110940370000
110940380000
110940390000
110940400000
110940410000
110940420000
110940430000
110940440000
110940450000
110940460000
110940470000
110940480000
110940490000
110940500000
110940510000
110940520000
110940530000
110940540000
110940550000
110940560000
110940570000
110940580000
110940590000
110940600000
110940610000
110940620000
110940630000
110940640000
110940650000
110940660000
110940670000
110940680000
110940690000
110940700000
110950010000
110950020000
110950030000
110950040000
110950050000
110950060000
110950070000
110950080000
110950090000
110950100000
110950110000
110950120000
110950130000
110950140000
110950150000
110950160000
110950170000
110950180000
110950190000
110950200000
110950210000
110950220000
110950230000
110950240000
110950250000
110950260000
110950270000
110950280000
110950290000
110950300000
110950310000
110950320000
110950330000
110950340000
110950350000
110950360000
110950370000
110950380000
110950390000
110950400000
110950410000
110950420000
110950430000
110950440000
110950450000
110950460000
110950470000
110950480000
110950490000
110950500000
110950510000
110950520000
110950530000
110950540000
110950550000
110950560000
110950570000
110950580000
110950590000
110950600000
110950610000
110950620000
110950630000
110950640000
110950650000
110950660000
110960010000
110960020000
110960030000
110960040000
110960050000
110960060000
110960070000
110960080000
110960090000
110960100000
110960110000
110960120000
110960130000
110960140000
110960150000
110960160000
110960170000
110960180000
110960190000
110960200000
110960210000
110960220000
110960230000
110960240000
110960250000
110960260000
110960270000
110960280000
110960290000
110960300000
110960310000
110960320000
110960330000
110960340000
110960350000
110960360000
110960370000
110960380000
110960390000
110960400000
110960410000
110960420000
110960430000
110960440000
110960450000
110960460000
110960470000
110960480000
110960490000
110960500000
110960510000
110960520000
110960530000
110960540000
110960550000
110960560000
110960570000
110960580000
110960590000
110960600000
110960610000
110960620000
110960630000
110960640000
110960650000
110960660000
110970010000
110970020000
110970030000
110970040000
110970050000
110970060000
110970070000
110970080000
110970090000
110970100000
110970110000
110970120000
110970130000
110970140000
110970150000
110970160000
110970170000
110970180000
110970190000
110970200000
110970210000
110970220000
110970230000
110970240000
110970250000
110970260000
110970270000
110970280000
110970290000
110970300000
110970310000
110970320000
110970330000
110970340000
110970350000
110970360000
110970370000
110970380000
110970390000
110970400000
110970410000
110970420000
110970430000
110970440000
110970450000
110970460000
110970470000
110970480000
110970490000
110980010000
110980020000
110980030000
110980040000
110980050000
110980060000
110980070000
110980080000
110980090000
110980100000
110980110000
110980120000
110980130000
110980140000
110980150000
110980160000
110980170000
110980180000
110980190000
110980200000
110980210000
110980220000
110980230000
110980240000
110980250000
110980260000
110980270000
110980280000
110980290000
110980300000
110980310000
110980320000
110980330000
110980340000
110980350000
110980360000
110980370000
110990010000
110990020000
110990030000
110990040000
110990050000
110990060000
110990070000
110990080000
110990090000
110990100000
110990110000
110990120000
110990130000
110990140000
110990150000
110990160000
110990170000
110990180000
110990190000
110990200000
110990210000
110990220000
110990230000
110990240000
110990250000
110990260000
110990270000
110990280000
110990290000
110990300000
110990310000
110990320000
110990330000
110990340000
110990350000
110990360000
110990370000
111000010000
111000020000
111000030000
111000040000
111000050000
111000060000
111000070000
111000080000
111000090000
111000100000
111000110000
111000120000
111000130000
111000140000
111000150000
111000160000
111000170000
111000180000
111000190000
111000200000
111000210000
111000220000
111000230000
111000240000
111000250000
111000260000
111000270000
111000280000
111000290000
111000300000
111000310000
111000320000
111000330000
111000340000
111000350000
111000360000
111000370000
111000380000
111000390000
111000400000
111000410000
111000420000
111000430000
111000440000
111000450000
111000460000
111000470000
111000480000
111000490000
111000500000
111000510000
111010010000
111010020000
111010030000
111010040000
111010050000
111010060000
111010070000
111010080000
111010090000
111010100000
111010110000
111010120000
111010130000
111010140000
111010150000
111010160000
111010170000
111010180000
111010190000
111010200000
111010210000
111010220000
111010230000
111010240000
111010250000
111010260000
111010270000
111010280000
111010290000
111010300000
111010310000
111010320000
111010330000
111010340000
111010350000
111010360000
111010370000
111010380000
111010390000
111010400000
111010410000
111010420000
111010430000
111010440000
111010450000
111010460000
111010470000
111010480000
111010490000
111010500000
111010510000
111010520000
111010530000
111010540000
111010550000
111010560000
111010570000
111010580000
111010590000
111010600000
111010610000
111010620000
111010630000
111010640000
111010650000
111020010000
111020020000
111020030000
111020040000
111020050000
111020060000
111020070000
111020080000
111020090000
111020100000
111020110000
111020120000
111020130000
111020140000
111020150000
111020160000
111020170000
111020180000
111020190000
111020200000
111020210000
111020220000
111020230000
111020240000
111020250000
111020260000
111020270000
111020280000
111020290000
111020300000
111020310000
111020320000
111020330000
111020340000
111020350000
111020360000
111020370000
111020380000
111020390000
111020400000
111020410000
111020420000
111020430000
111020440000
111020450000
111020460000
111020470000
111020480000
111020490000
111020500000
111020510000
111020520000
111020530000
111020540000
111030010000
111030020000
111030030000
111030040000
111030050000
111030060000
111030070000
111030080000
111030090000
111030100000
111030110000
111030120000
111030130000
111030140000
111030150000
111030160000
111030170000
111030180000
111030190000
111030200000
111030210000
111030220000
111030230000
111030240000
111030250000
111030260000
111030270000
111030280000
111030290000
111030300000
111030310000
111030320000
111030330000
111030340000
111030350000
111030360000
111030370000
111030380000
111030390000
111030400000
111030410000
111030420000
111030430000
111030440000
111030450000
111030460000
111030470000
111030480000
111030490000
111030500000
111030510000
111030520000
111030530000
111030540000
111030550000
111030560000
111040010000
111040020000
111040030000
111040040000
111040050000
111040060000
111040070000
111040080000
111040090000
111040100000
111040110000
111040120000
111040130000
111040140000
111040150000
111040160000
111040170000
111040180000
111040190000
111040200000
111040210000
111040220000
111040230000
111040240000
111040250000
111040260000
111040270000
111040280000
111040290000
111040300000
111040310000
111040320000
111040330000
111040340000
111040350000
111040360000
111040370000
111040380000
111040390000
111040400000
111040410000
111040420000
111040430000
111040440000
111040450000
111040460000
111040470000
111040480000
111040490000
111040500000
111040510000
111040520000
111040530000
111040540000
111040550000
111040560000
111040570000
111040580000
111050010000
111050020000
111050030000
111050040000
111050050000
111050060000
111050070000
111050080000
111050090000
111050100000
111050110000
111050120000
111050130000
111050140000
111050150000
111050160000
111050170000
111050180000
111050190000
111050200000
111050210000
111050220000
111050230000
111050240000
111050250000
111050260000
111050270000
111050280000
111050290000
111050300000
111050310000
111050320000
111050330000
111050340000
111050350000
111050360000
111050370000
111050380000
111050390000
111050400000
111050410000
111050420000
111050430000
111050440000
111050450000
111050460000
111050470000
111050480000
111050490000
111060010000
111060020000
111060030000
111060040000
111060050000
111060060000
111060070000
111060080000
111060090000
111060100000
111060110000
111060120000
111060130000
111060140000
111060150000
111060160000
111060170000
111060180000
111060190000
111060200000
111060210000
111060220000
111060230000
111060240000
111060250000
111060260000
111060270000
111060280000
111060290000
111060300000
111060310000
111060320000
111060330000
111060340000
111060350000
111060360000
111060370000
111060380000
111060390000
111060400000
111060410000
111060420000
111060430000
111060440000
111060450000
111060460000
111060470000
111060480000
111060490000
111060500000
111060510000
111060520000
111060530000
111060540000
111060550000
111060560000
111060570000
111060580000
111060590000
111060600000
111060610000
111060620000
111060630000
111060640000
111060650000
111060660000
111070010000
111070020000
111070030000
111070040000
111070050000
111070060000
111070070000
111070080000
111070090000
111070100000
111070110000
111070120000
111070130000
111070140000
111070150000
111070160000
111070170000
111070180000
111070190000
111070200000
111070210000
111070220000
111070230000
111070240000
111070250000
111070260000
111070270000
111070280000
111070290000
111070300000
111070310000
111070320000
111070330000
111070340000
111070350000
111070360000
111070370000
111070380000
111070390000
111070400000
111070410000
111070420000
111070430000
111070440000
111070450000
111070460000
111070470000
111070480000
111070490000
111070500000
111070510000
111070520000
111070530000
111070540000
111070550000
111070560000
111070570000
111070580000
111070590000
111070600000
111070610000
111070620000
111070630000
111070640000
111070650000
111070660000
111070670000
111080010000
111080020000
111080030000
111080040000
111080050000
111080060000
111080070000
111080080000
111080090000
111080100000
111080110000
111080120000
111080130000
111080140000
111080150000
111080160000
111080170000
111080180000
111080190000
111080200000
111080210000
111080220000
111080230000
111080240000
111080250000
111080260000
111080270000
111080280000
111080290000
111080300000
111080310000
111080320000
111080330000
111080340000
111080350000
111080360000
111080370000
111080380000
111080390000
111080400000
111080410000
111080420000
111080430000
111080440000
111080450000
111080460000
111080470000
111080480000
111080490000
111080500000
111080510000
111080520000
111080530000
111080540000
111080550000
111080560000
111080570000
111080580000
111080590000
111080600000
111080610000
111080620000
111080630000
111080640000
111080650000
111080660000
111090010000
111090020000
111090030000
111090040000
111090050000
111090060000
111090070000
111090080000
111090090000
111090100000
111090110000
111090120000
111090130000
111090140000
111090150000
111090160000
111090170000
111090180000
111090190000
111090200000
111090210000
111090220000
111090230000
111090240000
111090250000
111090260000
111090270000
111090280000
111090290000
111090300000
111090310000
111090320000
111090330000
111090340000
111090350000
111090360000
111090370000
111090380000
111090390000
111090400000
111090410000
111090420000
111090430000
111090440000
111090450000
111090460000
111090470000
111090480000
111090490000
111090500000
111090510000
111090520000
111090530000
111090540000
111090550000
111090560000
111090570000
111090580000
111090590000
111090600000
111090610000
111090620000
111090630000
111090640000
111090650000
111090660000
111100010000
111100020000
111100030000
111100040000
111100050000
111100060000
111100070000
111100080000
111100090000
111100100000
111100110000
111100120000
111100130000
111100140000
111100150000
111100160000
111100170000
111100180000
111100190000
111100200000
111100210000
111100220000
111100230000
111100240000
111100250000
111100260000
111100270000
111100280000
111100290000
111100300000
111100310000
111100320000
111100330000
111100340000
111100350000
111100360000
111100370000
111100380000
111100390000
111100400000
111100410000
111100420000
111100430000
111100440000
111100450000
111100460000
111100470000
111100480000
111100490000
111100500000
111100510000
111100520000
111100530000
111100540000
111100550000
111100560000
111100570000
111100580000
111100590000
111100600000
111100610000
111110010000
111110020000
111110030000
111110040000
111110050000
111110060000
111110070000
111110080000
111110090000
111110100000
111110110000
111110120000
111110130000
111110140000
111110150000
111110160000
111110170000
111110180000
111110190000
111110200000
111110210000
111110220000
111110230000
111110240000
111110250000
111120010000
111120020000
111120030000
111120040000
111120050000
111120060000
111120070000
111120080000
111120090000
111120100000
111120110000
111120120000
111120130000
111120140000
111120150000
111120160000
111120170000
111120180000
111120190000
111120200000
111120210000
111120220000
111120230000
111120240000
111120250000
111120260000
111120270000
111120280000
111120290000
111120300000
111120310000
111120320000
111120330000
111120340000
111120350000
111120360000
111120370000
111120380000
111120390000
111120400000
111120410000
111120420000
111120430000
111120440000
111120450000
111120460000
111120470000
111120480000
111120490000
111120500000
111120510000
111120520000
111130010000
111130020000
111130030000
111130040000
111130050000
111130060000
111130070000
111130080000
111130090000
111130100000
111130110000
111130120000
111130130000
111130140000
111130150000
111130160000
111130170000
111130180000
111130190000
111130200000
111130210000
111130220000
111130230000
111130240000
111130250000
111130260000
111130270000
111130280000
111130290000
111130300000
111130310000
111130320000
111130330000
111130340000
111130350000
111130360000
111130370000
111130380000
111130390000
111130400000
111130410000
111130420000
111130430000
111130440000
111130450000
111130460000
111130470000
111130480000
111130490000
111130500000
111130510000
111140010000
111140020000
111140030000
111140040000
111140050000
111140060000
111140070000
111140080000
111140090000
111140100000
111140110000
111140120000
111140130000
111140140000
111140150000
111140160000
111140170000
111140180000
111140190000
111140200000
111140210000
111140220000
111140230000
111140240000
111140250000
111140260000
111140270000
111140280000
111140290000
111140300000
111140310000
111140320000
111140330000
111140340000
111140350000
111140360000
111140370000
111140380000
111140390000
111140400000
111140410000
111140420000
111140430000
111140440000
111140450000
111140460000
111140470000
111140480000
111140490000
111140500000
111140510000
111150010000
111150020000
111150030000
111150040000
111150050000
111150060000
111150070000
111150080000
111150090000
111150100000
111150110000
111150120000
111150130000
111150140000
111150150000
111150160000
111150170000
111150180000
111150190000
111150200000
111150210000
111150220000
111150230000
111150240000
111150250000
111150260000
111150270000
111150280000
111150290000
111150300000
111150310000
111150320000
111150330000
111150340000
111150350000
111150360000
111150370000
111150380000
111150390000
111150400000
111150410000
111150420000
111150430000
111150440000
111150450000
111150460000
111150470000
111150480000
111150490000
111150500000
111150510000
111150520000
111150530000
111150540000
111150550000
111150560000
111150570000
111150580000
111150590000
111150600000
111150610000
111150620000
111150630000
111150640000
111150650000
111150660000
111150670000
111150680000
111150690000
111160010000
111160020000
111160030000
111160040000
111160050000
111160060000
111160070000
111160080000
111160090000
111160100000
111160110000
111160120000
111160130000
111160140000
111160150000
111160160000
111160170000
111160180000
111160190000
111160200000
111160210000
111160220000
111160230000
111160240000
111160250000
111160260000
111160270000
111160280000
111160290000
111160300000
111160310000
111160320000
111160330000
111160340000
111160350000
111160360000
111160370000
111160380000
111160390000
111160400000
111160410000
111160420000
111160430000
111160440000
111160450000
111160460000
111160470000
111160480000
111160490000
111160500000
111160510000
111160520000
111160530000
111160540000
111160550000
111160560000
111160570000
111160580000
111160590000
111160600000
111160610000
111160620000
111160630000
111160640000
111160650000
111160660000
111160670000
111160680000
111160690000
111160700000
111160710000
111160720000
111160730000
111160740000
111160750000
111160760000
111160770000
111170010000
111170020000
111170030000
111170040000
111170050000
111170060000
111170070000
111170080000
111170090000
111170100000
111170110000
111170120000
111170130000
111170140000
111170150000
111170160000
111170170000
111170180000
111170190000
111170200000
111170210000
111170220000
111170230000
111170240000
111170250000
111170260000
111170270000
111170280000
111170290000
111170300000
111170310000
111170320000
111170330000
111170340000
111170350000
111170360000
111170370000
111170380000
111170390000
111170400000
111170410000
111170420000
111170430000
111170440000
111170450000
111170460000
111170470000
111170480000
111170490000
111170500000
111170510000
111170520000
111170530000
111170540000
111170550000
111170560000
111170570000
111170580000
111170590000
111170600000
111170610000
111170620000
111170630000
111170640000
111170650000
111170660000
111170670000
111170680000
111170690000
111170700000
111170710000
111170720000
111170730000
111170740000
111170750000
111170760000
111170770000
111170780000
111170790000
111170800000
111170810000
111170820000
111170830000
111170840000
111170850000
111170860000
111170870000
111170880000
111170890000
111170900000
111170910000
111170920000
111170930000
111170940000
111170950000
111170960000
111180010000
111180020000
111180030000
111180040000
111180050000
111180060000
111180070000
111180080000
111180090000
111180100000
111180110000
111180120000
111180130000
111180140000
111180150000
111180160000
111180170000
111180180000
111180190000
111180200000
111180210000
111180220000
111180230000
111180240000
111180250000
111180260000
111180270000
111180280000
120010040000
120010050000
120010060000
120010070000
120010080000
120010090000
120010100000
120010110000
120010120000
120010130000
120010140000
120010150000
120010160000
120010170000
120010180000
120010190000
120010200000
120010210000
120010220000
120010230000
120010240000
120020010000
120020020000
120020030000
120020040000
120020050000
120020060000
120020070000
120020180000
120020210000
120020220000
120020230000
120020240000
120020250000
120020260000
120020270000
120020280000
120020320000
120020330000
120020340000
120020350000
120020360000
120020370000
120020380000
120030010000
120030020000
120030030000
120030040000
120030050000
120030060000
120030080000
120030090000
120030100000
120030120000
120030130000
120030140000
120030150000
120030160000
120030190000
120030200000
120030210000
120030220000
120030230000
120030240000
120030250000
120030260000
120030280000
120030290000
120030300000
120030310000
120030320000
120030330000
120030340000
120030350000
120030360000
120030370000
120030380000
120030390000
120030400000
120030410000
120030420000
120030440000
120030450000
120030460000
120030470000
120030480000
120030490000
120030500000
120030510000
120030520000
120030530000
120040010000
120040070000
120040090000
120040100000
120040110000
120040130000
120040140000
120040150000
120040190000
120040200000
120040210000
120040220000
120040230000
120040240000
120040250000
120040260000
120040270000
120040280000
120040290000
120040300000
120040310000
120040320000
120040330000
120040340000
120040350000
120040360000
120040370000
120040380000
120040390000
120040420000
120040430000
120040440000
120040450000
120040460000
120040470000
120040480000
120040490000
120040500000
120040510000
120040530000
120040580000
120040590000
120040600000
120040610000
120040620000
120040630000
120040650000
120040660000
120040670000
120040680000
120040690000
120040700000
120040710000
120040720000
120040730000
120040740000
120040750000
120040760000
120040770000
120040780000
120040790000
120040800000
120040810000
120040820000
120040830000
120040840000
120040850000
120040860000
120040870000
120040880000
120040890000
120040900000
120040910000
120040920000
120040930000
120040940000
120040950000
120040960000
120040970000
120040980000
120040990000
120041000000
120041010000
120041020000
120041030000
120050010000
120050020000
120050030000
120050040000
120050050000
120050060000
120050070000
120050080000
120050090000
120050100000
120050110000
120050120000
120050130000
120050140000
120050150000
120050160000
120050170000
120050180000
120050190000
120050200000
120050210000
120050220000
120050230000
120050240000
120050250000
120050260000
120050270000
120050280000
120050290000
120050300000
120050310000
120050320000
120060010000
120060020000
120060030000
120060040000
120060050000
120060060000
120060070000
120060080000
120060090000
120060100000
120060110000
120060120000
120060130000
120060140000
120060150000
120060160000
120060170000
120060180000
120060190000
120060220000
120060230000
120060240000
120060250000
120060260000
120060270000
120060280000
120060290000
120060300000
120060310000
120060320000
120060330000
120060340000
120060350000
120060360000
120060370000
120060380000
120060390000
120060400000
120060410000
120060420000
120060430000
120060440000
120060450000
120060460000
120060470000
120060480000
120060490000
120060500000
120060510000
120060520000
120060530000
120060540000
120060550000
120060560000
120060570000
120060580000
120060590000
120060600000
120060610000
120060620000
120060630000
120060640000
120060650000
120060660000
120060670000
120060680000
120060690000
120060700000
120060710000
120060720000
120060730000
120060740000
120060750000
120060760000
120060770000
120060780000
120060790000
120060800000
120060810000
120060820000
120070010000
120070020000
120070030000
120070040000
120070050000
120070060000
120070070000
120070080000
120070090000
120070100000
120070120000
120070130000
120070140000
120070150000
120070170000
120070180000
120070190000
120070200000
120070210000
120070220000
120070230000
120070240000
120070250000
120070260000
120070270000
120070280000
120070290000
120070300000
120070310000
120070320000
120070330000
120070340000
120070370000
120070380000
120070390000
120070400000
120070410000
120070450000
120070460000
120070470000
120070480000
120070490000
120070500000
120070510000
120070520000
120070530000
120070540000
120070550000
120070560000
120070570000
120070580000
120070590000
120070600000
120070610000
120070620000
120070630000
120070640000
120070650000
120070660000
120070670000
120070680000
120070690000
120070700000
120070710000
120070720000
120070730000
120070740000
120070750000
120070760000
120070770000
120070780000
120070790000
120070800000
120070810000
120070820000
120070830000
120070840000
120070850000
120070860000
120070870000
120070880000
120070890000
120070900000
120070910000
120070920000
120070930000
120070940000
120070950000
120070960000
120070970000
120070980000
120070990000
120080010000
120080020000
120080030000
120080040000
120080050000
120080060000
120080080000
120080090000
120080100000
120080110000
120080120000
120080130000
120080140000
120080150000
120080160000
120080170000
120090030000
120090040000
120090060000
120090070000
120090080000
120090090000
120090100000
120090110000
120090120000
120090130000
120090140000
120090150000
120090160000
120090200000
120090210000
120090220000
120090230000
120090250000
120090280000
120090290000
120090300000
120090310000
120090320000
120090340000
120090360000
120090370000
120090380000
120090390000
120090400000
120090410000
120090420000
120090430000
120090440000
120100010000
120100020000
120100030000
120110010000
120110020000
120110030000
120110040000
120110050000
120110060000
120110070000
120110080000
120110090000
120110100000
120110110000
120110120000
120110130000
120110140000
120110150000
120110160000
120110170000
120110180000
120110190000
120110200000
120110210000
120110220000
120110230000
120110240000
120110250000
120110260000
120110270000
120110280000
120110290000
120110300000
120110310000
120110320000
120110330000
120110340000
120110350000
120110360000
120110370000
120110380000
120110390000
120110400000
120110410000
120110420000
120110430000
120110440000
120110450000
120110460000
120110470000
120110480000
120110490000
120110500000
120110510000
120110520000
120110530000
120110540000
120110550000
120110560000
120110570000
120110580000
120110590000
120110600000
120110610000
120110620000
120110630000
120110640000
120110650000
120110660000
120110670000
120110680000
120110690000
120110700000
120110710000
120110720000
120110730000
120110740000
120110750000
120110760000
120110770000
120110780000
120110790000
120110800000
120110810000
120110820000
120110830000
120110840000
120110850000
120110860000
120110870000
120110880000
120110890000
120110900000
120110910000
120110920000
120110930000
120110940000
120110950000
120110960000
120110970000
120110980000
120110990000
120111000000
120111010000
120111020000
120111030000
120111040000
120111050000
120111060000
120111070000
120111080000
120111090000
120111100000
120111110000
120111120000
120111130000
120111140000
120111150000
120111160000
120111170000
120111180000
120111190000
120111200000
120111210000
120111220000
120111230000
120111240000
120111250000
120111260000
120111270000
120111280000
120111290000
120111300000
120111310000
120111320000
120111330000
120111340000
120111350000
120111360000
120111370000
120111380000
120111390000
120111400000
120111410000
120111420000
120111430000
120120010000
120120020000
120120030000
120120040000
120120050000
120120060000
120120070000
120120080000
120120090000
120120100000
120120110000
120120120000
120120130000
120120140000
120120150000
120120160000
120120170000
120120180000
120120190000
120120200000
120120210000
120120220000
120120230000
120120240000
120120250000
120120260000
120120270000
120120280000
120120290000
120120300000
120120310000
120120320000
120120330000
120120340000
120120350000
120120360000
120120370000
120120380000
120120390000
120120400000
120120410000
120120420000
120120430000
120120440000
120120450000
120120460000
120120470000
120120480000
120120490000
120120500000
120120510000
120120520000
120120530000
120120540000
120120550000
120120560000
120120570000
120120580000
120120590000
120120600000
120120610000
120120620000
120120630000
120120640000
120120650000
120120660000
120120670000
120120680000
120120690000
120120700000
120120710000
120120720000
120120730000
120120740000
120120750000
120120760000
120120770000
120120780000
120120790000
120120800000
120120810000
120120820000
120120830000
120120840000
120120850000
120120860000
120120870000
120120880000
120120890000
120120900000
120120910000
120120920000
120120930000
120120940000
120120950000
120120960000
120120970000
120120980000
120120990000
120121000000
120121010000
120121020000
120121030000
120121040000
120121050000
120121060000
120121070000
120121080000
120121090000
120121100000
120121110000
120121120000
120121130000
120121140000
120121150000
120121160000
120121170000
120121180000
120121190000
120121200000
120121210000
120121220000
120121230000
120121240000
120121250000
120121260000
120121270000
120121280000
120121290000
120121300000
120121310000
120121320000
120121330000
120121340000
120121350000
120121360000
120121370000
120121380000
120121390000
120121400000
120121410000
120121420000
120121430000
120121440000
120121450000
120121460000
120121470000
120121480000
120121490000
120121500000
120121510000
120121520000
120121530000
120121540000
120121550000
120121560000
120121570000
120121580000
120121590000
120121600000
120121610000
120121620000
120121630000
120121640000
120121650000
120121660000
120121670000
120121680000
120121690000
120121700000
120121710000
120121720000
120121730000
120121740000
120121750000
120121760000
120121770000
120121780000
120121790000
120121800000
120121810000
120121820000
120121830000
120121840000
120121850000
120130010000
120130020000
120130030000
120130040000
120130050000
120130060000
120130070000
120130080000
120130090000
120130100000
120130110000
120130120000
120130130000
120130140000
120130150000
120130160000
120130170000
120130180000
120130190000
120130210000
120130220000
120130230000
120130240000
120130250000
120130260000
120130270000
120130280000
120130290000
120130300000
120130310000
120130320000
120130330000
120130340000
120130350000
120130360000
120130370000
120130390000
120130400000
120130420000
120130430000
120130440000
120130450000
120130460000
120130470000
120130480000
120130490000
120130500000
120130510000
120130520000
120130530000
120130540000
120130550000
120130560000
120130570000
120130580000
120130590000
120130600000
120130610000
120130620000
120130630000
120130640000
120130650000
120130660000
120130670000
120130680000
120130690000
120130700000
120130710000
120130720000
120130730000
120130740000
120140010000
120140020000
120140030000
120140040000
120140050000
120140060000
120140070000
120140080000
120140090000
120140100000
120140110000
120140120000
120140130000
120140140000
120140150000
120140160000
120140170000
120140180000
120140190000
120140200000
120140210000
120140220000
120140230000
120140240000
120140250000
120140260000
120140270000
120140280000
120140290000
120140300000
120140310000
120140320000
120140330000
120140340000
120140350000
120140360000
120140370000
120140380000
120140390000
120140400000
120140410000
120140420000
120140430000
120140440000
120140450000
120140460000
120140470000
120140480000
120140490000
120140500000
120140510000
120140520000
120140530000
120140540000
120140550000
120140560000
120140570000
120140580000
120140590000
120140600000
120140610000
120140620000
120140630000
120140640000
120140650000
120140660000
120140670000
120140680000
120140690000
120140700000
120140710000
120140720000
120140730000
120140740000
120140750000
120140760000
120140770000
120140780000
120140790000
120140800000
120140810000
120140820000
120140830000
120140840000
120140850000
120140860000
120140870000
120140880000
120140890000
120140900000
120140910000
120140920000
120140930000
120140940000
120140950000
120140960000
120140970000
120140980000
120140990000
120141000000
120141010000
120141020000
120141030000
120141040000
120141050000
120141060000
120141070000
120141080000
120141090000
120141100000
120141110000
120141120000
120141130000
120141140000
120141150000
120141160000
120141170000
120141180000
120141190000
120141200000
120141210000
120141220000
120141230000
120141240000
120141250000
120141260000
120141270000
120141280000
120141290000
120141300000
120141310000
120141320000
120141330000
120141340000
120141350000
120141360000
120141370000
120141380000
120150010000
120150020000
120150030000
120150040000
120150050000
120150060000
120150070000
120150080000
120150090000
120150100000
120150110000
120150120000
120150130000
120150140000
120150150000
120150160000
120150170000
120150180000
120150190000
120150200000
120150210000
120150220000
120150230000
120150240000
120150250000
120150260000
120150270000
120150280000
120150290000
120150300000
120150310000
120150320000
120150330000
120150340000
120150350000
120150360000
120150370000
120150380000
120150390000
120150400000
120150410000
120150420000
120150430000
120150440000
120150450000
120150460000
120150470000
120150480000
120150490000
120150500000
120150510000
120150520000
120150530000
120150540000
120150550000
120150560000
120150570000
120150580000
120150590000
120150600000
120150610000
120150620000
120150630000
120150640000
120150650000
120150660000
120150670000
120150680000
120150690000
120150700000
120150710000
120150720000
120150730000
120150740000
120150750000
120150760000
120150770000
120150780000
120150790000
120150800000
120150810000
120150820000
120150830000
120150840000
120150850000
120150860000
120150870000
120150880000
120150890000
120150910000
120150920000
120150930000
120150940000
120150950000
120150960000
120150970000
120150980000
120150990000
120151000000
120151010000
120151020000
120151030000
120151040000
120151050000
120151060000
120151070000
120151080000
120151090000
120151100000
120151110000
120151120000
120151130000
120151140000
120151150000
120151160000
120160010000
120160020000
120160030000
120160040000
120160080000
120160090000
120160100000
120160110000
120160120000
120160130000
120160140000
120160150000
120160160000
120160170000
120160180000
120160190000
120160200000
120160210000
120160220000
120160230000
120160240000
120160250000
120160260000
120160270000
120160280000
120160290000
120160300000
120160310000
120160320000
120160330000
120160340000
120160350000
120160360000
120160370000
120160380000
120160390000
120160400000
120160410000
120160420000
120160430000
120160440000
120160450000
120160460000
120160470000
120160480000
120160490000
120160500000
120160510000
120160610000
120160620000
120160630000
120160640000
120160650000
120160660000
120160670000
120160680000
120160690000
120160700000
120160710000
120160720000
120160730000
120160740000
120160750000
120160760000
120160770000
120160780000
120160790000
120160800000
120160810000
120160820000
120160830000
120170010000
120170020000
120170030000
120170040000
120170050000
120170060000
120170070000
120170080000
120170090000
120170100000
120170110000
120170120000
120170130000
120170140000
120170150000
120170160000
120170170000
120170180000
120170190000
120170200000
120170210000
120170220000
120170230000
120170240000
120170250000
120170260000
120170270000
120170280000
120170290000
120170300000
120170310000
120170320000
120170330000
120170340000
120170350000
120170360000
120170370000
120170380000
120170390000
120170400000
120170410000
120170420000
120170430000
120170440000
120170450000
120170460000
120180010000
120180020000
120180030000
120180040000
120180050000
120180060000
120180070000
120180080000
120180090000
120180100000
120180110000
120180120000
120180130000
120180150000
120180160000
120180170000
120180180000
120180190000
120180200000
120180210000
120180220000
120180230000
120180240000
120180250000
120180260000
120180270000
120180280000
120180290000
120180300000
120180310000
120180320000
120180330000
120190010000
120190020000
120190030000
120190040000
120190050000
120190060000
120190070000
120190080000
120190090000
120190100000
120190110000
120190120000
120190130000
120190140000
120190150000
120190160000
120190180000
120190190000
120190200000
120190210000
120190220000
120190230000
120200010000
120200020000
120200030000
120200040000
120200050000
120200060000
120200070000
120200080000
120200090000
120200100000
120200110000
120200120000
120200130000
120200140000
120200150000
120200160000
120200170000
120200180000
120200190000
120200200000
120200210000
120200220000
120200230000
120200240000
120200250000
120200260000
120200270000
120200280000
120200290000
120200300000
120200310000
120200320000
120200330000
120200340000
120200350000
120200360000
120200370000
120200380000
120200390000
120200400000
120200410000
120200420000
120200430000
120200440000
120200450000
120200460000
120200470000
120200480000
120200490000
120200500000
120200510000
120200520000
120200530000
120200540000
120200550000
120200560000
120200570000
120200580000
120200590000
120200600000
120200610000
120200620000
120200630000
120200640000
120200650000
120200660000
120200670000
120200680000
120200690000
120200700000
120200710000
120200720000
120200730000
120200740000
120200750000
120200760000
120200770000
120200790000
120200800000
120200810000
120200820000
120200830000
120200840000
120200850000
120200860000
120200870000
120200880000
120200890000
120200900000
120200910000
120200920000
120200930000
120200940000
120200950000
120200960000
120200970000
120200980000
120200990000
120201000000
120201010000
120201020000
120201030000
120210010000
120210020000
120210030000
120210050000
120210060000
120210070000
120210080000
120210090000
120210100000
120210110000
120210120000
120210130000
120210140000
120210150000
120210160000
120210170000
120210180000
120210190000
120210200000
120210210000
120210220000
120210230000
120210240000
120210250000
120210260000
120210270000
120210280000
120210290000
120210300000
120210310000
120210320000
120210330000
120210340000
120210350000
120210360000
120210370000
120210380000
120210390000
120210400000
120210410000
120210420000
120210430000
120210440000
120210450000
120210460000
120210470000
120210480000
120210490000
120210500000
120210510000
120210520000
120210530000
120210540000
120210550000
120210560000
120210570000
120210580000
120210590000
120210600000
120210610000
120210620000
120210630000
120210640000
120210650000
120210660000
120210670000
120210680000
120210690000
120210700000
120210710000
120210720000
120210730000
120210740000
120210750000
120210760000
120210770000
120210780000
120210790000
120210800000
120210810000
120220010000
120220020000
120220030000
120220040000
120220050000
120220060000
120220070000
120220080000
120220090000
120220100000
120220110000
120220120000
120220130000
120220140000
120220150000
120220160000
120220170000
120220180000
120220190000
120220200000
120220210000
120220220000
120220230000
120220240000
120220250000
120220260000
120220270000
120220280000
120220290000
120220300000
120220310000
120220320000
120220330000
120220340000
120220350000
120220360000
120220370000
120220380000
120220390000
120220400000
120220410000
120220420000
120220430000
120220440000
120220450000
120220460000
120220470000
120220480000
120220490000
120220500000
120220510000
120220520000
120220530000
120220540000
120220550000
120220560000
120220570000
120220580000
120220590000
120220600000
120220610000
120220620000
120220630000
120220640000
120220650000
120220660000
120220670000
120220680000
120220690000
120220700000
120220710000
120220720000
120220730000
120220740000
120220750000
120220760000
120220770000
120220780000
120220790000
120220800000
120220810000
120220820000
120220830000
120220840000
120220850000
120220860000
120220870000
120220880000
120220890000
120220900000
120220910000
120220920000
120220930000
120220940000
120220950000
120220960000
120220970000
120220980000
120220990000
120221000000
120221010000
120221020000
120221030000
120221040000
120221050000
120221060000
120221070000
120221080000
120221090000
120221100000
120221110000
120221120000
120221130000
120221140000
120221150000
120230010000
120230020000
120230030000
120230040000
120230050000
120230060000
120230070000
120230080000
120230090000
120230100000
120230110000
120230120000
120230130000
120230140000
120230150000
120230160000
120230170000
120230180000
120230190000
120230200000
120230210000
120230220000
120230230000
120230240000
120230250000
120230260000
120230270000
120230280000
120230290000
120230300000
120230310000
120230330000
120230340000
120230350000
120230360000
120230370000
120230380000
120230390000
120230400000
120230410000
120230420000
120230430000
120230440000
120230450000
120230460000
120230470000
120230480000
120230490000
120230500000
120230510000
120230520000
120230530000
120230540000
120230550000
120230560000
120230570000
120230580000
120230590000
120230600000
120230610000
120230620000
120230630000
120230640000
120230650000
120230660000
120230670000
120230680000
120230690000
120230700000
120230710000
120230720000
120230730000
120230740000
120230750000
120230760000
120230770000
120230780000
120230790000
120230800000
120230810000
120230820000
120230830000
120230840000
120230850000
120230860000
120230870000
120230880000
120230890000
120230900000
120230910000
120230920000
120230930000
120230940000
120230950000
120230960000
120230970000
120230980000
120230990000
120231000000
120231010000
120231020000
120231030000
120231040000
120231050000
120231060000
120231070000
120231080000
120231090000
120231100000
120231110000
120231120000
120231130000
120231140000
120231150000
120231160000
120231170000
120231180000
120231190000
120231200000
120231210000
120231220000
120231230000
120231240000
120231250000
120231260000
120231270000
120231280000
120231290000
120231300000
120231310000
120231320000
120231330000
120231340000
120240010000
120240020000
120240030000
120240040000
120240050000
120240060000
120240070000
120240080000
120240090000
120240100000
120240110000
120240120000
120240130000
120240140000
120240150000
120240160000
120240170000
120240180000
120240190000
120240200000
120240210000
120240220000
120240230000
120240240000
120240250000
120240260000
120240270000
120240280000
120240290000
120240300000
120240310000
120240320000
120240330000
120240340000
120240350000
120240360000
120240370000
120240380000
120240390000
120240400000
120240410000
120240420000
120240430000
120240440000
120240450000
120240460000
120240470000
120240480000
120240490000
120240500000
120240510000
120240520000
120240530000
120240540000
120240550000
120240560000
120240570000
120240580000
120240590000
120240600000
120240610000
120240620000
120240630000
120240640000
120240650000
120240660000
120240670000
120240680000
120240690000
120240700000
120240710000
120240720000
120240730000
120240740000
120240750000
120240760000
120240770000
120240780000
120240790000
120240800000
120240810000
120240820000
120240830000
120240840000
120240850000
120240860000
120240870000
120240880000
120240890000
120240900000
120240910000
120240920000
120240930000
120240940000
120240950000
120240960000
120240970000
120240980000
120240990000
120241000000
120241010000
120241020000
120241030000
120241040000
120241050000
120241060000
120241070000
120241080000
120241090000
120241100000
120241110000
120241130000
120241140000
120241150000
120241160000
120241170000
120241180000
120241190000
120241200000
120241210000
120241220000
120241230000
120241240000
120241250000
120241260000
120241270000
120241280000
120241290000
120241300000
120241310000
120241320000
120241330000
120250010000
120250020000
120250030000
120250040000
120250050000
120250060000
120250070000
120250080000
120250090000
120250100000
120250110000
120250120000
120250130000
120250140000
120250150000
120250160000
120250170000
120250180000
120250190000
120250200000
120250210000
120250220000
120250230000
120250240000
120250250000
120250260000
120250270000
120250280000
120250290000
120250300000
120250310000
120250320000
120250340000
120250350000
120250360000
120250370000
120250380000
120250390000
120250400000
120250410000
120250420000
120250430000
120250440000
120250450000
120250460000
120250470000
120250480000
120250490000
120250500000
120250510000
120250520000
120250530000
120250540000
120250550000
120250560000
120250570000
120250580000
120250590000
120250600000
120250610000
120250620000
120250630000
120250640000
120250650000
120250660000
120250670000
120250680000
120250690000
120250700000
120250710000
120250720000
120250730000
120250740000
120250750000
120250760000
120250770000
120250780000
120250790000
120250800000
120250810000
120250820000
120250830000
120250840000
120250850000
120250860000
120250870000
120250880000
120250890000
120250900000
120250910000
120250920000
120250930000
120250940000
120250950000
120250960000
120250970000
120250980000
120250990000
120251000000
120251010000
120251020000
120251030000
120251040000
120251050000
120251060000
120251070000
120251080000
120251090000
120251100000
120251110000
120251120000
120251130000
120251140000
120251150000
120251160000
120251170000
120251180000
120251190000
120251200000
120260010000
120260020000
120260030000
120260040000
120260050000
120260060000
120260070000
120260080000
120260090000
120260100000
120260110000
120260120000
120260130000
120260140000
120260150000
120260160000
120260170000
120260180000
120260190000
120260200000
120260210000
120260220000
120260230000
120260240000
120260250000
120260260000
120260270000
120260280000
120260290000
120260300000
120260310000
120260320000
120260330000
120260340000
120260350000
120260360000
120260370000
120260390000
120260400000
120260410000
120260420000
120260430000
120260440000
120260450000
120260460000
120260470000
120260480000
120260490000
120260500000
120260510000
120260520000
120260530000
120260540000
120260550000
120260560000
120260570000
120260580000
120260590000
120260600000
120260610000
120260620000
120260630000
120260640000
120260650000
120260660000
120260670000
120260680000
120260690000
120260700000
120260710000
120260720000
120260730000
120260740000
120260750000
120260760000
120260770000
120260780000
120260790000
120260800000
120260810000
120260820000
120260830000
120260840000
120260850000
120260860000
120260870000
120260880000
120260890000
120260900000
120260910000
120260920000
120260930000
120260940000
120260950000
120260960000
120260970000
120260980000
120260990000
120261000000
120270010000
120270020000
120270030000
120270040000
120270050000
120270060000
120270070000
120270080000
120270090000
120270100000
120270110000
120270120000
120270130000
120270140000
120270150000
120270160000
120270170000
120270180000
120270190000
120270200000
120270210000
120270220000
120270230000
120270240000
120270250000
120270260000
120270270000
120270280000
120270290000
120270300000
120270310000
120270320000
120270330000
120270340000
120270350000
120270360000
120270370000
120270390000
120270400000
120270410000
120270420000
120270430000
120270440000
120270450000
120270460000
120270470000
120270480000
120270490000
120270500000
120270510000
120270520000
120270530000
120270540000
120270550000
120270560000
120270570000
120270580000
120270590000
120270600000
120270610000
120270620000
120270630000
120270640000
120270650000
120270660000
120270670000
120270680000
120270690000
120270700000
120270710000
120270720000
120270730000
120270740000
120270750000
120270760000
120270770000
120270780000
120270790000
120270800000
120270810000
120270820000
120270830000
120270840000
120270850000
120270860000
120270870000
120270880000
120270890000
120270910000
120270920000
120270930000
120270940000
120270950000
120270960000
120270970000
120270980000
120270990000
120271000000
120271010000
120271020000
120271030000
120271040000
120271050000
120271060000
120271070000
120271080000
120271090000
120271100000
120271110000
120271120000
120280010000
120280020000
120280030000
120280040000
120280050000
120280060000
120280070000
120280080000
120280090000
120280100000
120280110000
120280120000
120280130000
120280140000
120280150000
120280160000
120280170000
120280180000
120280190000
120280200000
120280210000
120280220000
120280230000
120280240000
120280250000
120280260000
120280270000
120280280000
120280290000
120280300000
120280310000
120280320000
120280330000
120280340000
120280350000
120280360000
120280370000
120280380000
120280390000
120280400000
120280410000
120280420000
120280430000
120280440000
120280450000
120280460000
120280470000
120280480000
120280490000
120280500000
120280510000
120280520000
120280530000
120280540000
120280550000
120280560000
120280570000
120280580000
120280590000
120280600000
120280610000
120280620000
120280630000
120280640000
120280650000
120280660000
120280670000
120280680000
120280690000
120280710000
120280720000
120280730000
120280740000
120280750000
120280760000
120280770000
120280780000
120280790000
120290010000
120290020000
120290030000
120290040000
120290050000
120290060000
120290070000
120290080000
120290090000
120290100000
120290110000
120290120000
120290130000
120290140000
120290150000
120290160000
120290170000
120290180000
120290190000
120290200000
120290210000
120290220000
120290230000
120290240000
120290250000
120290260000
120290270000
120290280000
120290290000
120290300000
120290310000
120290320000
120290330000
120290340000
120290350000
120290360000
120290370000
120290380000
120290390000
120290400000
120290410000
120290420000
120290430000
120290440000
120290450000
120290460000
120290470000
120290480000
120290490000
120290500000
120290510000
120290520000
120290530000
120290540000
120290550000
120290560000
120290570000
120290580000
120290590000
120290600000
120290610000
120290620000
120290630000
120300010000
120300020000
120300030000
120300040000
120300050000
120300060000
120300070000
120300080000
120300090000
120300110000
120300120000
120300130000
120300140000
120300150000
120300160000
120300170000
120300180000
120300190000
120300210000
120300220000
120300230000
120300240000
120300250000
120300260000
120300270000
120300280000
120300290000
120300300000
120300310000
120300320000
120300330000
120300340000
120300350000
120300360000
120300370000
120300380000
120300390000
120300400000
120300410000
120300420000
120300430000
120300440000
120300450000
120300460000
120300470000
120300480000
120300490000
120300500000
120300510000
120300520000
120300530000
120300540000
120300550000
120300570000
120300580000
120300590000
120300600000
120300610000
120300620000
120300630000
120300640000
120310010000
120310020000
120310030000
120310040000
120310050000
120310060000
120310070000
120310080000
120310090000
120310100000
120310110000
120310120000
120310130000
120310140000
120310150000
120310160000
120310170000
120310180000
120310190000
120310200000
120310210000
120310220000
120310230000
120310250000
120310260000
120310270000
120310280000
120310290000
120310300000
120310310000
120310320000
120310330000
120310340000
120310350000
120310360000
120310370000
120310380000
120310390000
120310400000
120310410000
120310420000
120310430000
120310440000
120310450000
120310460000
120310470000
120310480000
120310490000
120310510000
120310520000
120310530000
120310540000
120310550000
120310560000
120310570000
120310580000
120310590000
120310600000
120310610000
120310620000
120310630000
120310640000
120310650000
120310660000
120310670000
120310680000
120310700000
120310710000
120310720000
120310730000
120310740000
120310750000
120310760000
120310770000
120310780000
120310790000
120310800000
120310810000
120310820000
120310830000
120310840000
120310850000
120310860000
120310870000
120310880000
120310890000
120310900000
120310910000
120310920000
120310930000
120310940000
120310950000
120310960000
120310970000
120310980000
120310990000
120311000000
120311010000
120311020000
120311030000
120311040000
120311050000
120311060000
120311080000
120311090000
120311100000
120311110000
120311120000
120311130000
120311150000
120311160000
120311170000
120311180000
120311190000
120311200000
120311210000
120311220000
120311230000
120311240000
120311250000
120311260000
120311270000
120311280000
120311290000
120311310000
120311320000
120311330000
120311350000
120320010000
120320020000
120320030000
120320040000
120320050000
120320060000
120320070000
120320080000
120320090000
120320100000
120320110000
120320120000
120320130000
120320140000
120320150000
120320160000
120320170000
120320180000
120320190000
120320200000
120320210000
120320220000
120320230000
120320240000
120320260000
120320270000
120320280000
120320290000
120320300000
120330010000
120330020000
120330030000
120330040000
120330050000
120330060000
120330070000
120330080000
120330090000
120330100000
120330110000
120330120000
120330130000
120330140000
120330150000
120330160000
120330170000
120330180000
120330190000
120330200000
120330210000
120330220000
120330230000
120330240000
120330250000
120330260000
120330270000
120330280000
120330290000
120330300000
120330310000
120330320000
120330330000
120330340000
120330350000
120330360000
120330370000
120330380000
120330390000
120330400000
120330410000
120330420000
120330430000
120330440000
120330450000
120330460000
120330470000
120330480000
120330490000
120330500000
120330510000
120330520000
120330530000
120330540000
120330550000
120330560000
120330570000
120330580000
120330590000
120330600000
120330610000
120330620000
120330630000
120330640000
120330650000
120330660000
120330670000
120330680000
120330690000
120330700000
120330710000
120330720000
120330730000
120330740000
120330750000
120330770000
120330780000
120330790000
120330800000
120330810000
120330820000
120330840000
120330850000
120330860000
120330870000
120330880000
120330910000
120330920000
120330930000
120330940000
120330950000
120330960000
120330970000
120330980000
120330990000
120331000000
120331010000
120331020000
120331030000
120331040000
120331050000
120331060000
120331070000
120331080000
120331090000
120331100000
120331110000
120331120000
120331130000
120331140000
120331150000
120331160000
120331170000
120331180000
120331190000
120331200000
120331210000
120331220000
120331230000
120331240000
120331250000
120331260000
120331270000
120331280000
120331290000
120331300000
120331310000
120331320000
120331330000
120331340000
120331350000
120331360000
120331370000
120331380000
120331390000
120331400000
120331410000
120331420000
120331430000
120331440000
120331450000
120331460000
120331470000
120331480000
120331490000
120331500000
120331510000
120331520000
120331530000
120331550000
120340090000
120340100000
120340110000
120340120000
120340130000
120340140000
120340150000
120340160000
120340170000
120340190000
120340210000
120340220000
120340230000
120340240000
120340250000
120340260000
120340270000
120340300000
120340310000
120340320000
120340330000
120340340000
120340350000
120340360000
120340370000
120340380000
120340390000
120340400000
120340420000
120340430000
120340440000
120340450000
120340460000
120340470000
120340480000
120340490000
120340500000
120340510000
120340520000
120340530000
120340540000
120340550000
120340560000
120340570000
120340580000
120340590000
120340600000
120340610000
120340620000
120340630000
120340640000
120340650000
120340660000
120340670000
120340680000
120340690000
120340700000
120340710000
120340720000
120340730000
120340740000
120340750000
120340760000
120340770000
120340780000
120340790000
120340800000
120340810000
120340820000
120340830000
120340840000
120340850000
120340860000
120340870000
120340880000
120340890000
120340900000
120340910000
120340920000
120340930000
120340940000
120340950000
120340960000
120340970000
120340980000
120340990000
120341000000
120341010000
120350010000
120350020000
120350030000
120350040000
120350050000
120350060000
120350070000
120350080000
120350090000
120350100000
120350110000
120350120000
120350130000
120350140000
120350150000
120350160000
120350170000
120350180000
120350190000
120350200000
120350210000
120350220000
120350230000
120350240000
120350250000
120350260000
120350270000
120350280000
120350290000
120350300000
120350310000
120350320000
120350330000
120350340000
120350350000
120350360000
120350370000
120350380000
120350390000
120350400000
120350410000
120350420000
120350430000
120350440000
120350450000
120350460000
120350470000
120350480000
120350490000
120350500000
120350510000
120350520000
120350530000
120350550000
120350560000
120350570000
120350580000
120350600000
120350610000
120350620000
120350630000
120350640000
120350650000
120350660000
120350670000
120350680000
120350690000
120350700000
120350710000
120350720000
120350730000
120350740000
120350750000
120350760000
120350770000
120350780000
120350790000
120350800000
120350810000
120350820000
120350830000
120350840000
120350850000
120350860000
120350870000
120350880000
120350890000
120350900000
120350910000
120350920000
120350930000
120350940000
120350950000
120350960000
120350970000
120350980000
120360010000
120360020000
120360030000
120360040000
120360050000
120360060000
120360070000
120360080000
120360090000
120360100000
120360110000
120360120000
120360130000
120360140000
120360150000
120360160000
120360170000
120360180000
120360190000
120360200000
120360210000
120360220000
120360230000
120360240000
120360250000
120360260000
120360270000
120360280000
120360290000
120360300000
120360310000
120360320000
120360330000
120360340000
120360350000
120360360000
120360370000
120360380000
120360390000
120360400000
120360410000
120360420000
120360430000
120360440000
120360450000
120360460000
120360470000
120360480000
120360490000
120360500000
120360510000
120360520000
120360530000
120360540000
120360550000
120360560000
120360570000
120360580000
120360590000
120360600000
120360610000
120360620000
120360630000
120360640000
120360650000
120360660000
120360670000
120360680000
120360690000
120360700000
120360710000
120360720000
120360730000
120360740000
120360750000
120360760000
120360770000
120360780000
120360790000
120360800000
120360810000
120360820000
120360830000
120360840000
120360850000
120360860000
120360870000
120360880000
120360890000
120360900000
120360910000
120360920000
120360930000
120360940000
120360950000
120360960000
120360970000
120360980000
120360990000
120361000000
120361010000
120370010000
120370020000
120370030000
120370040000
120370050000
120370060000
120370070000
120370080000
120370090000
120370100000
120370110000
120370120000
120370130000
120370140000
120370150000
120370160000
120370170000
120370180000
120370190000
120370200000
120370210000
120370220000
120370230000
120370240000
120370250000
120370260000
120370270000
120370280000
120370290000
120370300000
120370310000
120370320000
120370330000
120370340000
120370350000
120370360000
120370370000
120370380000
120370390000
120370400000
120370410000
120370420000
120370430000
120370440000
120370450000
120370460000
120370470000
120370480000
120370490000
120370500000
120370510000
120370530000
120370540000
120370550000
120370570000
120370580000
120370590000
120370600000
120370610000
120370620000
120370630000
120370640000
120370650000
120370660000
120370670000
120370680000
120370690000
120370700000
120370710000
120370720000
120370730000
120370740000
120370750000
120370760000
120370770000
120370780000
120370790000
120370800000
120370810000
120370820000
120370840000
120370850000
120370860000
120370870000
120370880000
120370890000
120370900000
120370910000
120370920000
120370930000
120370940000
120370950000
120370960000
120370970000
120370980000
120370990000
120371000000
120371010000
120371020000
120371030000
120371040000
120371050000
120371060000
120371070000
120371080000
120371090000
120371100000
120371110000
120371120000
120371130000
120371140000
120371150000
120380010000
120380020000
120380030000
120380040000
120380050000
120380060000
120380070000
120380080000
120380090000
120380100000
120380110000
120380120000
120380130000
120380140000
120380150000
120380160000
120380170000
120380180000
120380190000
120380200000
120380210000
120380220000
120380230000
120380240000
120380250000
120380260000
120380270000
120380280000
120380290000
120380300000
120380310000
120380320000
120380330000
120380340000
120380350000
120380360000
120380370000
120380380000
120380390000
120380400000
120380410000
120380420000
120380430000
120380440000
120380450000
120380460000
120380470000
120380480000
120380490000
120380500000
120380510000
120380520000
120380530000
120380540000
120380550000
120380560000
120380570000
120380580000
120380590000
120380600000
120380610000
120380620000
120380630000
120380640000
120380650000
120380660000
120380670000
120380680000
120380690000
120380700000
120380710000
120380720000
120380730000
120380740000
120380750000
120380760000
120380770000
120380780000
120380790000
120380800000
120380810000
120380820000
120380830000
120380840000
120380850000
120380860000
120380870000
120380880000
120380890000
120380900000
120380910000
120380920000
120380930000
120380940000
120380950000
120380960000
120380970000
120380980000
120380990000
120381000000
120381010000
120381020000
120381030000
120381040000
120381050000
120381060000
120381070000
120381080000
120381090000
120381100000
120381110000
120381120000
120381130000
120381140000
120381150000
120381160000
120381170000
120381180000
120381190000
120381200000
120381210000
120381220000
120381230000
120381240000
120381250000
120381260000
120381270000
120381280000
120381290000
120381300000
120381350000
120381360000
120381370000
120381380000
120381390000
120381400000
120381410000
120381420000
120381430000
120390010000
120390020000
120390030000
120390040000
120390050000
120390060000
120390070000
120390080000
120390090000
120390100000
120390110000
120390120000
120390130000
120390140000
120390150000
120390160000
120390170000
120390180000
120390190000
120390200000
120390210000
120390250000
120390290000
120390300000
120390310000
120390320000
120390330000
120390340000
120390350000
120390360000
120390370000
120390380000
120390390000
120390400000
120390410000
120390420000
120390430000
120390440000
120390450000
120390460000
120390470000
120390480000
120390490000
120390500000
120390510000
120390520000
120390530000
120390540000
120390550000
120390560000
120390570000
120390580000
120390590000
120390600000
120390610000
120390620000
120390630000
120390640000
120390650000
120390660000
120390670000
120390680000
120390690000
120390700000
120390710000
120390720000
120390730000
120390750000
120390760000
120390770000
120390780000
120390790000
120390800000
120390810000
120390820000
120390830000
120390840000
120390850000
120390860000
120390870000
120390880000
120390890000
120390900000
120390910000
120390920000
120390930000
120390940000
120390950000
120390960000
120390970000
120390980000
120390990000
120391000000
120391010000
120391020000
120391030000
120391040000
120391050000
120391060000
120391070000
120391080000
120391090000
120391100000
120391110000
120391120000
120391130000
120391140000
120391150000
120391160000
120391170000
120391180000
120391190000
120391200000
120391210000
120391220000
120391230000
120391240000
120391250000
120391260000
120391270000
120391280000
120391290000
120391300000
120391310000
120391320000
120391330000
120391340000
120391350000
120400010000
120400020000
120400030000
120400040000
120400050000
120400060000
120400070000
120400080000
120400090000
120400100000
120400110000
120400120000
120400130000
120400140000
120400150000
120400160000
120400170000
120400180000
120400190000
120400200000
120400210000
120400220000
120400230000
120400240000
120400250000
120400260000
120400270000
120400280000
120400290000
120400300000
120400310000
120400320000
120400330000
120400340000
120400350000
120400360000
120400370000
120400380000
120400390000
120400400000
120400410000
120400420000
120400430000
120400440000
120400450000
120400460000
120400470000
120400480000
120400490000
120400500000
120400510000
120400520000
120400530000
120400540000
120400550000
120400560000
120400570000
120400580000
120400590000
120400600000
120400610000
120400620000
120400630000
120400640000
120400650000
120400660000
120400670000
120400680000
120400690000
120400700000
120400710000
120400720000
120400730000
120400740000
120400750000
120400760000
120400770000
120400780000
120400790000
120400800000
120400810000
120400820000
120400830000
120400840000
120400850000
120400860000
120400870000
120400880000
120400890000
120400900000
120400910000
120400920000
120400930000
120400940000
120400950000
120400960000
120400970000
120400980000
120400990000
120401000000
120401010000
120401020000
120401030000
120401040000
120401050000
120401060000
120401070000
120401080000
120401090000
120401100000
120401110000
120401120000
120401130000
120401140000
120401150000
120401160000
120401170000
120401180000
120401190000
120401200000
120401210000
120401220000
120401230000
120401240000
120401250000
120401260000
120401270000
120401280000
120401290000
120401300000
120401310000
120401320000
120401330000
120401340000
120401350000
120401360000
120401370000
120401380000
120401390000
120410010000
120410020000
120410030000
120410040000
120410050000
120410060000
120410070000
120410080000
120410090000
120410100000
120410110000
120410120000
120410130000
120410140000
120410150000
120410160000
120410170000
120410180000
120410190000
120410200000
120410210000
120410220000
120410230000
120410240000
120410250000
120410260000
120410270000
120410280000
120410290000
120410300000
120410310000
120410320000
120410330000
120410340000
120410350000
120410360000
120410370000
120410380000
120410390000
120410400000
120410410000
120410420000
120410430000
120410440000
120410450000
120410460000
120410470000
120410480000
120410490000
120410500000
120410510000
120410520000
120410530000
120410540000
120410550000
120410560000
120410570000
120410580000
120410590000
120410600000
120410610000
120410620000
120410630000
120410640000
120410650000
120410660000
120410670000
120410680000
120410690000
120410700000
120410710000
120410720000
120410730000
120410740000
120410750000
120410760000
120410770000
120410780000
120410800000
120410810000
120410820000
120410830000
120410840000
120410850000
120410860000
120410870000
120410880000
120410890000
120410900000
120410910000
120410920000
120410930000
120410940000
120410950000
120410960000
120410970000
120410980000
120410990000
120411000000
120411010000
120411020000
120411030000
120411040000
120411050000
120411060000
120411070000
120411080000
120411090000
120411100000
120411110000
120411120000
120411130000
120411140000
120411150000
120411160000
120411170000
120411180000
120411190000
120411200000
120411210000
120411220000
120420010000
120420020000
120420030000
120420040000
120420050000
120420060000
120420070000
120420080000
120420090000
120420100000
120420110000
120420120000
120420130000
120420140000
120420150000
120420160000
120420170000
120420180000
120420190000
120420200000
120420210000
120420220000
120430010000
120430020000
120430030000
120430040000
120430050000
120430060000
120430070000
120430080000
120430090000
120430100000
120430110000
120430120000
120430130000
120430140000
120430150000
120430160000
120430170000
120430180000
120430190000
120430200000
120430210000
120430220000
120430230000
120430240000
120430250000
120430260000
120430270000
120430280000
120430290000
120430300000
120430310000
120430320000
120430330000
120430340000
120430350000
120430360000
120430370000
120430380000
120430390000
120430400000
120430410000
120430420000
120430430000
120430440000
120430450000
120430460000
120430470000
120430480000
120430490000
120430500000
120430510000
120430520000
120430530000
120430540000
120430550000
120430560000
120430570000
120430580000
120430590000
120430600000
120430610000
120430620000
120430630000
120430640000
120430650000
120430660000
120430670000
120430680000
120430690000
130010010000
130010020000
130010030000
130010040000
130010050000
130010070000
130010080000
130010090000
130010100000
130010110000
130010120000
130010130000
130010140000
130010160000
130010170000
130010180000
130010190000
130010200000
130010210000
130010220000
130010230000
130010240000
130010250000
130010260000
130010270000
130010280000
130010300000
130010310000
130010320000
130010330000
130010350000
130010360000
130010370000
130010380000
130010390000
130010400000
130010410000
130010420000
130010430000
130010460000
130010470000
130010480000
130010490000
130010510000
130010520000
130010530000
130010540000
130010550000
130010560000
130010570000
130010580000
130010590000
130010600000
130010610000
130010620000
130010630000
130010640000
130010650000
130010660000
130010670000
130010680000
130010690000
130010700000
130010710000
130010720000
130010730000
130010740000
130010750000
130010760000
130010770000
130010780000
130010790000
130010800000
130010810000
130010820000
130010830000
130010840000
130010850000
130010860000
130010870000
130010880000
130010890000
130010900000
130010910000
130010920000
130010930000
130010940000
130010950000
130020010000
130020030000
130020040000
130020050000
130020060000
130020070000
130020080000
130020090000
130020100000
130020110000
130020120000
130020130000
130020140000
130020150000
130020160000
130020170000
130020190000
130020210000
130020220000
130020230000
130020240000
130020250000
130020260000
130020270000
130020280000
130020290000
130020300000
130020320000
130020330000
130020340000
130020350000
130020360000
130020370000
130020380000
130020390000
130020400000
130020410000
130020420000
130020450000
130020460000
130020470000
130020480000
130020490000
130020500000
130020510000
130020520000
130020530000
130020540000
130020550000
130020560000
130020570000
130020580000
130020590000
130020600000
130020610000
130020620000
130020630000
130020640000
130020660000
130020670000
130020680000
130020690000
130020700000
130020710000
130020720000
130020730000
130020740000
130020750000
130020760000
130020770000
130020780000
130020790000
130020800000
130020810000
130020820000
130020830000
130020840000
130020860000
130020870000
130020880000
130020890000
130020900000
130020910000
130020920000
130020930000
130020940000
130020950000
130020960000
130020970000
130020980000
130020990000
130021000000
130021010000
130021020000
130021030000
130021040000
130021050000
130021060000
130021070000
130021080000
130021090000
130021100000
130021110000
130021120000
130021130000
130021140000
130021150000
130021160000
130021170000
130021180000
130021190000
130021200000
130021210000
130021220000
130021230000
130021240000
130021250000
130021260000
130021270000
130021280000
130021290000
130021300000
130021310000
130021320000
130021330000
130021340000
130021350000
130021360000
130021370000
130021380000
130021390000
130021400000
130021410000
130030020000
130030030000
130030040000
130030050000
130030060000
130030070000
130030080000
130030090000
130030100000
130030110000
130030120000
130030130000
130030140000
130030150000
130030160000
130030170000
130030180000
130030200000
130030210000
130030220000
130030240000
130030250000
130030260000
130030270000
130030280000
130030290000
130030300000
130030310000
130030320000
130030330000
130030340000
130030350000
130030360000
130030370000
130030380000
130030390000
130030400000
130030410000
130030420000
130030430000
130030440000
130030450000
130030460000
130030470000
130030480000
130030490000
130030500000
130030510000
130030520000
130030530000
130030540000
130030550000
130030560000
130030570000
130030580000
130030590000
130030600000
130030610000
130030620000
130030630000
130030640000
130030650000
130030660000
130030670000
130030680000
130040010000
130040020000
130040030000
130040040000
130040050000
130040060000
130040070000
130040080000
130040090000
130040100000
130040110000
130040120000
130040130000
130040140000
130040150000
130040160000
130040170000
130040180000
130040190000
130040200000
130040220000
130040230000
130040240000
130040250000
130040260000
130040270000
130040280000
130040290000
130040300000
130040330000
130040340000
130040350000
130040360000
130040370000
130040380000
130040400000
130040410000
130040420000
130040430000
130040440000
130040450000
130040460000
130040470000
130040480000
130040490000
130040500000
130040510000
130040520000
130040530000
130040540000
130040550000
130040560000
130040570000
130040580000
130040590000
130040600000
130040610000
130040620000
130040630000
130040640000
130040650000
130040660000
130040670000
130040680000
130040690000
130040700000
130040710000
130040720000
130040730000
130040740000
130040750000
130040760000
130040770000
130040780000
130050010000
130050020000
130050030000
130050040000
130050050000
130050060000
130050070000
130050080000
130050090000
130050100000
130050110000
130050120000
130050130000
130050140000
130050150000
130050160000
130050170000
130050180000
130050190000
130050200000
130050210000
130050220000
130050230000
130050240000
130050250000
130050260000
130050270000
130050280000
130050290000
130050300000
130050310000
130050320000
130050340000
130050350000
130050360000
130050370000
130060010000
130060020000
130060030000
130060040000
130060050000
130060060000
130060070000
130060080000
130060090000
130060100000
130060110000
130060120000
130060130000
130060140000
130060150000
130060160000
130060170000
130060180000
130070010000
130070020000
130070030000
130070040000
130070050000
130070060000
130070070000
130070080000
130070090000
130070100000
130070110000
130070120000
130070130000
130070140000
130070150000
130070160000
130070170000
130070180000
130070190000
130070200000
130070210000
130070220000
130070230000
130070240000
130070250000
130070260000
130070270000
130070280000
130070290000
130070300000
130070310000
130080010000
130080020000
130080030000
130080050000
130080060000
130080070000
130080080000
130080090000
130080100000
130080110000
130080120000
130080130000
130080140000
130080150000
130080160000
130080170000
130080180000
130080190000
130080200000
130080210000
130080240000
130080250000
130080260000
130080270000
130080280000
130080290000
130080300000
130080310000
130080320000
130080330000
130080340000
130080370000
130080380000
130080390000
130080400000
130080410000
130080420000
130080430000
130080440000
130080450000
130080460000
130080470000
130080480000
130080490000
130080500000
130080510000
130080520000
130080530000
130080540000
130080550000
130080560000
130080570000
130080580000
130080590000
130080600000
130080610000
130080620000
130080630000
130080640000
130080650000
130080660000
130080670000
130080680000
130080690000
130080700000
130080710000
130080720000
130080730000
130080740000
130080750000
130080760000
130080770000
130080780000
130080790000
130080800000
130080810000
130080820000
130080830000
130080840000
130080850000
130080860000
130080870000
130080880000
130080890000
130080900000
130080910000
130080920000
130080930000
130080940000
130080950000
130080960000
130080970000
130080980000
130090010000
130090020000
130090030000
130090040000
130090050000
130090080000
130090100000
130090110000
130090120000
130090130000
130090160000
130090170000
130090180000
130090190000
130090200000
130090210000
130090220000
130090230000
130090240000
130090250000
130090260000
130090270000
130090280000
130090290000
130090300000
130090310000
130090320000
130090330000
130090340000
130090350000
130090360000
130090370000
130090380000
130100010000
130100020000
130100030000
130100040000
130100050000
130100060000
130100070000
130100080000
130100090000
130100100000
130100110000
130100120000
130100130000
130100140000
130100150000
130100160000
130100170000
130100180000
130100190000
130100200000
130100210000
130100220000
130100230000
130110010000
130110020000
130110030000
130110040000
130110050000
130110060000
130110070000
130110080000
130110090000
130110100000
130110110000
130110120000
130110130000
130110140000
130110150000
130110160000
130110170000
130110180000
130110190000
130110200000
130110210000
130110220000
130110230000
130110240000
130110250000
130110260000
130110270000
130110280000
130110290000
130110300000
130110310000
130110320000
130110330000
130110340000
130110350000
130110360000
130110370000
130110380000
130110390000
130110400000
130110410000
130110420000
130110430000
130110440000
130110450000
130110460000
130110470000
130110480000
130110490000
130110500000
130110510000
130110520000
130110530000
130110540000
130110550000
130110560000
130110570000
130110580000
130110590000
130110600000
130110610000
130110620000
130110630000
130110640000
130110650000
130110660000
130110670000
130110680000
130110690000
130110700000
130110710000
130110720000
130110730000
130110740000
130110750000
130110760000
130110770000
130110780000
130110790000
130110810000
130110820000
130110830000
130110840000
130120010000
130120020000
130120030000
130120040000
130120050000
130120060000
130120070000
130120080000
130120090000
130120100000
130120110000
130120120000
130120130000
130120140000
130120150000
130120160000
130120170000
130120180000
130120190000
130120200000
130120210000
130120220000
130120230000
130120240000
130120250000
130120260000
130120270000
130120280000
130120290000
130120300000
130120310000
130120320000
130120330000
130120340000
130120350000
130120360000
130120370000
130120380000
130120390000
130120400000
130120410000
130120420000
130120430000
130120440000
130120450000
130120460000
130120470000
130120480000
130120490000
130130010000
130130020000
130130030000
130130040000
130130050000
130130060000
130130070000
130130080000
130130090000
130130100000
130130110000
130130120000
130130130000
130130140000
130130150000
130130160000
130130170000
130130180000
130130190000
130130200000
130130210000
130130220000
130130230000
130130240000
130130250000
130130260000
130130270000
130130280000
130130290000
130130300000
130130310000
130130320000
130130330000
130130340000
130130350000
130130360000
130130370000
130130380000
130130390000
130130400000
130130410000
130130420000
130130430000
130130440000
130130450000
130130460000
130130470000
130130480000
130130490000
130130500000
130130510000
130130520000
130130530000
130130540000
130130550000
130130560000
130130570000
130130580000
130130590000
130130600000
130130610000
130140010000
130140020000
130140030000
130140040000
130140050000
130140060000
130140070000
130140080000
130140090000
130140110000
130140120000
130140130000
130140140000
130140150000
130140160000
130140170000
130140180000
130140190000
130140200000
130140210000
130140220000
130140230000
130140240000
130140250000
130140260000
130140270000
130140280000
130140290000
130140300000
130140310000
130140320000
130140330000
130140340000
130140350000
130140380000
130140390000
130140400000
130140410000
130140430000
130140440000
130140450000
130140460000
130140470000
130140490000
130140500000
130140520000
130140540000
130140550000
130140560000
130140570000
130140580000
130140590000
130140600000
130140610000
130140620000
130140630000
130140640000
130150010000
130150020000
130150030000
130150040000
130150050000
130150060000
130150080000
130150100000
130150110000
130150120000
130150130000
130150160000
130150170000
130150180000
130150190000
130150200000
130150210000
130150220000
130150230000
130150240000
130150250000
130150260000
130150270000
130150280000
130150290000
130150300000
130150310000
130150320000
130150330000
130150340000
130150350000
130150360000
130150370000
130150380000
130150390000
130150400000
130150410000
130150420000
130150430000
130150440000
130150450000
130150460000
130150470000
130150480000
130150490000
130150510000
130150530000
130150540000
130150550000
130150560000
130150570000
130150580000
130150590000
130150600000
130150610000
130150620000
130150630000
130150640000
130160010000
130160020000
130160030000
130160040000
130160050000
130160060000
130160070000
130160080000
130160090000
130160100000
130160110000
130160120000
130160130000
130160140000
130160150000
130160160000
130160170000
130160180000
130160190000
130160200000
130160210000
130160220000
130160230000
130160240000
130160250000
130160260000
130160270000
130160280000
130160300000
130160310000
130160320000
130160330000
130160340000
130160350000
130160360000
130160370000
130160380000
130160400000
130160420000
130160430000
130160440000
130160450000
130160460000
130160470000
130160480000
130160490000
130160500000
130160510000
130160520000
130160530000
130160540000
130160550000
130160560000
130160570000
130160580000
130160590000
130160600000
130160610000
130160620000
130160630000
130160640000
130170010000
130170020000
130170030000
130170040000
130170050000
130170060000
130170070000
130170080000
130170090000
130170100000
130170110000
130170120000
130170130000
130170140000
130170150000
130170160000
130170170000
130170180000
130170190000
130170200000
130170210000
130170220000
130170230000
130170240000
130170250000
130170260000
130170270000
130170280000
130170290000
130170300000
130170310000
130170320000
130170330000
130170340000
130170350000
130170380000
130170390000
130170400000
130170410000
130170420000
130170430000
130170440000
130170450000
130170460000
130170470000
130170480000
130170490000
130170500000
130170510000
130170520000
130170530000
130170540000
130170550000
130170560000
130170570000
130170580000
130170590000
130170600000
130170610000
130170620000
130170630000
130170640000
130180010000
130180020000
130180030000
130180040000
130180050000
130180060000
130180070000
130180080000
130180090000
130180110000
130180120000
130180130000
130180140000
130180150000
130180160000
130180170000
130180180000
130180200000
130180210000
130180220000
130180230000
130180240000
130180250000
130180260000
130180270000
130180280000
130180290000
130180300000
130180310000
130180320000
130180330000
130180340000
130180350000
130180360000
130180370000
130180380000
130180390000
130180400000
130180410000
130180420000
130180430000
130180440000
130180450000
130180460000
130180470000
130180480000
130180490000
130180500000
130180510000
130180520000
130180530000
130180540000
130180550000
130180560000
130180570000
130180580000
130180590000
130180600000
130180610000
130180620000
130180630000
130180640000
130190010000
130190020000
130190030000
130190050000
130190060000
130190080000
130190090000
130190100000
130190110000
130190120000
130190130000
130190140000
130190150000
130190160000
130190170000
130190180000
130190190000
130190200000
130190210000
130190220000
130190230000
130190240000
130190250000
130190260000
130190270000
130190280000
130190290000
130190300000
130190310000
130190320000
130190330000
130190340000
130190350000
130190360000
130190370000
130190380000
130190390000
130190400000
130190410000
130190420000
130190430000
130190440000
130190450000
130190460000
130190470000
130190480000
130190490000
130190500000
130190510000
130190520000
130190530000
130190540000
130190550000
130190560000
130190570000
130190580000
130190590000
130190600000
130190610000
130190620000
130190630000
130190640000
130200010000
130200020000
130200030000
130200040000
130200050000
130200060000
130200070000
130200080000
130200090000
130200100000
130200110000
130200120000
130200140000
130200150000
130200160000
130200170000
130200180000
130200190000
130200200000
130200210000
130200220000
130200230000
130200240000
130200250000
130200260000
130200270000
130200280000
130200290000
130200300000
130200310000
130200320000
130200330000
130200340000
130200350000
130200360000
130200370000
130200380000
130200390000
130200400000
130200410000
130200420000
130200430000
130200440000
130200450000
130200460000
130200470000
130200480000
130200490000
130200500000
130200510000
130200520000
130200530000
130200540000
130200550000
130200560000
130200570000
130200580000
130200600000
130200610000
130200620000
130200630000
130200640000
130210010000
130210020000
130210030000
130210040000
130210050000
130210070000
130210080000
130210090000
130210100000
130210110000
130210120000
130210130000
130210140000
130210150000
130210160000
130210170000
130210180000
130210190000
130210200000
130210210000
130210220000
130210230000
130210240000
130210250000
130210260000
130210270000
130210280000
130210290000
130210300000
130210310000
130210320000
130210330000
130210340000
130210350000
130210360000
130210370000
130210380000
130210390000
130210400000
130210410000
130210420000
130210430000
130210440000
130210450000
130210460000
130210480000
130210490000
130210500000
130210510000
130210520000
130210530000
130210540000
130210550000
130210560000
130210570000
130210580000
130210590000
130210600000
130210610000
130210620000
130210630000
130210640000
130220010000
130220020000
130220030000
130220040000
130220050000
130220060000
130220070000
130220080000
130220090000
130220100000
130220110000
130220120000
130220130000
130220140000
130220150000
130220160000
130220170000
130220180000
130220190000
130220200000
130220210000
130220230000
130220240000
130220250000
130220260000
130220270000
130220280000
130220290000
130220300000
130220310000
130220320000
130220330000
130220340000
130220350000
130220360000
130220370000
130220380000
130220390000
130220400000
130220410000
130220420000
130220430000
130220440000
130220450000
130220460000
130220470000
130220480000
130220490000
130220500000
130220510000
130220520000
130220530000
130220540000
130220550000
130220560000
130220570000
130220580000
130220590000
130220600000
130220610000
130220620000
130220630000
130220640000
130230010000
130230020000
130230030000
130230050000
130230060000
130230070000
130230080000
130230090000
130230100000
130230110000
130230120000
130230130000
130230140000
130230150000
130230160000
130230170000
130230180000
130230190000
130230200000
130230210000
130230230000
130230240000
130230250000
130230260000
130230270000
130230280000
130230290000
130230300000
130230310000
130230320000
130230330000
130230340000
130230350000
130230360000
130230370000
130230380000
130230390000
130230400000
130230410000
130230420000
130230430000
130230440000
130230450000
130230460000
130230470000
130230480000
130230490000
130230500000
130230510000
130230520000
130230530000
130230540000
130230550000
130230560000
130230570000
130230580000
130230590000
130230610000
130230620000
130240010000
130240020000
130240030000
130240040000
130240050000
130240060000
130240070000
130240090000
130240100000
130240110000
130240120000
130240130000
130240140000
130240150000
130240160000
130240170000
130240180000
130240190000
130240200000
130240210000
130240220000
130240230000
130240240000
130240260000
130240270000
130240280000
130240290000
130240300000
130240310000
130240320000
130240330000
130240340000
130240350000
130240360000
130240370000
130240380000
130240390000
130240400000
130240410000
130240420000
130240430000
130240440000
130240450000
130250010000
130250020000
130250030000
130250040000
130250050000
130250060000
130250070000
130250080000
130250090000
130250100000
130250110000
130250120000
130250130000
130250140000
130250150000
130250160000
130250170000
130250180000
130250190000
130250200000
130250210000
130250220000
130250230000
130250240000
130250250000
130250260000
130250270000
130250280000
130250290000
130250300000
130250320000
130250330000
130250340000
130250350000
130250360000
130250370000
130250380000
130250390000
130250400000
130250410000
130250420000
130250430000
130250440000
130250450000
130250460000
130250470000
130250480000
130250490000
130250500000
130250510000
130260010000
130260020000
130260030000
130260040000
130260050000
130260060000
130260070000
130260080000
130260090000
130260100000
130260110000
130260120000
130260130000
130260140000
130260150000
130260160000
130260170000
130260180000
130260220000
130260230000
130260240000
130260250000
130260260000
130260270000
130260280000
130260290000
130260300000
130260310000
130260320000
130260330000
130260340000
130260350000
130260360000
130260370000
130260380000
130260390000
130260400000
130260410000
130260420000
130260430000
130260440000
130260450000
130270010000
130270030000
130270040000
130270050000
130270060000
130270070000
130270080000
130270090000
130270100000
130270110000
130270120000
130270140000
130270150000
130270160000
130270170000
130270180000
130270200000
130270210000
130270220000
130270230000
130270240000
130270250000
130270260000
130270270000
130270280000
130270290000
130270300000
130270310000
130270320000
130270330000
130270340000
130270350000
130270360000
130270370000
130270380000
130270390000
130270400000
130270410000
130270430000
130270440000
130270450000
130270460000
130270470000
130270480000
130270490000
130270500000
130270520000
130270530000
130270540000
130270550000
130270560000
130270570000
130280010000
130280020000
130280030000
130280040000
130280050000
130280060000
130280070000
130280080000
130280090000
130280100000
130280110000
130280120000
130280130000
130280140000
130280150000
130280160000
130280170000
130280180000
130280190000
130280200000
130280210000
130280220000
130280230000
130280240000
130280250000
130280260000
130280270000
130280280000
130280290000
130280300000
130280310000
130280320000
130280330000
130280340000
130280350000
130280360000
130280370000
130280380000
130280390000
130280400000
130280410000
130280420000
130280430000
130280440000
130280450000
130280460000
130280470000
130280480000
130280490000
130280500000
130280510000
130280520000
130280530000
130280540000
130280550000
130280560000
130280570000
130280580000
130280590000
130280600000
130280610000
130280620000
130290010000
130290020000
130290030000
130290040000
130290050000
130290060000
130290070000
130290080000
130290090000
130290100000
130290110000
130290120000
130290130000
130290140000
130290150000
130290160000
130290170000
130290180000
130290190000
130290200000
130290210000
130290220000
130290230000
130290240000
130290250000
130290260000
130290270000
130290280000
130290290000
130290300000
130290310000
130290320000
130290330000
130290340000
130290350000
130300010000
130300020000
130300030000
130300040000
130300050000
130300060000
130300070000
130300080000
130300090000
130300100000
130300110000
130300120000
130300130000
130300140000
130300150000
130300160000
130300170000
130300180000
130300190000
130300200000
130300210000
130300220000
130300230000
130300240000
130300250000
130300260000
130300270000
130300280000
130300290000
130300300000
130300310000
130300320000
130300330000
130300340000
130300350000
130300360000
130300370000
130300380000
130300390000
130300400000
130300410000
130300420000
130300430000
130300440000
130300450000
130300460000
130300470000
130300480000
130300490000
130300500000
130300510000
130300520000
130300530000
130300540000
130300550000
130300560000
130300570000
130300580000
130300590000
130300600000
130300610000
130300620000
130300630000
130300640000
130310010000
130310020000
130310030000
130310040000
130310050000
130310060000
130310070000
130310080000
130310090000
130310100000
130310110000
130310120000
130310130000
130310140000
130310150000
130310160000
130310170000
130310180000
130310190000
130310200000
130310210000
130310220000
130310230000
130310240000
130310250000
130310260000
130310270000
130310280000
130310290000
130310300000
130310310000
130310320000
130310330000
130310340000
130310360000
130310370000
130310380000
130310390000
130310400000
130310410000
130310420000
130310430000
130310440000
130310460000
130310470000
130310480000
130310490000
130310500000
130310510000
130310520000
130310530000
130310540000
130310550000
130310560000
130310570000
130310580000
130310590000
130310600000
130310610000
130310620000
130310630000
130310640000
130310650000
130310660000
130310670000
130310680000
130310690000
130310700000
130310710000
130310720000
130310730000
130310740000
130310750000
130310760000
130310770000
130310780000
130320010000
130320020000
130320030000
130320040000
130320050000
130320060000
130320070000
130320080000
130320090000
130320100000
130320110000
130320120000
130320130000
130320140000
130320150000
130320160000
130320170000
130320180000
130320190000
130320200000
130320210000
130320220000
130320230000
130320240000
130320250000
130320260000
130320270000
130320280000
130320290000
130320300000
130320310000
130320320000
130320330000
130320340000
130320350000
130320360000
130320370000
130320380000
130320390000
130320400000
130320410000
130320420000
130320430000
130320440000
130320450000
130320460000
130320470000
130320480000
130320490000
130320500000
130320510000
130320520000
130320530000
130320540000
130320550000
130320560000
130320570000
130320580000
130320590000
130320600000
130320610000
130320620000
130320630000
130320640000
130320650000
130320660000
130320670000
130320680000
130320690000
130320700000
130320710000
130320720000
130320730000
130320740000
130320750000
130320760000
130320770000
130320780000
130320790000
130320800000
130320810000
130320820000
130320830000
130320840000
130320850000
130320860000
130320870000
130320880000
130330010000
130330020000
130330030000
130330040000
130330060000
130330070000
130330080000
130330090000
130330100000
130330110000
130330120000
130330130000
130330140000
130330150000
130330160000
130330170000
130330180000
130330190000
130330200000
130330210000
130330220000
130330230000
130330240000
130330250000
130330260000
130330270000
130330280000
130330290000
130330300000
130330310000
130330320000
130330330000
130330340000
130330350000
130330360000
130330370000
130330380000
130330390000
130330400000
130330410000
130330420000
130330430000
130330440000
130330450000
130330460000
130330470000
130330480000
130330490000
130330500000
130330510000
130330520000
130330530000
130330550000
130330560000
130330570000
130330580000
130330590000
130330600000
130330610000
130330620000
130330630000
130330640000
130330650000
130330660000
130330670000
130330680000
130330690000
130330700000
130330710000
130330720000
130330730000
130330740000
130330750000
130330760000
130330770000
130330780000
130330790000
130330800000
130330810000
130330820000
130330830000
130330840000
130330850000
130330860000
130330870000
130330880000
130330890000
130330900000
130330910000
130330920000
130330930000
130330940000
130330950000
130330960000
130330970000
130340010000
130340020000
130340030000
130340040000
130340050000
130340060000
130340070000
130340080000
130340090000
130340100000
130340110000
130340130000
130340140000
130340150000
130340160000
130340170000
130340180000
130340190000
130340200000
130340210000
130340220000
130340230000
130340240000
130340250000
130340260000
130340270000
130340280000
130340290000
130340300000
130340310000
130340320000
130340330000
130340340000
130340350000
130340370000
130340380000
130340390000
130340400000
130340410000
130340420000
130340430000
130340440000
130340450000
130340460000
130340470000
130340480000
130340490000
130340500000
130340510000
130340520000
130340530000
130340540000
130340550000
130340560000
130340570000
130340580000
130340590000
130340600000
130340610000
130340620000
130340630000
130340640000
130340650000
130340660000
130340670000
130340680000
130340690000
130340700000
130340710000
130340720000
130340730000
130340740000
130340750000
130340760000
130340770000
130340780000
130340790000
130340800000
130340810000
130340820000
130340830000
130340840000
130340850000
130340860000
130340870000
130340880000
130340890000
130340900000
130340910000
130340920000
130340930000
130340940000
130340950000
130340960000
130340970000
130340980000
130340990000
130341000000
130341010000
130341020000
130341030000
130341040000
130350010000
130350020000
130350030000
130350040000
130350050000
130350060000
130350070000
130350080000
130350090000
130350100000
130350110000
130350120000
130350130000
130350140000
130350150000
130350160000
130350170000
130350180000
130350190000
130350200000
130350210000
130350220000
130350230000
130350240000
130350250000
130350260000
130350270000
130350280000
130350290000
130350300000
130350310000
130350320000
130350330000
130350340000
130350350000
130350360000
130350370000
130350380000
130350390000
130350400000
130350410000
130350420000
130350430000
130350440000
130350450000
130350460000
130350470000
130350480000
130350490000
130350500000
130350510000
130350520000
130350530000
130350540000
130350550000
130350560000
130350570000
130350580000
130350590000
130350600000
130350610000
130350620000
130350630000
130350640000
130350650000
130350660000
130350680000
130350690000
130350700000
130350710000
130350720000
130350730000
130350740000
130350750000
130350760000
130350770000
130350780000
130350790000
130350800000
130350810000
130350820000
130350830000
130350840000
130350850000
130350860000
130350870000
130350880000
130350890000
130350900000
130350910000
130350920000
130350930000
130350940000
130350950000
130350960000
130350970000
130350980000
130350990000
130360010000
130360020000
130360030000
130360040000
130360050000
130360060000
130360070000
130360080000
130360090000
130360100000
130360110000
130360120000
130360130000
130360140000
130360150000
130360160000
130360170000
130360180000
130360190000
130360200000
130360210000
130360220000
130360230000
130360240000
130360250000
130360260000
130360270000
130360280000
130360290000
130360300000
130360310000
130360320000
130360330000
130360340000
130360350000
130360360000
130360370000
130360380000
130360390000
130360400000
130360410000
130360420000
130360430000
130360440000
130360450000
130360460000
130360470000
130360480000
130360530000
130360540000
130360550000
130360560000
130360570000
130360580000
130360590000
130360600000
130360610000
130360620000
130360630000
130360640000
130360650000
130360660000
130360670000
130360680000
130360690000
130360700000
130360710000
130360720000
130360730000
130360740000
130360750000
130360760000
130360770000
130360790000
130360800000
130360810000
130360820000
130360830000
130360840000
130360850000
130360860000
130360870000
130360880000
130370010000
130370020000
130370030000
130370040000
130370050000
130370060000
130370070000
130370080000
130370090000
130370100000
130370110000
130370120000
130370130000
130370140000
130370150000
130370160000
130370170000
130370180000
130370190000
130370200000
130370210000
130370220000
130370230000
130370240000
130370250000
130370260000
130370270000
130370280000
130370290000
130370300000
130370310000
130370320000
130370330000
130370340000
130370350000
130370360000
130370370000
130370380000
130370390000
130370400000
130370410000
130370420000
130370430000
130370440000
130370450000
130370460000
130370470000
130370480000
130370500000
130370510000
130370520000
130370530000
130370540000
130370550000
130370560000
130370570000
130370580000
130370590000
130370600000
130370610000
130370620000
130370630000
130370640000
130370650000
130370660000
130370670000
130370680000
130370690000
130370700000
130370710000
130370720000
130370730000
130370740000
130370750000
130370760000
130380010000
130380020000
130380030000
130380040000
130380050000
130380060000
130380070000
130380080000
130380090000
130380100000
130380110000
130380120000
130380130000
130380140000
130380150000
130380160000
130380170000
130380180000
130380190000
130380200000
130380210000
130380220000
130380230000
130380240000
130380250000
130380260000
130380270000
130380280000
130380290000
130380300000
130380310000
130380320000
130380330000
130380340000
130380350000
130380360000
130380370000
130380380000
130380390000
130380400000
130380410000
130380420000
130380430000
130380440000
130380450000
130380460000
130380470000
130380480000
130380490000
130380500000
130380510000
130380520000
130380530000
130380540000
130380550000
130380560000
130380570000
130380580000
130380590000
130380600000
130380610000
130380620000
130380630000
130380640000
130390010000
130390020000
130390030000
130390040000
130390050000
130390060000
130390070000
130390080000
130390090000
130390100000
130390110000
130390120000
130390130000
130390140000
130390150000
130390160000
130390170000
130390180000
130390190000
130390200000
130390210000
130390220000
130390230000
130390240000
130390250000
130390260000
130390270000
130390280000
130390290000
130390300000
130390310000
130390320000
130390330000
130390340000
130390350000
130390360000
130390370000
130390380000
130390390000
130390400000
130390410000
130390420000
130390430000
130390440000
130390450000
130390460000
130390470000
130390480000
130390490000
130390500000
130390510000
130390520000
130400010000
130400020000
130400030000
130400040000
130400050000
130400060000
130400070000
130400080000
130400090000
130400100000
130400110000
130400120000
130400130000
130400140000
130400150000
130400160000
130400170000
130400180000
130400190000
130400200000
130400210000
130400220000
130400230000
130400240000
130400250000
130400260000
130400270000
130400280000
130400290000
130400300000
130400310000
130400320000
130400330000
130400340000
130400350000
130400360000
130400370000
130400380000
130400390000
130400400000
130400410000
130400420000
130400430000
130400440000
130400450000
130400460000
130400470000
130400490000
130400500000
130400510000
130400520000
130400530000
130400540000
130400550000
130400560000
130400570000
130400580000
130400590000
130400600000
130400610000
130400620000
130400630000
130400640000
130400650000
130400660000
130400670000
130400680000
130400690000
130400700000
130410010000
130410020000
130410030000
130410040000
130410050000
130410060000
130410070000
130410080000
130410090000
130410100000
130410110000
130410120000
130410130000
130410140000
130410150000
130410160000
130410170000
130410180000
130410190000
130410200000
130410210000
130410220000
130410230000
130410240000
130410250000
130410260000
130410270000
130410280000
130410290000
130410300000
130410310000
130410320000
130410330000
130410340000
130410350000
130410360000
130410370000
130410380000
130410390000
130410400000
130410410000
130410420000
130410430000
130410440000
130410450000
130410460000
130410470000
130410480000
130410490000
130410500000
130410510000
130410520000
130410530000
130410540000
130410550000
130410560000
130410570000
130410580000
130420010000
130420020000
130420030000
130420040000
130420050000
130420060000
130420070000
130420080000
130420090000
130420100000
130420110000
130420120000
130420130000
130420140000
130420150000
130420170000
130420180000
130420190000
130420200000
130420210000
130420220000
130420230000
130420240000
130420250000
130420260000
130420270000
130420280000
130420290000
130420300000
130420310000
130420320000
130420330000
130420340000
130420350000
130420360000
130420370000
130420380000
130420390000
130420400000
130420410000
130420430000
130420440000
130420450000
130420460000
130420470000
130420480000
130420490000
130420500000
130420510000
130420520000
130420530000
130420540000
130420550000
130420560000
130430010000
130430020000
130430030000
130430040000
130430050000
130430060000
130430070000
130430080000
130430090000
130430100000
130430110000
130430120000
130430130000
130430140000
130430150000
130430160000
130430170000
130430180000
130430190000
130430200000
130430210000
130430220000
130430230000
130430240000
130430250000
130430260000
130430270000
130430280000
130430290000
130430300000
130430310000
130430320000
130430330000
130430340000
130430350000
130430360000
130430370000
130430380000
130430390000
130430400000
130430420000
130430430000
130430440000
130430450000
130430460000
130430470000
130430480000
130430490000
130430500000
130430510000
130430520000
130430530000
130430540000
130440010000
130440020000
130440030000
130440040000
130440050000
130440060000
130440070000
130440080000
130440090000
130440100000
130440110000
130440120000
130440130000
130440140000
130440150000
130440160000
130440170000
130440180000
130440190000
130440200000
130440210000
130440220000
130440230000
130440240000
130440250000
130440260000
130440270000
130440280000
130440290000
130440300000
130440310000
130440320000
130440330000
130440340000
130440350000
130440360000
130440370000
130440380000
130440390000
130440400000
130440410000
130440420000
130440430000
130440440000
130440450000
130440460000
130440470000
130440480000
130440490000
130440500000
130440510000
130440520000
130440530000
130440540000
130440550000
130440560000
130440570000
130440580000
130440590000
130440600000
130440610000
130440620000
130440630000
130440640000
130440650000
130440660000
130440670000
130440680000
130450010000
130450020000
130450030000
130450040000
130450050000
130450060000
130450070000
130450080000
130450090000
130450110000
130450120000
130450130000
130450140000
130450150000
130450160000
130450170000
130450180000
130450190000
130450200000
130450210000
130450220000
130450230000
130450240000
130450250000
130450260000
130450270000
130450280000
130450290000
130450300000
130450310000
130450330000
130450340000
130450350000
130450360000
130450370000
130450380000
130450390000
130460010000
130460020000
130460030000
130460040000
130460050000
130460060000
130460070000
130460080000
130460090000
130460100000
130460110000
130460120000
130460130000
130460140000
130460150000
130460160000
130460170000
130460180000
130460190000
130460200000
130460210000
130460220000
130460230000
130460240000
130460250000
130460260000
130460270000
130460280000
130460290000
130460300000
130460310000
130460320000
130460330000
130460340000
130460350000
130460360000
130460370000
130460380000
130460390000
130460400000
130460410000
130460420000
130460430000
130460440000
130460450000
130460470000
130460480000
130460490000
130460500000
130460510000
130460520000
130460530000
130460540000
130460550000
130460560000
130460570000
130460580000
130460590000
130460600000
130460610000
130460620000
130460630000
130460640000
130460650000
130460660000
130460670000
130460690000
130460700000
130460710000
130460720000
130460730000
130460740000
130460750000
130460760000
130460770000
130460780000
130460790000
130460800000
130460810000
130460820000
130460830000
130460840000
130460850000
130460860000
130460870000
130460880000
130460890000
130460910000
130460920000
130460930000
130460940000
130460950000
130460960000
130460970000
130460980000
130460990000
130461000000
130461010000
130461020000
130461030000
130461040000
130461050000
130461060000
130461070000
130461080000
130461090000
130470010000
130470020000
130470030000
130470040000
130470050000
130470060000
130470070000
130470080000
130470090000
130470100000
130470110000
130470120000
130470130000
130470140000
130470150000
130470160000
130470170000
130470180000
130470190000
130470200000
130470210000
140010010000
140010020000
140010030000
140010040000
140010050000
140010080000
140010100000
140010120000
140010130000
140010140000
140010160000
140010180000
140010190000
140010210000
140010220000
140010230000
140010240000
140010250000
140010260000
140010270000
140010280000
140010290000
140010300000
140010310000
140010320000
140010330000
140010350000
140010360000
140010370000
140010380000
140010400000
140010410000
140010420000
140010430000
140010440000
140010450000
140010460000
140010470000
140010480000
140010490000
140010500000
140010510000
140010520000
140010530000
140010540000
140010550000
140010560000
140010590000
140010600000
140010610000
140010620000
140010630000
140010640000
140010650000
140010660000
140010710000
140010720000
140010730000
140010740000
140010770000
140010780000
140010790000
140010800000
140010810000
140010820000
140010830000
140010840000
140010850000
140010860000
140010870000
140010880000
140010890000
140010900000
140010910000
140010920000
140010930000
140010940000
140010950000
140010960000
140010970000
140010980000
140010990000
140020010000
140020020000
140020030000
140020040000
140020100000
140020110000
140020150000
140020170000
140020180000
140020220000
140020260000
140020270000
140020310000
140020320000
140020340000
140020360000
140020370000
140020400000
140020410000
140020420000
140020440000
140020450000
140020460000
140020470000
140020480000
140020520000
140020640000
140020650000
140020670000
140020680000
140020710000
140020720000
140020760000
140020800000
140020810000
140020820000
140020850000
140020860000
140020870000
140020920000
140020930000
140020950000
140020960000
140020970000
140020980000
140020990000
140021000000
140027770000
140030010000
140030020000
140030030000
140030080000
140030110000
140030120000
140030130000
140030160000
140030170000
140030180000
140030190000
140030200000
140030250000
140030260000
140030280000
140030300000
140030310000
140030320000
140030330000
140030340000
140030350000
140030360000
140030370000
140030380000
140030390000
140030400000
140030410000
140030420000
140030430000
140030440000
140040010000
140040020000
140040030000
140040040000
140040050000
140040060000
140040070000
140040080000
140050010000
140050020000
140050040000
140050050000
140050060000
140050070000
140050080000
140050090000
140050100000
140050110000
140050120000
140050130000
140050140000
140050150000
140050160000
140050170000
140050180000
140050190000
140050200000
140050210000
140050220000
140050230000
140050240000
140050250000
140050260000
140050270000
140050280000
140050290000
140050310000
140060010000
140060020000
140060080000
140060090000
140060100000
140060110000
140060120000
140060130000
140060150000
140060160000
140070020000
140070030000
140070040000
140070050000
140070060000
140070070000
140080010000
140080020000
140080030000
140080040000
140080050000
140090020000
140090030000
140090040000
140090050000
140090060000
140090070000
140090080000
140090090000
140100010000
140100020000
140100030000
140100050000
140100060000
140100070000
140100080000
140100090000
140100100000
140100110000
140100130000
140100140000
140100150000
140100160000
140100170000
140100200000
140100210000
140100220000
140100230000
140100240000
140100250000
140100260000
140100270000
140100280000
140100290000
140100300000
140100310000
140100320000
140100330000
140100340000
140100360000
140100370000
140100380000
140100390000
140100400000
140100410000
140100420000
140100430000
140100440000
140100450000
140100460000
140100470000
140100480000
140100490000
140100500000
140100510000
140100520000
140100530000
140100540000
140100550000
140100560000
140100570000
140100580000
140100590000
140100610000
140100630000
140110010000
140110020000
140110030000
140110040000
140110050000
140110060000
140110070000
140110080000
140110100000
140110120000
140110130000
140110140000
140110150000
140110160000
140110190000
140110200000
140110210000
140110220000
140110230000
140110240000
140110250000
140110260000
140110270000
140110280000
140110290000
140110300000
140110310000
140110320000
140110330000
140110340000
140110350000
140110380000
140110390000
140110400000
140110410000
140110420000
140110430000
140110440000
140110450000
140110460000
140110470000
140110480000
140110490000
140110500000
140110510000
140110520000
140110530000
140110540000
140110550000
140110560000
140110570000
140110580000
140110590000
140110600000
140110610000
140110620000
140110630000
140110640000
140110650000
140110660000
140110670000
140110680000
140110690000
140110700000
140110710000
140110720000
140110730000
140110740000
140110760000
140110770000
140110780000
140110790000
140120010000
140120020000
140120030000
140120040000
140120050000
140120060000
140120070000
140120080000
140130010000
140130020000
140130030000
140130040000
140130050000
140130060000
140130070000
140140010000
140140020000
140140030000
140140040000
140140050000
140140060000
140140070000
140140080000
140140090000
140140100000
140140110000
140140120000
140140130000
140140140000
140140150000
140150010000
140150020000
140150030000
140150040000
140150050000
140150060000
140150070000
140150080000
140150090000
140150100000
140160010000
140160020000
140160030000
140160040000
140160050000
140160060000
140160070000
140160080000
140160090000
140160100000
140160110000
140160120000
140160130000
140170010000
140170020000
140170030000
140170040000
140170050000
140170060000
140170070000
140170080000
140170090000
140170100000
140170110000
140170120000
140170130000
140180010000
140180020000
140180030000
140180040000
140180050000
140180060000
140180070000
140180080000
140180090000
140180100000
140180110000
140180120000
140180130000
140180140000
140190010000
140190020000
140190030000
140190040000
140190050000
140190060000
140190070000
140190080000
140190090000
140190100000
140190110000
140190120000
140190130000
140190140000
140200010000
140200020000
140200030000
140200040000
140200050000
140200060000
140200070000
140200080000
140200090000
140200100000
140200120000
140210010000
140210020000
140210030000
140210040000
140210050000
140210060000
140210070000
140210080000
140210090000
140220010000
140220020000
140220030000
140220040000
140220050000
140220060000
140220070000
140220080000
140220090000
140220100000
140220110000
140220120000
140220130000
140220140000
140220150000
140220160000
140230010000
140230020000
140230030000
140230040000
140230050000
140230060000
140230070000
140240010000
140240020000
140240030000
140240040000
140240050000
140240060000
140240070000
140240080000
140240090000
140240100000
140240110000
140240120000
140250020000
140250030000
140250040000
140250050000
140250060000
140250070000
140250080000
140250090000
140250100000
140250110000
140250120000
140250130000
140250140000
140250150000
140250160000
140250170000
140250180000
140250190000
140250200000
140250210000
140250220000
140250230000
140260010000
140260020000
140260030000
140260040000
140260050000
140260060000
140260070000
140260080000
140260090000
140260100000
140260110000
140260120000
140260130000
140260140000
140260150000
140260160000
140270010000
140270020000
140270030000
140270040000
140270050000
140270060000
140270070000
140270080000
140270090000
140270100000
140270110000
140270130000
140270140000
140270150000
140270160000
140270170000
140270180000
140270190000
140270200000
140270210000
140270220000
140270230000
140270240000
140270250000
140270260000
140270270000
140270290000
140270300000
140270310000
140270320000
140270330000
140270340000
140270350000
140270360000
140270370000
140270380000
140270390000
140280010000
140280020000
140280030000
140280040000
140280050000
140280060000
140280070000
140280080000
140280090000
140280100000
140280110000
140280120000
140280130000
140280140000
140280150000
140280160000
140280170000
140280180000
140280190000
140280200000
140280210000
140280220000
140280230000
140280240000
140280250000
140280260000
140280270000
140280280000
140280290000
140280300000
140280310000
140280320000
140280330000
140280340000
140280350000
140280360000
140280370000
140280380000
140280390000
140280400000
140280410000
140280420000
140280430000
140280440000
140280450000
140280460000
140280470000
140280480000
140280490000
140280500000
140280510000
140280520000
140280530000
140280540000
140280550000
140280560000
140280570000
140280580000
140280590000
140280600000
140280610000
140280620000
140280630000
140280640000
140280650000
140280660000
140280670000
140280680000
140280690000
140280700000
140280710000
140280720000
140280730000
140280740000
140280750000
140280760000
140280770000
140280780000
140280790000
140280800000
140280810000
140280820000
140280830000
140280840000
140280850000
140280860000
140280870000
140280880000
140280890000
140280900000
140280910000
140280920000
140280930000
140280940000
140280950000
140280960000
140280970000
140280980000
140280990000
140281000000
140281010000
140281020000
140281030000
140281040000
140281060000
140281070000
140281080000
140281090000
140281100000
140281110000
140281120000
140281130000
140281140000
140281150000
140281160000
140281170000
140281180000
140281190000
140281200000
140281210000
140281220000
140281230000
140281240000
140281250000
140281260000
140281270000
140281280000
140281290000
140281300000
140281310000
140281320000
140281330000
140281340000
140281350000
140281360000
140281370000
140281380000
140281390000
140281400000
140281410000
140281420000
140281430000
140281440000
140281450000
140281460000
140281470000
140281480000
140281490000
140281500000
140281510000
140281520000
140281530000
140281540000
140281550000
140281560000
140281570000
140281580000
140281590000
140281600000
140281610000
140281620000
140281630000
140281640000
140281650000
140281660000
140281670000
140281680000
140281690000
140281700000
140281710000
140281720000
140281730000
140281740000
140281750000
140281760000
140281770000
140281780000
140281790000
140281810000
140300010000
140300020000
140300030000
140300040000
140300050000
140300060000
140300070000
140300080000
140300090000
140300100000
140300110000
140300120000
140300130000
140300140000
140300150000
140300160000
140300170000
140300180000
140300190000
140300200000
140300210000
140300220000
140300230000
140300240000
140300250000
140300260000
140300270000
140300280000
140300290000
140300300000
140300310000
140300320000
140300330000
140300340000
140300350000
140300360000
140300370000
140300380000
140300390000
140300400000
140300410000
140300420000
140300430000
140300440000
140300450000
140300460000
140300470000
140300480000
140300490000
140300500000
140300510000
140300520000
140300530000
140300540000
140300550000
140300560000
140300570000
140300580000
140300590000
140300600000
140300610000
140300620000
140300630000
140300640000
140300650000
140300660000
140300670000
140300680000
140300690000
140300700000
140300710000
140300720000
140300730000
140300740000
140300750000
140300760000
140300770000
140300780000
140300790000
140300800000
140300810000
140300820000
140300830000
140300840000
140300850000
140300860000
140300870000
140300880000
140300890000
140300900000
140300910000
140300920000
140300930000
140300940000
140300950000
140300970000
140300990000
140301000000
140301010000
140301020000
140301030000
140301040000
140301050000
140301060000
140301070000
140310010000
140310020000
140310030000
140310040000
140310050000
140310060000
140310070000
140310080000
140310090000
140310100000
140310110000
140310120000
140310130000
140310140000
140310150000
140310160000
140310170000
140310180000
140310190000
140310200000
140310210000
140310220000
140310230000
140310240000
140310250000
140310260000
140310270000
140310280000
140310290000
140310300000
140310310000
140310320000
140310330000
140310340000
140310350000
140310360000
140310370000
140310380000
140310390000
140310400000
140310410000
140310420000
140310430000
140310440000
140310450000
140310460000
140310470000
140310480000
140310490000
140310500000
140310510000
140310520000
140310530000
140310540000
140310550000
140310560000
140310570000
140310580000
140310590000
140310600000
140310610000
140310620000
140310630000
140310640000
140310650000
140310670000
140310680000
140310690000
140310700000
140310710000
140310720000
140310730000
140310740000
140310750000
140310760000
140310770000
140310780000
140310790000
140310800000
140310810000
140310820000
140310830000
140310840000
140310850000
140310860000
140310870000
140310880000
140310890000
140310900000
140310910000
140310920000
140310930000
140310940000
140310950000
140310960000
140310970000
140310980000
140310990000
140311000000
140311010000
140311020000
140311030000
140311040000
140311050000
140311060000
140311070000
140311080000
140311090000
140311100000
140311110000
140311120000
140311130000
140311140000
140311150000
140311160000
140311170000
140311180000
140311190000
140311200000
140311210000
140311220000
140311230000
140311240000
140311250000
140311260000
140311280000
140311290000
140311300000
140311310000
140311320000
140311330000
140311340000
140311350000
140311360000
140311370000
140311380000
140311390000
140311400000
140311410000
140311420000
140311430000
140311440000
140311450000
140320010000
140320020000
140320030000
140320040000
140320050000
140320060000
140320070000
140320080000
140320090000
140320100000
140320110000
140320120000
140320130000
140320140000
140320150000
140320160000
140320170000
140320180000
140320190000
140320200000
140320210000
140320220000
140320230000
140320240000
140320250000
140320260000
140320270000
140320280000
140320290000
140320300000
140320310000
140320320000
140320330000
140320340000
140320350000
140320360000
140320370000
140320380000
140320390000
140320400000
140320410000
140320420000
140320430000
140320440000
140320450000
140320460000
140320470000
140320480000
140320490000
140320500000
140320510000
140320520000
140320530000
140320540000
140320550000
140320560000
140320570000
140320580000
140320590000
140320600000
140320610000
140320620000
140320630000
140320640000
140320650000
140320660000
140320670000
140320680000
140320690000
140320700000
140320710000
140320720000
140320730000
140320740000
140320750000
140320760000
140320770000
140320780000
140320790000
140320800000
140320810000
140320820000
140320830000
140320840000
140320850000
140320860000
140320870000
140320880000
140320890000
140320900000
140320910000
140320920000
140320930000
140320940000
140320950000
140320960000
140320970000
140330010000
140330020000
140330030000
140330040000
140330050000
140330060000
140330070000
140330080000
140330090000
140330100000
140330110000
140330120000
140330130000
140330140000
140330150000
140330160000
140330170000
140330180000
140330190000
140330200000
140330210000
140330220000
140330230000
140330240000
140330250000
140330260000
140330270000
140330280000
140330290000
140330300000
140330310000
140330320000
140330330000
140330340000
140330350000
140330360000
140330370000
140330380000
140330390000
140330400000
140330410000
140330420000
140330430000
140330440000
140330450000
140330460000
140330470000
140330480000
140330490000
140330500000
140330510000
140330520000
140330530000
140330540000
140330550000
140330560000
140330570000
140330580000
140330590000
140330600000
140330610000
140330620000
140330630000
140330640000
140330650000
140330660000
140330670000
140330680000
140330690000
140330710000
140330730000
140330740000
140330750000
140340010000
140340020000
140340030000
140340040000
140340050000
140340060000
140340070000
140340080000
140340090000
140340100000
140340110000
140340120000
140340130000
140340140000
140340150000
140340160000
140340170000
140340180000
140340190000
140340200000
140340210000
140340220000
140340230000
140340250000
140340260000
140340270000
140340280000
140350010000
140350020000
140350030000
140350040000
140350050000
140350060000
140350070000
140350080000
140350090000
140350100000
140350110000
140350120000
140360010000
140360020000
140360030000
140360040000
140360050000
140360060000
140360070000
140360080000
140360090000
140360100000
140360110000
140360120000
140360130000
140370010000
140370020000
140370030000
140370040000
140370050000
140370060000
140370070000
140380010000
140380020000
140380030000
140380040000
140380050000
140390010000
140390020000
140390030000
140390040000
140390050000
140400010000
140400020000
140400030000
140400040000
140400050000
140410010000
140410020000
140410030000
140410040000
140410050000
140420010000
140420020000
140420030000
140420040000
140420050000
140420060000
140420070000
140430010000
140430020000
140430030000
140430040000
140430050000
140430060000
140430070000
140430080000
140430090000
140430100000
140430110000
140430120000
140430130000
140440010000
140440020000
140440030000
140440040000
140440060000
140440070000
140440080000
140440090000
140440100000
140440110000
140440120000
140450010000
140450020000
140450030000
140450040000
140450050000
140450060000
140450070000
140450080000
140450090000
140450100000
140450110000
140450120000
140450130000
140450140000
140450150000
140450160000
140450170000
140450180000
140450190000
140450200000
140450210000
140450220000
140450230000
140450240000
140450250000
140450260000
140450270000
140450280000
140450290000
140450300000
140450310000
140450320000
140450330000
140450340000
140450350000
140450360000
140450370000
140450380000
140450390000
140450400000
140450410000
140450420000
140450430000
140450440000
140450450000
140450460000
140450470000
140450480000
140450490000
140450500000
140450510000
140450520000
140450530000
140450540000
140450550000
140450560000
140450570000
140450580000
140450590000
140450600000
140450610000
140450620000
140450630000
140450640000
140450650000
140450660000
140450670000
140450680000
140450690000
140450700000
140450710000
140450720000
140450730000
140450740000
140450750000
140450760000
140450770000
140450780000
140450790000
140450800000
140450810000
140450820000
140450830000
140450840000
140450850000
140450860000
140450870000
140450880000
140450890000
140450900000
140460010000
140460020000
140460030000
140460040000
140460050000
140460060000
140460070000
140460080000
140460090000
140460100000
140460110000
140460120000
140460130000
140460140000
140460150000
140460160000
140460170000
140460180000
140460190000
140460200000
140460210000
140460220000
140460230000
140460240000
140460250000
140460260000
140460270000
140460280000
140460290000
140460300000
140460310000
140460320000
140460330000
140460340000
140460350000
140460360000
140460370000
140460380000
140460390000
140460400000
140460410000
140460420000
140460430000
140460440000
140460450000
140460460000
140460470000
140460480000
140460490000
140460500000
140460510000
140460520000
140460530000
140460540000
140460550000
140460560000
140460570000
140460580000
140460590000
140460600000
140460610000
140460620000
140460630000
140460640000
140460650000
140460660000
140460670000
140460680000
140460690000
140460700000
140460710000
140460720000
140460730000
140460740000
140460750000
140460760000
140460770000
140460780000
140460790000
140460800000
140460810000
140460820000
140460830000
140460840000
140460850000
140460860000
140460870000
140460880000
140460890000
140460900000
140460920000
140460930000
140460940000
140460950000
140460960000
140460970000
140460980000
140460990000
140461000000
140461010000
140461020000
140461030000
140461040000
140461050000
140461060000
140461070000
140470010000
140470020000
140470030000
140470040000
140470050000
140470060000
140470070000
140470080000
140470090000
140470100000
140470110000
140470120000
140470130000
140470140000
140470150000
140470160000
140470170000
140470180000
140470190000
140470200000
140470210000
140470220000
140470230000
140470240000
140470260000
140470270000
140470280000
140470290000
140470300000
140470310000
140470320000
140470330000
140470340000
140470350000
140470360000
140470370000
140470380000
140470390000
140470400000
140470410000
140470420000
140470430000
140470440000
140470450000
140470460000
140470470000
140470490000
140470500000
140470510000
140470520000
140470530000
140470540000
140470550000
140470560000
140470570000
140470580000
140470590000
140470600000
140470610000
140470620000
140470630000
140470640000
140470650000
140470660000
140470670000
140470690000
140470700000
140470710000
140470720000
140470730000
140470740000
140470750000
140470760000
140470770000
140470780000
140470790000
140470800000
140470810000
140470820000
140470830000
140470840000
140470850000
140470860000
140470870000
140470880000
140470890000
140470900000
140470910000
140470920000
140470930000
140470940000
140470950000
140470960000
140470970000
140480010000
140480020000
140480030000
140480040000
140480050000
140480060000
140480070000
140480080000
140480090000
140480100000
140480110000
140480120000
140480130000
140480140000
140480150000
140480160000
140480170000
140480180000
140480190000
140480200000
140480210000
140480220000
140480230000
140480240000
140480250000
140480260000
140480270000
140480280000
140480290000
140480300000
140480310000
140480320000
140480330000
140480340000
140480350000
140480360000
140480370000
140480380000
140480390000
140480400000
140480410000
140480420000
140480430000
140480440000
140480450000
140480460000
140480470000
140480480000
140480490000
140480500000
140480510000
140480520000
140480530000
140480540000
140480550000
140480560000
140480570000
140480580000
140480590000
140480600000
140480610000
140480620000
140480630000
140480640000
140480650000
140480660000
140480670000
140480680000
140480690000
140480700000
140480710000
140480730000
140480740000
140480750000
140480760000
140480770000
140480780000
140480790000
140480800000
140480810000
140480820000
140480830000
140480840000
140480850000
140480860000
140480870000
140480880000
140480890000
140480900000
140480910000
140480920000
140480930000
140480940000
140480950000
140480960000
140480970000
140480980000
140480990000
140481000000
140481010000
140481020000
140481030000
140481040000
140481050000
140481060000
140481070000
140481080000
140481090000
140481100000
140481110000
140481120000
140481130000
140481140000
140481150000
140481160000
140481170000
140481180000
140481190000
140481200000
140481210000
140481220000
140481230000
140481240000
140481250000
140481260000
140481270000
140481280000
140481290000
140481300000
140481310000
140481320000
140481330000
140481340000
140481350000
140481360000
140481370000
140481380000
140481390000
140481400000
140481410000
140481420000
140481430000
140481440000
140481450000
140481460000
140481470000
140490010000
140490020000
140490030000
140490040000
140490050000
140490060000
140490070000
140490080000
140490090000
140490100000
140490110000
140490120000
140490130000
140490140000
140490150000
140490160000
140490170000
140490180000
140490190000
140490200000
140490210000
140490220000
140490230000
140490240000
140490250000
140490260000
140490270000
140490280000
140490290000
140490300000
140490310000
140490320000
140490330000
140490340000
140490350000
140490360000
140490370000
140490380000
140490390000
140490400000
140490410000
140490420000
140490430000
140490440000
140490450000
140490460000
140490470000
140490480000
140490490000
140490500000
140490510000
140490520000
140490530000
140490540000
140490550000
140490560000
140490570000
140490580000
140490590000
140490600000
140490610000
140490620000
140490630000
140490640000
140490650000
140490660000
140490670000
140490680000
140490690000
140490700000
140490710000
140490720000
140490730000
140490740000
140490750000
140490760000
140490770000
140490780000
140490790000
140490800000
140490810000
140490820000
140490830000
140490840000
140490850000
140490860000
140490870000
140490880000
140490890000
140490900000
140490910000
140490920000
140490930000
140490940000
140490950000
140490960000
140490970000
140500010000
140500020000
140500030000
140500040000
140500050000
140500060000
140500070000
140500080000
140500090000
140500100000
140500110000
140500120000
140500130000
140500140000
140500230000
140500250000
140500260000
140500270000
140500280000
140500290000
140500300000
140500310000
140500320000
140500330000
140500340000
140500350000
140500360000
140500370000
140500380000
140500390000
140500400000
140500410000
140500420000
140500430000
140500440000
140500450000
140500460000
140500480000
140500490000
140500500000
140500510000
140500520000
140500530000
140500540000
140500550000
140500560000
140500570000
140500580000
140500590000
140500600000
140500610000
140500620000
140500630000
140500640000
140500650000
140500660000
140500670000
140500680000
140500690000
140500700000
140500710000
140500720000
140500730000
140500740000
140500750000
140500760000
140500770000
140500780000
140500790000
140500800000
140500810000
140500820000
140500830000
140500840000
140500850000
140500860000
140500870000
140500880000
140500890000
140500900000
140500910000
140500920000
140500930000
140500940000
140500950000
140500960000
140500970000
140500980000
140500990000
140501000000
140501010000
140501020000
140501030000
140501040000
140501050000
140501060000
140501070000
140501080000
140501090000
140501100000
140501110000
140501120000
140501130000
140501140000
140501150000
140501160000
140501170000
140501180000
140501190000
140501200000
140501210000
140501220000
140501230000
140501240000
140501250000
140501260000
140501270000
140501280000
140501290000
140501300000
140501310000
140501320000
140501330000
140501340000
140501350000
140501360000
140501370000
140501380000
140501390000
140501400000
140501410000
140501420000
140501430000
140501440000
140501450000
140501460000
140501470000
140501480000
140501490000
140501500000
140501510000
140501520000
140510010000
140510020000
140510030000
140510040000
140510050000
140510060000
140510070000
140510080000
140510090000
140510100000
140510110000
140510120000
140510130000
140510140000
140510150000
140510160000
140510170000
140510180000
140510190000
140510200000
140510210000
140510220000
140510230000
140510240000
140510250000
140510260000
140510270000
140510280000
140510290000
140510300000
140510310000
140510320000
140510330000
140510340000
140510350000
140510360000
140510370000
140510380000
140510390000
140510400000
140510410000
140510420000
140510430000
140510440000
140510450000
140510460000
140510470000
140510480000
140510490000
140510500000
140510510000
140510520000
140510530000
140510540000
140510550000
140510560000
140510570000
140510580000
140510600000
140510610000
140510620000
140510630000
140510640000
140510650000
140510660000
140510670000
140510680000
140510690000
140510700000
140510710000
140510720000
140510730000
140510740000
140510750000
140510760000
140510770000
140510780000
140510790000
140510800000
140510810000
140510820000
140510830000
140510850000
140510860000
140510870000
140510880000
140510890000
140510900000
140510910000
140510920000
140510930000
140510940000
140510950000
140510960000
140510970000
140510980000
140510990000
140511000000
140511010000
140511020000
140511030000
140511040000
140511050000
140511060000
140511070000
140511080000
140511090000
140511100000
140511110000
140511120000
140511130000
140511140000
140511150000
140511180000
140511190000
140511200000
140511210000
140511220000
140511230000
140511240000
140511250000
140511260000
140511270000
140511280000
140511290000
140511300000
140511310000
140511320000
140511340000
140511360000
140511370000
140511380000
140511390000
140511400000
140511410000
140511420000
140511430000
140511440000
140511450000
140511460000
140511470000
140511480000
140511490000
140520010000
140520020000
140520030000
140520040000
140520050000
140520060000
140520070000
140520080000
140520090000
140520100000
140520110000
140520120000
140520130000
140520140000
140520150000
140520160000
140520170000
140520180000
140520190000
140520200000
140520210000
140520220000
140520230000
140520240000
140520250000
140520260000
140520280000
140520300000
140520310000
140520320000
140520330000
140520350000
140520360000
140520370000
140520380000
140520390000
140520400000
140520410000
140520420000
140520430000
140520440000
140520450000
140520460000
140520470000
140520490000
140520500000
140520510000
140520520000
140520530000
140520540000
140520550000
140520560000
140520570000
140520580000
140520590000
140520600000
140520610000
140520620000
140520630000
140520640000
140520650000
140520660000
140520670000
140520680000
140520690000
140520700000
140520710000
140520720000
140520730000
140520740000
140520750000
140520760000
140520770000
140530010000
140530020000
140530030000
140530040000
140530050000
140530060000
140530070000
140530080000
140530090000
140530100000
140530110000
140530120000
140530130000
140530140000
140530150000
140530160000
140530170000
140530180000
140530190000
140530200000
140530210000
140530220000
140530230000
140530240000
140530250000
140530260000
140530270000
140530280000
140530290000
140530300000
140530310000
140530320000
140530330000
140530340000
140530350000
140530360000
140530370000
140530380000
140530390000
140530400000
140530420000
140530430000
140530440000
140530450000
140530460000
140530470000
140530480000
140530490000
140530500000
140530510000
140530520000
140530530000
140530540000
140530550000
140530560000
140530570000
140530580000
140530590000
140530600000
140530610000
140530620000
140530630000
140530640000
140530650000
140530660000
140530670000
140530680000
140530690000
140530700000
140530710000
140530720000
140530730000
140530740000
140530750000
140530760000
140530770000
140530780000
140530790000
140530800000
140530810000
140530820000
140530830000
140530840000
140530850000
140530860000
140530870000
140530880000
140530890000
140530900000
140530910000
140530920000
140530930000
140530940000
140530950000
140530960000
140530970000
140530980000
140530990000
140531000000
140531010000
140531020000
140531030000
140531040000
140531050000
140531060000
140531070000
140531080000
140531090000
140531100000
140531110000
140531120000
140531130000
140531140000
140531150000
140531160000
140531170000
140540010000
140540020000
140540030000
140540040000
140540050000
140540060000
140540070000
140540080000
140540090000
140540100000
140540110000
140540120000
140540130000
140540140000
140540160000
140540170000
140540180000
140540190000
140540200000
140540210000
140540220000
140540230000
140540240000
140540250000
140540260000
140540270000
140540280000
140540290000
140540300000
140540310000
140540320000
140540330000
140540340000
140540350000
140540360000
140540370000
140540380000
140540390000
140540400000
140540410000
140540420000
140540430000
140540440000
140540450000
140540460000
140540470000
140540480000
140540490000
140540500000
140540510000
140540520000
140540530000
140540540000
140540550000
140540560000
140540570000
140540580000
140540590000
140540600000
140540610000
140540620000
140540630000
140540640000
140540650000
140540660000
140540670000
140540680000
140540690000
140540700000
140540710000
140540720000
140540730000
140540750000
140540760000
140540770000
140540780000
140540790000
140540800000
140540810000
140540820000
140540830000
140540840000
140540850000
140540860000
140540870000
140540880000
140540890000
140540900000
140540910000
140540920000
140540930000
140550010000
140550020000
140550030000
140550040000
140550050000
140550060000
140550070000
140550080000
140550090000
140550100000
140550110000
140550120000
140550130000
140550140000
140550150000
140550160000
140550170000
140550180000
140550190000
140550200000
140550210000
140550220000
140550230000
140550240000
140550250000
140550260000
140550270000
140550280000
140550290000
140550300000
140550310000
140550320000
140550330000
140550340000
140550350000
140550360000
140550370000
140550380000
140550390000
140550400000
140550410000
140550420000
140550450000
140550460000
140550480000
140550490000
140550500000
140550510000
140550520000
140550530000
140550550000
140550560000
140550570000
140550580000
140550590000
140550600000
140550610000
140550620000
140550630000
140550640000
140550650000
140550660000
140550670000
140550680000
140550690000
140550700000
140550710000
140550720000
140550730000
140550740000
140550750000
140550760000
140550770000
140550780000
140550790000
140550800000
140550810000
140550820000
140550830000
140550840000
140550850000
140550860000
140550870000
140550900000
140550910000
140550920000
140550930000
140550940000
140550950000
140550960000
140550970000
140550980000
140560010000
140560020000
140560030000
140560040000
140560050000
140560060000
140560070000
140560080000
140560090000
140560100000
140560110000
140560120000
140560130000
140560140000
140560150000
140560160000
140560170000
140560180000
140560190000
140560200000
140560210000
140560220000
140560230000
140560240000
140560250000
140560260000
140560270000
140560280000
140560290000
140560300000
140560310000
140560320000
140560330000
140560340000
140560350000
140560360000
140560370000
140560380000
140560390000
140560410000
140560420000
140560430000
140560440000
140560450000
140560460000
140560470000
140560480000
140560490000
140560500000
140560510000
140560520000
140560530000
140560540000
140560550000
140560560000
140560570000
140560580000
140560590000
140560600000
140560610000
140560620000
140560630000
140560640000
140560650000
140560660000
140560670000
140560680000
140560690000
140560700000
140560710000
140560720000
140560730000
140560740000
140560750000
140570010000
140570020000
140570030000
140570040000
140570050000
140570060000
140570070000
140570080000
140570090000
140570100000
140570110000
140570120000
140570130000
140570140000
140570150000
140570160000
140570170000
140570180000
140570190000
140570200000
140570210000
140570220000
140570230000
140570240000
140570250000
140570270000
140570280000
140570290000
140570300000
140570310000
140570320000
140570330000
140570340000
140570350000
140570360000
140570370000
140570380000
140570390000
140570400000
140570410000
140570420000
140570430000
140570440000
140570450000
140570460000
140570470000
140570480000
140570490000
140570500000
140570510000
140570520000
140570530000
140570540000
140570550000
140570560000
140570570000
140570580000
140570590000
140570600000
140570610000
140570620000
140570630000
140570640000
140570650000
140570660000
140570670000
140570680000
140570690000
140570700000
140570710000
140570720000
140570730000
140570740000
140570750000
140570760000
140570770000
140570780000
140570790000
140570800000
140570810000
140570820000
140570830000
140570840000
140570850000
140570860000
140570870000
140570880000
140570890000
140570900000
140570910000
140570920000
140570930000
140570940000
140570950000
140570960000
140570970000
140570980000
140570990000
140571000000
140571010000
140571020000
140571030000
140580220000
140580230000
140580240000
140580250000
140580260000
140580270000
140580280000
140580290000
140580300000
140580310000
140580320000
140580330000
140580340000
140580350000
140580360000
140580370000
140580380000
140580390000
140580400000
140580410000
140580420000
140580430000
140580440000
140580450000
140580460000
140580470000
140580480000
140580490000
140580500000
140580510000
140580520000
140580530000
140580540000
140580550000
140580560000
140580570000
140580580000
140580590000
140580600000
140580610000
140580620000
140580630000
140580640000
140580650000
140580660000
140580670000
140580680000
140580690000
140580700000
140580710000
140580720000
140580730000
140580740000
140580750000
140580760000
140580770000
140580780000
140580790000
140580800000
140580810000
140580820000
140580830000
140580840000
140580850000
140580860000
140580870000
140580880000
140580890000
140580900000
140580910000
140580920000
140580930000
140580940000
140580950000
140580960000
140580970000
140580980000
140580990000
140581000000
140581010000
140581020000
140581030000
140581040000
140581050000
140581060000
140581070000
140581080000
140581090000
140581100000
140581110000
140581120000
140581130000
140581140000
140581150000
140581160000
140581170000
140581180000
140581190000
140581200000
140581210000
140581220000
140581230000
140581240000
140581250000
140581260000
140581270000
140590200000
140590210000
140590220000
140590230000
140590240000
140590250000
140590260000
140590270000
140590280000
140590290000
140590300000
140590310000
140590320000
140590330000
140590340000
140590350000
140590360000
140590370000
140590380000
140590390000
140590400000
140590410000
140590420000
140590430000
140590440000
140590450000
140590460000
140590470000
140590480000
140590490000
140590500000
140590510000
140590520000
140590530000
140590540000
140590550000
140590560000
140590570000
140590580000
140590590000
140590600000
140590610000
140590620000
140590630000
140590640000
140590650000
140590660000
140590670000
140590680000
140590690000
140590700000
140590710000
140590720000
140590730000
140590750000
140590760000
140590770000
140600010000
140600020000
140600030000
140600040000
140600050000
140600060000
140600070000
140600080000
140600090000
140600100000
140600110000
140600120000
140600130000
140600140000
140600150000
140600160000
140600170000
140600180000
140600190000
140600200000
140600210000
140600220000
140600230000
140600240000
140600250000
140600260000
140600270000
140600280000
140600290000
140600300000
140600310000
140600320000
140600330000
140600340000
140600350000
140600360000
140600370000
140600380000
140600390000
140600400000
140600410000
140600420000
140600430000
140600440000
140600450000
140600460000
140600470000
140600480000
140600490000
140600500000
140600510000
140600520000
140600530000
140600540000
140600550000
140600560000
140600570000
140600580000
140600590000
140600600000
140600610000
140600620000
140600630000
140600640000
140600650000
140600660000
140600670000
140600680000
140600690000
140600700000
140600710000
140600720000
140600730000
140600740000
140600750000
140600760000
140600770000
140600780000
140600790000
140600800000
140600810000
140600820000
140600830000
140600840000
140600850000
140600860000
140600870000
140600880000
140600890000
140600900000
140600910000
140600920000
140600930000
140600940000
140600960000
140600970000
140600980000
140600990000
140601000000
140601010000
140601020000
140601030000
140601040000
140601050000
140601060000
140601070000
140601080000
140601090000
140601100000
140601110000
140601120000
140601130000
140601140000
140610010000
140610020000
140610030000
140610040000
140610050000
140610060000
140610070000
140610080000
140610090000
140610100000
140610110000
140610120000
140610130000
140610140000
140610150000
140610160000
140610170000
140610180000
140610190000
140610200000
140610210000
140610220000
140610230000
140610240000
140610250000
140610260000
140610270000
140610280000
140610290000
140610300000
140610310000
140610320000
140610330000
140610340000
140610350000
140610360000
140610370000
140610380000
140610390000
140610400000
140610410000
140610420000
140610430000
140610440000
140610450000
140610460000
140610480000
140610490000
140610500000
140610510000
140610520000
140610530000
140610540000
140610550000
140610560000
140610570000
140610580000
140610590000
140610600000
140610610000
140610620000
140610630000
140610640000
140610650000
140610660000
140610670000
140610680000
140610690000
140610700000
140610710000
140610720000
140610730000
140610740000
140610750000
140610760000
140610770000
140610780000
140610790000
140610800000
140610810000
140610820000
140610830000
140610840000
140610850000
140610860000
140610870000
140610880000
140610890000
140610900000
140610910000
140610920000
140610930000
140610940000
140610950000
140610960000
140610970000
140610980000
140610990000
140611000000
140611010000
140611020000
140611030000
140611040000
140611050000
140611060000
140611070000
140611080000
140611090000
140611100000
140611110000
140611120000
140611130000
140611140000
140611150000
140611160000
140611170000
140611180000
140611190000
140611200000
140611210000
140611220000
140611230000
140611240000
140611250000
140611260000
140611270000
140611280000
140611290000
140611300000
140611310000
140611320000
140611330000
140611340000
140611350000
140611360000
140611370000
140611380000
140611390000
140611400000
140611410000
140611420000
140611430000
140611440000
140611450000
140620010000
140620020000
140620030000
140620040000
140620050000
140620060000
140620070000
140620080000
140620090000
140620100000
140620110000
140620120000
140620130000
140620140000
140620150000
140620160000
140620170000
140620180000
140620190000
140620200000
140620210000
140620220000
140620230000
140620240000
140620250000
140620260000
140620270000
140620280000
140620290000
140620300000
140620310000
140620320000
140620330000
140620340000
140620350000
140620360000
140620370000
140620380000
140620390000
140620410000
140620420000
140620430000
140620440000
140620450000
140620460000
140620470000
140620480000
140620490000
140620500000
140620510000
140620520000
140620530000
140620540000
140620550000
140620560000
140620570000
140620580000
140620590000
140620600000
140620610000
140620620000
140620630000
140620640000
140620650000
140620660000
140620670000
140620680000
140620690000
140620700000
140620710000
140620720000
140620730000
140620740000
140620750000
140620760000
140620770000
140620780000
140620790000
140620800000
140620810000
140620820000
140620830000
140620840000
140620850000
140620860000
140620870000
140620880000
140620890000
140620900000
140620910000
140620920000
140620930000
140620940000
140620950000
140620960000
140620970000
140620980000
140620990000
140621000000
140621010000
140621020000
140621030000
140621040000
140621050000
140621060000
140621070000
140621080000
140621090000
140621100000
140621110000
140621120000
140621130000
140621140000
140621150000
140621160000
140621170000
140621180000
140621190000
140621200000
140621210000
140621220000
140621230000
140621240000
140621250000
140621260000
140621270000
140621280000
140621290000
140621300000
140621310000
140621320000
140621330000
140621340000
140621350000
140621360000
140621370000
140621380000
140621390000
140621400000
140621410000
140621440000
140621450000
140621460000
140621470000
140630010000
140630020000
140630030000
140630040000
140630050000
140630060000
140630070000
140630080000
140630090000
140630100000
140630110000
140630120000
140630130000
140630140000
140630150000
140630160000
140630200000
140630210000
140630220000
140630230000
140630240000
140630250000
140630260000
140630270000
140630280000
140630290000
140630300000
140630310000
140630320000
140630330000
140630340000
140630350000
140630360000
140630370000
140630380000
140630390000
140630400000
140630410000
140630420000
140630430000
140630440000
140630450000
140630460000
140630470000
140630480000
140630490000
140630500000
140630510000
140630520000
140630530000
140630540000
140630550000
140630560000
140630570000
140630580000
140630590000
140630600000
140630610000
140630620000
140630630000
140630640000
140630650000
140630660000
140630670000
140630680000
140630690000
140630700000
140630710000
140630720000
140630730000
140630740000
140630750000
140630760000
140630770000
140630780000
140630790000
140630800000
140630810000
140630820000
140630830000
140630840000
140630850000
140630860000
140630870000
140630880000
140630890000
140630900000
140640010000
140640020000
140640030000
140640040000
140640050000
140640060000
140640070000
140640080000
140640090000
140640100000
140640110000
140640120000
140640130000
140640150000
140640160000
140640170000
140640180000
140640190000
140640200000
140640210000
140640220000
140640230000
140640240000
140640250000
140640260000
140640270000
140640280000
140640290000
140640300000
140640320000
140640330000
140640340000
140640350000
140640360000
140640370000
140640380000
140640390000
140640400000
140640410000
140640420000
140640430000
140640440000
140640450000
140640460000
140640470000
140640480000
140640490000
140640500000
140640510000
140640520000
140640530000
140640540000
140640550000
140640560000
140640570000
140640580000
140640590000
140640600000
140640610000
140640620000
140640630000
140640640000
140640650000
140640660000
140640670000
140640680000
140640690000
140640700000
140640710000
140640720000
140640730000
140640740000
140640750000
140640760000
140640770000
140640780000
140640790000
140640800000
140640810000
140640820000
140640830000
140640840000
140640850000
140640860000
140640870000
140640880000
140640890000
140640900000
140640910000
140640920000
140640930000
140640940000
140640950000
140640960000
140640970000
140640980000
140640990000
140641000000
140641010000
140641020000
140641030000
140641040000
140641050000
140641060000
140641070000
140641080000
140641090000
140641100000
140641110000
140641120000
140641130000
140641140000
140641150000
140641160000
140641170000
140641180000
140641190000
140641200000
140641210000
140641220000
140641230000
140641240000
140641250000
140641260000
140641270000
140641280000
140641290000
140641300000
140641310000
140641320000
140641330000
140641340000
140641350000
140641360000
140641370000
140641380000
140650010000
140650020000
140650030000
140650040000
140650050000
140650060000
140650070000
140650080000
140650090000
140650100000
140650110000
140650120000
140650130000
140650140000
140650150000
140650160000
140650170000
140650180000
140650190000
140650200000
140650210000
140650220000
140650230000
140650240000
140650250000
140650260000
140650270000
140650280000
140650290000
140650300000
140650310000
140650320000
140650330000
140650340000
140650350000
140650360000
140650370000
140650380000
140650390000
140650400000
140650410000
140650420000
140650430000
140650440000
140650450000
140650460000
140650470000
140650480000
140650490000
140650500000
140650510000
140650520000
140650530000
140650540000
140650550000
140650560000
140650570000
140650580000
140650590000
140650600000
140650610000
140650620000
140650630000
140650640000
140650650000
140650660000
140650670000
140650680000
140650690000
140650700000
140650710000
140650720000
140650730000
140650740000
140650750000
140650760000
140650770000
140650780000
140650790000
140650800000
140650810000
140650820000
140650830000
140650840000
140650850000
140650860000
140650870000
140650880000
140650890000
140650900000
140650910000
140650920000
140650930000
140650940000
140650950000
140650960000
140650970000
140650980000
140650990000
140651000000
140651010000
140651020000
140651030000
140651040000
140651050000
140651060000
140651070000
140651080000
140660010000
140660020000
140660030000
140660040000
140660050000
140660060000
140660070000
140660080000
140660090000
140660100000
140660110000
140660120000
140660130000
140660140000
140660150000
140660160000
140660170000
140660180000
140660190000
140660200000
140660210000
140660220000
140660230000
140660240000
140660250000
140660260000
140660270000
140660280000
140660290000
140660300000
140660310000
140660320000
140660330000
140660340000
140660350000
140660360000
140660370000
140660380000
140660390000
140660400000
140660410000
140660420000
140660430000
140660440000
140660450000
140660460000
140660470000
140660480000
140660490000
140660500000
140660510000
140660520000
140660530000
140660540000
140660550000
140660560000
140660570000
140660580000
140660590000
140660600000
140660610000
140660620000
140660630000
140660640000
140660650000
140660660000
140660670000
140660680000
140660690000
140660700000
140660710000
140660720000
140660730000
140660740000
140660750000
140660760000
140660770000
140660780000
140660790000
140660800000
140660810000
140660820000
140660830000
140660840000
140660850000
140660860000
140660870000
140660880000
140660890000
140660900000
140660910000
140660920000
140660930000
140660940000
140660950000
140660960000
140660970000
140660980000
140660990000
140661000000
140661010000
140661020000
140661030000
140661040000
140661050000
140661060000
140661070000
140661080000
140661090000
140670010000
140670020000
140670030000
140670040000
140670050000
140670060000
140670070000
140670080000
140670090000
140670100000
140670110000
140670120000
140670130000
140670140000
140670150000
140670160000
140670170000
140670180000
140670190000
140670200000
140670210000
140670220000
140670230000
140670240000
140670250000
140670260000
140670270000
140670280000
140670290000
140670300000
140670310000
140670320000
140670330000
140670340000
140670350000
140670360000
140670370000
140670380000
140670390000
140670400000
140680010000
140680020000
140680030000
140680040000
140680050000
140680060000
140680070000
140680080000
140680090000
140680100000
140680110000
140680120000
140680130000
140680140000
140680150000
140680160000
140680170000
140680180000
140680190000
140680200000
140680210000
140680220000
140680230000
140680240000
140680250000
140680260000
140680270000
140680280000
140680290000
140680300000
140680310000
140680320000
140680330000
140680340000
140680350000
140680360000
140680370000
140680380000
140680390000
140680400000
140680410000
140680420000
140680430000
140680440000
140680450000
140680460000
140680470000
140680480000
140680490000
140680500000
140680510000
140680520000
140680530000
140680540000
140680550000
140680570000
140680580000
140680590000
140680600000
140680610000
140680620000
140680630000
140680640000
140680650000
140680660000
140680670000
140680680000
140680690000
140680700000
140680710000
140680720000
140680730000
140680740000
140680750000
140680760000
140680770000
140680780000
140680790000
140680800000
140690010000
140690020000
140690030000
140690040000
140690050000
140690060000
140690090000
140690100000
140690110000
140690120000
140690130000
140690140000
140690150000
140690160000
140690170000
140690180000
140690190000
140690200000
140690220000
140690230000
140690240000
140690250000
140690260000
140690280000
140690290000
140690310000
140690320000
140690330000
140690340000
140690350000
140690360000
140690370000
140690380000
140690390000
140690400000
140690410000
140690420000
140690430000
140690440000
140690450000
140700010000
140700020000
140700030000
140700040000
140700050000
140700060000
140700070000
140700080000
140700090000
140700100000
140700110000
140700120000
140700130000
140700140000
140700150000
140700160000
140700170000
140700180000
140700190000
140700200000
140700210000
140700220000
140700230000
140700240000
140700250000
140700260000
140700270000
140700280000
140700290000
140700300000
140700310000
140700320000
140700330000
140700340000
140700350000
140700360000
140700370000
140700380000
140700390000
140700400000
140700410000
140700420000
140700430000
140700440000
140700450000
140700460000
140700500000
140700530000
140710010000
140710020000
140710030000
140710040000
140710050000
140710060000
140710070000
140710080000
140710090000
140710100000
140710110000
140710120000
140710130000
140710140000
140710150000
140710160000
140710170000
140710180000
140710190000
140710200000
140710210000
140720010000
140720020000
140720030000
140720040000
140720050000
140720060000
140720070000
140720080000
140720090000
140720100000
140720110000
140720120000
140720130000
140720140000
140720150000
140720160000
140720170000
140720180000
140720190000
140720200000
140720210000
140720220000
140720230000
140720240000
140720250000
140720260000
140720270000
140720280000
140720290000
140720300000
140720310000
140720320000
140720330000
140720340000
140720350000
140720360000
140720370000
140720380000
140720390000
140720400000
140720410000
140720420000
140730010000
140730020000
140730030000
140730040000
140730050000
140730060000
140730070000
140730080000
140730090000
140730100000
140730110000
140730120000
140730130000
140730140000
140730150000
140730160000
140730170000
140730180000
140730190000
140730200000
140730210000
140730220000
140730230000
140730240000
140730250000
140730260000
140730270000
140730280000
140730290000
140730300000
140730310000
140730320000
140730330000
140730340000
140730350000
140730360000
140730370000
140730380000
140730390000
140730400000
140730410000
140730420000
140730430000
140730440000
140730460000
140740010000
140740020000
140740030000
140740040000
140740050000
140740060000
140740070000
140740080000
140740090000
140740100000
140740110000
140740120000
140740130000
140740140000
140740150000
140740160000
140740170000
140740180000
140740190000
140740200000
140740210000
140740220000
140740230000
140740240000
140740250000
140740260000
140740270000
140740280000
140740290000
140740300000
140740310000
140740320000
140740330000
140740340000
140740350000
140740360000
140740370000
140740380000
140740390000
140740400000
140740410000
140740420000
140740430000
140740440000
140740450000
140740460000
140740470000
140740480000
140740490000
140740500000
140740510000
140740520000
140740530000
140740540000
140740550000
140740560000
140740570000
140740580000
140740590000
140740600000
140740610000
140740620000
140740630000
140740640000
140740650000
140740660000
140740670000
140740680000
140740690000
140740700000
140740710000
140740720000
140740730000
140740740000
140740750000
140740760000
140740770000
140740780000
140740790000
140740800000
140740810000
140740820000
140740830000
140740840000
140740850000
140740860000
140740870000
140740880000
140740890000
140740900000
140740910000
140740920000
140740930000
140740940000
140740950000
140740960000
140740970000
140740980000
140740990000
140741000000
140741010000
140741020000
140741030000
140741040000
140741050000
140741060000
140741070000
140741080000
140741090000
140741100000
140741110000
140741120000
140741130000
140741140000
140741150000
140741160000
140741170000
140741180000
140741190000
140741200000
140741210000
140741220000
140741230000
140741240000
140741250000
140741260000
140741270000
140741280000
140741290000
140741300000
140741310000
140741320000
140741330000
140741340000
140741350000
140741360000
140741370000
140741380000
140750010000
140750020000
140750030000
140750040000
140750050000
140750060000
140750070000
140750080000
140750090000
140750100000
140750110000
140750120000
140750130000
140750140000
140750150000
140750160000
140750170000
140750180000
140750190000
140750200000
140750210000
140750220000
140750230000
140750240000
140750250000
140750260000
140750270000
140750280000
140750290000
140750300000
140750310000
140750320000
140750330000
140750340000
140750350000
140750360000
140750370000
140750380000
140750390000
140750400000
140750410000
140750420000
140750430000
140750440000
140750450000
140750460000
140750470000
140750480000
140750490000
140750500000
140750510000
140750520000
140750530000
140750540000
140750550000
140750560000
140750570000
140750580000
140750590000
140750600000
140750610000
140750620000
140750630000
140750640000
140750650000
140750660000
140750670000
140750680000
140750690000
140750700000
140750710000
140750720000
140750730000
140750740000
140750750000
140750760000
140750770000
140750780000
140750790000
140750800000
140750810000
140750820000
140750830000
140750840000
140750850000
140750860000
140750870000
140750880000
140750890000
140750900000
140750910000
140750920000
140750930000
140750940000
140750950000
140750960000
140750970000
140750980000
140750990000
140751000000
140751010000
140751020000
140751030000
140751040000
140751050000
140751060000
140751070000
140751080000
140751090000
140751100000
140751110000
140751120000
140751130000
140751140000
140751150000
140751160000
140751170000
140751180000
140751190000
140751200000
140751210000
140751220000
140751230000
140751240000
140751250000
140751260000
140751270000
140751280000
140751290000
140751300000
140751310000
140751320000
140751330000
140751340000
140751350000
140751360000
140751370000
140751380000
140751390000
140751400000
140751410000
140751420000
140751430000
140751440000
140751450000
140751460000
140751470000
140751480000
140751490000
140751500000
140751510000
140751520000
140760050000
140760060000
140760070000
140760080000
140760090000
140760100000
140760110000
140760120000
140760130000
140760140000
140760150000
140760160000
140760170000
140760180000
140760190000
140760200000
140760210000
140760220000
140760230000
140760240000
140760250000
140760260000
140760270000
140760280000
140760290000
140760300000
140760310000
140760320000
140760330000
140760340000
140760350000
140760360000
140760370000
140760380000
140760390000
140760400000
140760410000
140760420000
140760430000
140760440000
140760450000
140760460000
140760470000
140760480000
140760490000
140760500000
140760510000
140760520000
140760530000
140760540000
140760550000
140760560000
140760570000
140760580000
140760590000
140760600000
140760610000
140760620000
140760630000
140760640000
140760650000
140760660000
140760670000
140760680000
140760690000
140760700000
140760710000
140760720000
140760730000
140760740000
140760750000
140760760000
140760770000
140760780000
140760790000
140760800000
140760810000
140760820000
140760830000
140760840000
140760850000
140760860000
140760870000
140760880000
140760890000
140760900000
140760910000
140760920000
140760930000
140760940000
140760950000
140760960000
140760970000
140760980000
140760990000
140761000000
140761010000
140761020000
140761030000
140761040000
140761050000
140761060000
140761070000
140761080000
140761090000
140761100000
140761110000
140761120000
140761130000
140761140000
140761150000
140761160000
140761170000
140761180000
140761190000
140761200000
140761210000
140761220000
140761230000
140761240000
140761250000
140761260000
140761270000
140761280000
140770010000
140770020000
140770030000
140770040000
140770050000
140770060000
140770070000
140770080000
140770090000
140770100000
140770110000
140770120000
140770130000
140770210000
140770220000
140770230000
140770240000
140770250000
140770270000
140770280000
140770290000
140770300000
140770310000
140770320000
140770330000
140770340000
140770350000
140770360000
140770370000
140770380000
140770390000
140770400000
140770410000
140770420000
140770430000
140770440000
140770450000
140770460000
140770470000
140770480000
140770490000
140770500000
140770510000
140770520000
140770530000
140770540000
140770550000
140770560000
140770570000
140770580000
140770590000
140770600000
140770610000
140770620000
140770630000
140770640000
140770650000
140770660000
140770670000
140770680000
140770690000
140770700000
140770710000
140770720000
140770730000
140770740000
140770750000
140770760000
140770770000
140770780000
140770790000
140770800000
140770810000
140770820000
140770830000
140770840000
140770850000
140770860000
140770870000
140770880000
140770890000
140770900000
140770910000
140770920000
140770930000
140770940000
140770950000
140770960000
140770970000
140770980000
140770990000
140771000000
140771010000
140771020000
140771030000
140771040000
140771050000
140771060000
140771070000
140771080000
140771090000
140771100000
140771110000
140771120000
140771130000
140771140000
140771150000
140771160000
140771170000
140780010000
140780020000
140780030000
140780040000
140780050000
140780060000
140780070000
140780080000
140780090000
140780100000
140780110000
140780120000
140780130000
140780140000
140780150000
140780160000
140780170000
140780180000
140780190000
140780200000
140780210000
140780220000
140780230000
140780240000
140780250000
140780260000
140780270000
140780280000
140780290000
140780300000
140780310000
140780320000
140780330000
140780340000
140780350000
140780360000
140780370000
140780380000
140780390000
140780400000
140780410000
140780420000
140780430000
140780440000
140780450000
140780460000
140780470000
140780480000
140780490000
140780500000
140780510000
140780520000
140780530000
140790010000
140790020000
140790030000
140790040000
140790050000
140790060000
140790070000
140790080000
140790090000
140790100000
140790110000
140790120000
140790130000
140790140000
140790150000
140790160000
140790170000
140790180000
140790190000
140790200000
140790210000
140790220000
140790230000
140790240000
140790250000
140790260000
140790270000
140790280000
140790290000
140790300000
140790310000
140790320000
140790330000
140790340000
140790350000
140790360000
140790370000
140790380000
140790390000
140790400000
140790410000
140790420000
140790430000
140790440000
140790450000
140790460000
140790470000
140790480000
140790490000
140790500000
140790510000
140790520000
140790530000
140790540000
140790550000
140790560000
140790570000
140790580000
140800010000
140800020000
140800030000
140800040000
140800050000
140800060000
140800070000
140800080000
140800090000
140800100000
140800110000
140800120000
140800130000
140800140000
140800150000
140800160000
140800170000
140800180000
140800190000
140800200000
140800210000
140800220000
140800230000
140800240000
140800250000
140800260000
140800270000
140800280000
140800290000
140800300000
140800310000
140800320000
140800330000
140800340000
140800350000
140800360000
140800370000
140800390000
140800400000
140800410000
140800420000
140800430000
140800440000
140800450000
140800460000
140800470000
140800480000
140800490000
140800500000
140800510000
140800520000
140800530000
140800540000
140800550000
140800560000
140800570000
140800580000
140800590000
140800600000
140800610000
140800620000
140800630000
140800640000
140800650000
140800660000
140800670000
140800680000
140800690000
140800700000
140800710000
140800720000
140800730000
140800740000
140800750000
140800760000
140800770000
140800780000
140800790000
140800800000
140800810000
140800820000
140800830000
140800840000
140800850000
140800860000
140800870000
140800880000
140800890000
140800900000
140800910000
140800920000
140800930000
140800940000
140800950000
140800960000
140800970000
140800980000
140800990000
140801000000
140801010000
140801020000
140801030000
140801040000
140801050000
140801060000
140801070000
140801080000
140801090000
140801100000
140801110000
140801120000
140801130000
140810010000
140810020000
140810030000
140810040000
140810050000
140810060000
140810070000
140810080000
140810090000
140810100000
140810110000
140810120000
140810130000
140810140000
140810150000
140810160000
140810170000
140810180000
140810190000
140810200000
140810210000
140810220000
140810230000
140810240000
140810250000
140810260000
140810270000
140810280000
140810290000
140810300000
140810310000
140810320000
140810330000
140810340000
140810350000
140810360000
140810370000
140810380000
140810390000
140810400000
140810410000
140810420000
140810430000
140810440000
140810450000
140810460000
140810470000
140810480000
140810490000
140810500000
140810510000
140810520000
140810530000
140810540000
140810550000
140810560000
140810570000
140810580000
140810590000
140810600000
140810610000
140810620000
140810630000
140810640000
140810650000
140810660000
140810670000
140810680000
140810690000
140810700000
140810710000
140810720000
140810730000
140810740000
140810750000
140810760000
140810770000
140810780000
140810790000
140810800000
140810810000
140810820000
140820010000
140820020000
140820030000
140820040000
140820050000
140820060000
140820070000
140820080000
140820090000
140820100000
140820110000
140820120000
140820130000
140820140000
140820150000
140820160000
140820170000
140820180000
140820190000
140820200000
140820210000
140820220000
140820230000
140820240000
140820250000
140820260000
140820270000
140820280000
140820290000
140820300000
140820310000
140820320000
140820330000
140820340000
140820350000
140820360000
140820370000
140820380000
140820390000
140820400000
140820410000
140820420000
140820430000
140820440000
140820450000
140820460000
140820470000
140820480000
140820490000
140820500000
140820510000
140820520000
140820530000
140820540000
140820550000
140820560000
140820570000
140820580000
140820590000
140820600000
140820610000
140820620000
140820630000
140820640000
140820650000
140820660000
140820670000
140820680000
140820690000
140820700000
140820710000
140820720000
140820730000
140820740000
140820750000
140820760000
140820770000
140820780000
140830010000
140830020000
140830030000
140830040000
140830050000
140830060000
140830070000
140830080000
140830090000
140830100000
140830110000
140830120000
140830130000
140830140000
140830150000
140830160000
140830170000
140830180000
140830190000
140830200000
140830210000
140830220000
140830230000
140830240000
140830250000
140830260000
140830270000
140830280000
140830290000
140830300000
140830310000
140830320000
140830330000
140830340000
140830350000
140830360000
140830370000
140830380000
140830390000
140830400000
140830410000
140830420000
140830430000
140830440000
140830450000
140830460000
140830470000
140830480000
140830490000
140830500000
140830510000
140830520000
140830530000
140830540000
140830550000
140830560000
140830570000
140830580000
140830590000
140830600000
140830610000
140830620000
140830630000
140830640000
140830650000
140830660000
140830670000
140830680000
140830690000
140830700000
140830710000
140830720000
140830730000
140830740000
140830750000
140830760000
140830770000
140830780000
140840010000
140840020000
140840030000
140840040000
140840050000
140840070000
140840080000
140840090000
140840100000
140840110000
140840120000
140840130000
140840140000
140840150000
140840160000
140840170000
140840180000
140840190000
140840200000
140840210000
140840220000
140840230000
140840240000
140840250000
140840260000
140840270000
140840280000
140840290000
140840300000
140840310000
140840320000
140840330000
140840340000
140840350000
140840360000
140840370000
140840380000
140840390000
140840400000
140840410000
140840420000
140840430000
140840440000
140840450000
140840460000
140840470000
140840480000
140850010000
140850020000
140850030000
140850040000
140850050000
140850060000
140850070000
140850080000
140850090000
140850100000
140850110000
140850120000
140850130000
140850140000
140850150000
140850160000
140850170000
140850180000
140850190000
140850200000
140850210000
140850220000
140850230000
140850240000
140850250000
140850260000
140850270000
140850280000
140850290000
140850310000
140850320000
140850350000
140850360000
140850370000
140850380000
140850390000
140850400000
140850410000
140850420000
140850430000
140850440000
140850450000
140850460000
140850470000
140850480000
140850490000
140850500000
140850510000
140850520000
140850530000
140850540000
140850550000
140850560000
140850570000
140850580000
140850590000
140850600000
140850610000
140850620000
140850630000
140850640000
140850650000
140850660000
140850670000
140850680000
140850690000
140850700000
140850710000
140850720000
140850730000
140850740000
140850750000
140850760000
140850770000
140850780000
140850790000
140850800000
140850810000
140850820000
140850830000
140850840000
140850850000
140850860000
140850870000
140850880000
140850890000
140850900000
140850910000
140850920000
140850930000
140850940000
140850950000
140850960000
140850970000
140850980000
140850990000
140851000000
140851020000
140851030000
140851040000
140851050000
140851060000
140851070000
140860010000
140860020000
140860030000
140860040000
140860050000
140860060000
140860070000
140860080000
140860090000
140860100000
140860110000
140860120000
140860130000
140860140000
140860150000
140860160000
140860170000
140860180000
140860190000
140860200000
140860210000
140860230000
140860240000
140860250000
140860260000
140860270000
140860280000
140860290000
140860300000
140860310000
140860320000
140860340000
140860350000
140860360000
140860370000
140860380000
140860390000
140860400000
140860410000
140860420000
140860430000
140860440000
140860450000
140860460000
140860470000
140860480000
140860490000
140860500000
140860510000
140860520000
140860530000
140860540000
140860550000
140860560000
140860570000
140860580000
140860590000
140860600000
140860610000
140860620000
140860630000
140860640000
140860650000
140860660000
140860670000
140860680000
140860690000
140860700000
140860710000
140860720000
140860730000
140860740000
140860750000
140860760000
140860770000
140860780000
140860790000
140860800000
140860810000
140860820000
140860830000
140860840000
140860850000
140860860000
140860870000
140860880000
140860890000
140860900000
140860910000
140860920000
140860930000
140860940000
140860950000
140860960000
140860970000
140860980000
140860990000
140861000000
140861010000
140861020000
140861030000
140861040000
140861050000
140861060000
140861070000
140861080000
140861090000
140861100000
140861110000
140861120000
140861130000
140861140000
140861150000
140861160000
140861170000
140861180000
140861190000
140861200000
140861210000
140861220000
140861230000
140861240000
140861250000
140861260000
140861270000
140861280000
140861290000
140861300000
140861310000
140861320000
140861330000
140861340000
140861350000
140861360000
140861370000
140861380000
140861390000
140861400000
140861410000
140861420000
140861430000
140861440000
140861450000
140861460000
140861470000
140861490000
140861500000
140861510000
140861520000
140861530000
140861540000
140861550000
140861560000
140861570000
140861580000
140861590000
140861600000
140861610000
140861620000
140861630000
140861640000
140861650000
140870010000
140870020000
140870030000
140870040000
140870050000
140870060000
140870070000
140870080000
140870090000
140870100000
140870110000
140870120000
140870130000
140870140000
140870150000
140870160000
140870170000
140870180000
140870190000
140870200000
140870210000
140870220000
140870230000
140870240000
140870250000
140870260000
140870270000
140870280000
140870290000
140870300000
140870310000
140870320000
140870330000
140870340000
140870350000
140870360000
140870370000
140870380000
140870390000
140870400000
140870410000
140870420000
140870440000
140870450000
140870460000
140870470000
140870480000
140870490000
140870500000
140870510000
140870520000
140870530000
140870540000
140870550000
140870560000
140870570000
140870580000
140870590000
140870600000
140870610000
140870620000
140870630000
140870640000
140870650000
140870660000
140870670000
140870680000
140870690000
140870700000
140870710000
140870720000
140870730000
140870740000
140870750000
140870760000
140870770000
140870780000
140880010000
140880020000
140880030000
140880040000
140880050000
140880060000
140880070000
140880080000
140880090000
140880100000
140880110000
140880120000
140880130000
140880140000
140880150000
140880160000
140880170000
140880180000
140880190000
140880200000
140880210000
140880220000
140880230000
140880240000
140880250000
140880260000
140880270000
140880280000
140880290000
140880300000
140880310000
140880320000
140880330000
140880340000
140880350000
140880360000
140880370000
140880380000
140880390000
140880400000
140880410000
140880420000
140880430000
140880440000
140880450000
140880460000
140880470000
140880480000
140880490000
140880500000
140880510000
140880520000
140880530000
140880540000
140880550000
140880560000
140880570000
140880580000
140880590000
140880600000
140880610000
140880620000
140880630000
140880640000
140880650000
140880660000
140880670000
140880680000
140880690000
140880700000
140880710000
140880720000
140880730000
140880740000
140880750000
140880760000
140880780000
140880800000
140880810000
140890010000
140890020000
140890030000
140890040000
140890050000
140890060000
140890070000
140890080000
140890090000
140890100000
140890110000
140890120000
140890130000
140890140000
140890150000
140890160000
140890170000
140890180000
140890190000
140890200000
140890210000
140890220000
140890230000
140890240000
140890250000
140890260000
140890270000
140890280000
140890290000
140890300000
140890310000
140890320000
140890330000
140890340000
140890350000
140890360000
140890370000
140890380000
140890390000
140890400000
140890410000
140890420000
140890430000
140900010000
140900020000
140900030000
140900040000
140900050000
140900060000
140900070000
140900080000
140900090000
140900100000
140900110000
140900120000
140900130000
140900140000
140900150000
140900160000
140900170000
140900180000
140900190000
140900200000
140900210000
140900220000
140900230000
140900240000
140900250000
140900260000
140900270000
140900280000
140910010000
140910020000
140910030000
140910040000
140910050000
140910060000
140910070000
140910080000
140910090000
140910100000
140910110000
140910120000
140910130000
140910140000
140910150000
140910160000
140910170000
140910180000
140910190000
140920010000
140920020000
140920030000
140920040000
140920050000
140920060000
140920070000
140920080000
140930010000
140930020000
140930030000
140930040000
140930050000
140930060000
140930070000
140930080000
140930090000
140930100000
140930110000
140930120000
140930130000
140930140000
140930150000
140930160000
140930170000
140930180000
140930190000
140930200000
140930210000
140930220000
140930230000
140930240000
140930250000
140930260000
140930270000
140930280000
140930290000
140930300000
140930310000
140930320000
140930330000
140930340000
140930350000
140930360000
140930370000
140930380000
140930390000
140930400000
140930410000
140930420000
140930430000
140930440000
140930450000
140930460000
140930470000
140930480000
150010010000
150010030000
150010040000
150010050000
150010060000
150010070000
150010080000
150010090000
150010100000
150010110000
150010120000
150010130000
150010140000
150010150000
150010160000
150010170000
150010180000
150010190000
150010200000
150010210000
150010220000
150010230000
150010240000
150010250000
150010260000
150010270000
150010280000
150010300000
150010310000
150010320000
150010330000
150010340000
150010350000
150010360000
150010370000
150010380000
150010390000
150010400000
150010410000
150010420000
150010430000
150010440000
150010450000
150010460000
150010470000
150010480000
150010490000
150010500000
150010510000
150010520000
150010530000
150010540000
150010550000
150010560000
150010570000
150010580000
150010590000
150010600000
150010610000
150010620000
150010630000
150010640000
150010660000
150010670000
150010680000
150010690000
150010700000
150010710000
150010720000
150010730000
150010740000
150010750000
150010760000
150010770000
150010780000
150010790000
150010800000
150020020000
150020080000
150020090000
150020180000
150020200000
150020220000
150020230000
150020240000
150020250000
150020260000
150020270000
150020280000
150030010000
150030050000
150030060000
150030070000
150030080000
150030090000
150030100000
150030110000
150030120000
150030130000
150030140000
150030150000
150030160000
150030170000
150030180000
150030300000
150030320000
150030330000
150030340000
150030370000
150030380000
150030400000
150030410000
150030420000
150030430000
150030440000
150030460000
150030470000
150030480000
150030490000
150030500000
150030510000
150030520000
150030530000
150030540000
150040010000
150040020000
150040030000
150040040000
150040050000
150040060000
150040070000
150040080000
150040090000
150040100000
150040110000
150040120000
150040130000
150040140000
150040150000
150040160000
150040170000
150040180000
150040190000
150040200000
150040210000
150040220000
150040230000
150040240000
150040250000
150040260000
150040270000
150040280000
150040290000
150040300000
150040310000
150040320000
150040330000
150040340000
150040350000
150040360000
150040370000
150040380000
150040390000
150040400000
150040410000
150040420000
150040430000
150040440000
150040450000
150040460000
150040470000
150040480000
150040490000
150040500000
150040510000
150040520000
150040530000
150040540000
150040550000
150040570000
150040580000
150040590000
150040600000
150040610000
150040620000
150040630000
150040640000
150040650000
150040660000
150040670000
150050010000
150050020000
150050030000
150050040000
150050060000
150050070000
150050080000
150050090000
150050110000
150050120000
150050130000
150050140000
150050150000
150050160000
150050170000
150050180000
150050190000
150050200000
150050210000
150050220000
150050230000
150050240000
150060010000
150060020000
150060040000
150060050000
150060070000
150060080000
150060090000
150060100000
150060110000
150060120000
150060130000
150060140000
150060150000
150060170000
150060180000
150060230000
150060240000
150060250000
150060260000
150060270000
150060280000
150060290000
150060300000
150060310000
150060320000
150060330000
150060340000
150060350000
150060360000
150060370000
150070040000
150070050000
150070070000
150070080000
150070090000
150070100000
150070110000
150070120000
150070130000
150070140000
150070150000
150070170000
150070190000
150070200000
150070210000
150070220000
150070230000
150070240000
150070500000
150070510000
150070520000
150070530000
150070540000
150070550000
150070560000
150070580000
150070590000
150070600000
150070610000
150070670000
150070680000
150070690000
150070710000
150070720000
150070730000
150070740000
150070750000
150070760000
150070770000
150070780000
150070790000
150070800000
150070810000
150070820000
150070830000
150070840000
150070850000
150070860000
150070870000
150070880000
150070890000
150080010000
150080020000
150080030000
150080050000
150080060000
150080070000
150080080000
150080090000
150090050000
150090060000
150090070000
150090080000
150090090000
150090100000
150090110000
150090120000
150090130000
150090150000
150090160000
150090170000
150090180000
150090200000
150090210000
150090220000
150090230000
150090240000
150090250000
150090260000
150090270000
150090280000
150090290000
150090340000
150090350000
150090360000
150090370000
150090380000
150090390000
150090400000
150090410000
150090420000
150090430000
150090440000
150090450000
150090460000
150090470000
150090480000
150090490000
150090500000
150090510000
150090520000
150090530000
150090540000
150090550000
150090560000
150090570000
150090580000
150090590000
150090600000
150100010000
150100020000
150100030000
150100050000
150100060000
150100070000
150100080000
150100090000
150100100000
150100110000
150100120000
150100130000
150100140000
150100150000
150100160000
150100170000
150100180000
150100190000
150100200000
150100210000
150100220000
150100230000
150100240000
150100250000
150100260000
150100270000
150100280000
150100290000
150100300000
150100310000
150100320000
150100330000
150100340000
150100350000
150100360000
150100370000
150100380000
150100390000
150100400000
150100410000
150100420000
150100430000
150100440000
150100450000
150100460000
150110010000
150110020000
150110030000
150110040000
150110050000
150110060000
150110070000
150110090000
150110100000
150110110000
150110120000
150110130000
150110140000
150110160000
150110170000
150110180000
150110190000
150110200000
150110210000
150110220000
150110230000
150110240000
150110250000
150110260000
150110270000
150110300000
150110310000
150110320000
150110330000
150110340000
150110350000
150110360000
150110380000
150110390000
150110400000
150110410000
150110430000
150110440000
150110450000
150110470000
150110480000
150110490000
150110500000
150110520000
150110540000
150110550000
150110570000
150120010000
150120020000
150120030000
150120040000
150120050000
150120060000
150120070000
150120080000
150120090000
150120100000
150120110000
150120120000
150120130000
150120140000
150120160000
150120180000
150120190000
150120200000
150120210000
150120220000
150120230000
150120240000
150120250000
150120260000
150120270000
150120280000
150120290000
150120310000
150120320000
150120330000
150120340000
150120350000
150120360000
150120370000
150120380000
150120390000
150120400000
150120410000
150120420000
150120430000
150120440000
150120450000
150120460000
150120470000
150120480000
150120500000
150120510000
150120530000
150120540000
150120550000
150120570000
150120580000
150120590000
150120600000
150120610000
150120620000
150120630000
150120640000
150120650000
150120660000
150120670000
150120680000
150120690000
150120710000
150130010000
150130020000
150130030000
150130040000
150130050000
150130060000
150130070000
150130080000
150130090000
150130100000
150130110000
150130120000
150130130000
150130140000
150130150000
150130160000
150130170000
150130180000
150130190000
150130200000
150130210000
150130220000
150130230000
150130240000
150130250000
150130260000
150130290000
150130300000
150130310000
150130320000
150130330000
150130340000
150130370000
150130380000
150130390000
150130400000
150130410000
150130420000
150130430000
150130440000
150130450000
150130460000
150130470000
150130480000
150130490000
150130500000
150140010000
150140020000
150140030000
150140040000
150140050000
150140060000
150140070000
150140090000
150140100000
150140120000
150140130000
150140140000
150140150000
150140160000
150140170000
150140180000
150140190000
150140200000
150140210000
150140220000
150140230000
150140240000
150140250000
150150010000
150150020000
150150030000
150150040000
150150050000
150150060000
150150070000
150150080000
150150090000
150150100000
150150110000
150150120000
150150130000
150150140000
150150150000
150150160000
150150170000
150150180000
150150190000
150150200000
150150210000
150150220000
150150230000
150150240000
150150250000
150150260000
150150270000
150150280000
150150290000
150150300000
150150310000
150150320000
150150330000
150150340000
150150350000
150150360000
150150370000
150150380000
150150390000
150150400000
150150410000
150150420000
150150430000
150150440000
150150450000
150150460000
150150470000
150150480000
150150490000
150150500000
150150510000
150150520000
150150530000
150150540000
150150550000
150150560000
150150570000
150150580000
150150590000
150150600000
150150610000
150150620000
150150630000
150150640000
150150650000
150150660000
150150670000
150150680000
150150690000
150150700000
150150710000
150150720000
150150730000
150150740000
150150750000
150150760000
150150770000
150150780000
150150790000
150150800000
150150810000
150150820000
150150830000
150150840000
150150850000
150150860000
150150870000
150150880000
150150890000
150150900000
150150910000
150150920000
150150930000
150150940000
150150950000
150150960000
150150970000
150150980000
150150990000
150151000000
150151010000
150151020000
150151030000
150151040000
150151050000
150151060000
150151070000
150151080000
150151090000
150151100000
150151110000
150151120000
150151130000
150151140000
150151150000
150151160000
150151170000
150151180000
150151190000
150151200000
150151210000
150151220000
150151230000
150151240000
150151250000
150151260000
150151270000
150151280000
150151290000
150151300000
150151310000
150151320000
150151330000
150151340000
150151350000
150151360000
150151370000
150151380000
150151390000
150151400000
150151410000
150151420000
150151430000
150151440000
150151450000
150151460000
150151470000
150151480000
150151490000
150151500000
150151510000
150151520000
150151530000
150151540000
150151550000
150151560000
150151570000
150151580000
150151590000
150151600000
150151610000
150151620000
150151630000
150151640000
150151650000
150151660000
150151670000
150151680000
150151690000
150151700000
150151710000
150151720000
150151730000
150151740000
150151750000
150151760000
150151770000
150151780000
150151790000
150151800000
150151810000
150151820000
150151830000
150151840000
150151850000
150151860000
150151870000
150151880000
150160010000
150160020000
150160030000
150160040000
150160050000
150160060000
150160070000
150160080000
150160090000
150160100000
150160110000
150160120000
150160130000
150160140000
150160150000
150160160000
150160170000
150160180000
150160190000
150160200000
150160210000
150160220000
150160230000
150160240000
150160250000
150160260000
150160270000
150160280000
150160290000
150160300000
150160310000
150160320000
150160330000
150160340000
150160350000
150160360000
150160370000
150160380000
150160390000
150160400000
150160410000
150160420000
150160430000
150160440000
150160450000
150160460000
150160470000
150160480000
150160490000
150160500000
150160510000
150160520000
150160530000
150160540000
150160550000
150160560000
150160570000
150160580000
150160590000
150160600000
150160610000
150160620000
150160630000
150160640000
150160650000
150160660000
150160670000
150160680000
150160690000
150160700000
150160710000
150160720000
150160730000
150160740000
150160750000
150160760000
150160770000
150160780000
150160790000
150160800000
150160810000
150160820000
150160830000
150160840000
150160850000
150160860000
150160870000
150160880000
150160890000
150160900000
150160910000
150160920000
150160930000
150160940000
150160950000
150160960000
150160970000
150160980000
150160990000
150161000000
150161010000
150161020000
150161030000
150161040000
150161050000
150161060000
150161070000
150161080000
150161090000
150161100000
150161110000
150161120000
150161130000
150161140000
150161150000
150161170000
150161180000
150161190000
150161200000
150161210000
150161220000
150161230000
150161240000
150161250000
150161260000
150161270000
150161280000
150161290000
150161300000
150161310000
150161320000
150161330000
150161340000
150161350000
150161360000
150161370000
150161380000
150161390000
150161400000
150161410000
150161420000
150161430000
150161440000
150161450000
150161460000
150161470000
150161480000
150161490000
150161500000
150161510000
150161520000
150161530000
150161540000
150161550000
150161560000
150161570000
150161580000
150161590000
150161600000
150161610000
150161620000
150161630000
150161640000
150161650000
150161660000
150161670000
150161680000
150161690000
150161700000
150161710000
150161720000
150161730000
150161740000
150161750000
150161760000
150161770000
150170010000
150170020000
150170030000
150170040000
150170050000
150170060000
150170070000
150170080000
150170090000
150170100000
150170110000
150170120000
150170130000
150170140000
150170150000
150170160000
150170170000
150170180000
150170190000
150170200000
150170210000
150170220000
150170230000
150170240000
150170250000
150170260000
150170270000
150170280000
150170290000
150170300000
150170310000
150170320000
150170330000
150170340000
150170350000
150170360000
150170370000
150170380000
150170390000
150170400000
150170410000
150170420000
150170430000
150170440000
150170450000
150170460000
150170470000
150170480000
150170490000
150170500000
150170510000
150170520000
150170530000
150170540000
150170550000
150170560000
150170570000
150170580000
150170590000
150170600000
150170610000
150170620000
150170630000
150170640000
150170650000
150170660000
150170670000
150170680000
150170690000
150170700000
150170710000
150170720000
150170730000
150170740000
150170750000
150170760000
150170770000
150170780000
150170790000
150170800000
150170810000
150170820000
150170830000
150170840000
150170850000
150170860000
150170870000
150170880000
150170890000
150170900000
150170910000
150170920000
150170940000
150170950000
150170960000
150170970000
150170980000
150170990000
150171000000
150171010000
150171020000
150171030000
150171040000
150171050000
150171060000
150171070000
150171080000
150171090000
150171100000
150171110000
150171120000
150171130000
150171140000
150171150000
150171160000
150171180000
150171190000
150171200000
150171210000
150171220000
150171230000
150171240000
150171250000
150171260000
150171270000
150171280000
150171290000
150171300000
150171310000
150171320000
150171330000
150171340000
150171350000
150171360000
150171370000
150171380000
150171390000
150171400000
150171410000
150171420000
150171430000
150171440000
150171450000
150171460000
150171470000
150171480000
150171490000
150171500000
150171510000
150171520000
150171530000
150171540000
150171550000
150171560000
150171570000
150171580000
150171590000
150171600000
150171610000
150171620000
150180010000
150180020000
150180030000
150180040000
150180050000
150180060000
150180070000
150180080000
150180090000
150180100000
150180110000
150180120000
150180130000
150180140000
150180150000
150180160000
150180170000
150180180000
150180190000
150180200000
150180210000
150180220000
150180230000
150180240000
150180250000
150180260000
150180270000
150180280000
150180290000
150180300000
150180310000
150180320000
150180330000
150180340000
150180350000
150180360000
150180370000
150180380000
150180390000
150180400000
150180410000
150180420000
150180430000
150180440000
150180450000
150180460000
150180470000
150180480000
150180490000
150180500000
150180510000
150180520000
150180530000
150180540000
150180550000
150180560000
150180570000
150180580000
150180590000
150180600000
150180610000
150180620000
150180630000
150180640000
150180650000
150180660000
150180670000
150180680000
150180690000
150180700000
150180710000
150180720000
150180730000
150180740000
150180750000
150180760000
150180770000
150180780000
150180790000
150180800000
150180810000
150180820000
150180830000
150180840000
150180850000
150180860000
150180870000
150180880000
150180890000
150180900000
150180910000
150180920000
150180930000
150180940000
150180950000
150180960000
150180970000
150180980000
150180990000
150181000000
150181010000
150181020000
150181030000
150181040000
150181050000
150181060000
150181070000
150181080000
150181090000
150181100000
150181110000
150181120000
150181130000
150181140000
150181150000
150181160000
150181170000
150181180000
150181190000
150181200000
150181210000
150181220000
150181230000
150181240000
150181250000
150181260000
150181270000
150181280000
150181290000
150181300000
150181310000
150181320000
150181330000
150181340000
150181350000
150181360000
150181370000
150181380000
150181390000
150181400000
150181410000
150181420000
150181430000
150181440000
150181450000
150181460000
150181470000
150181480000
150181490000
150181500000
150181510000
150181520000
150181530000
150181540000
150181550000
150181560000
150181570000
150181580000
150181590000
150181600000
150190010000
150190020000
150190030000
150190040000
150190050000
150190060000
150190070000
150190080000
150190090000
150190100000
150190110000
150190120000
150190130000
150190140000
150190150000
150190160000
150190170000
150190180000
150190190000
150190200000
150190210000
150190220000
150190230000
150190240000
150190250000
150190260000
150190270000
150190280000
150190290000
150190300000
150190310000
150190320000
150190330000
150190340000
150190350000
150190360000
150190370000
150190380000
150190390000
150190400000
150190410000
150190420000
150190430000
150190440000
150190450000
150190460000
150190470000
150190480000
150190490000
150190500000
150190510000
150190520000
150190530000
150190540000
150190550000
150190560000
150190570000
150190580000
150190590000
150190600000
150190610000
150190620000
150190630000
150190640000
150190650000
150190660000
150190670000
150190680000
150190690000
150190700000
150190710000
150190720000
150190730000
150190740000
150190750000
150190760000
150190770000
150190780000
150190790000
150190800000
150190810000
150190820000
150190830000
150190840000
150190850000
150190860000
150190870000
150190880000
150190890000
150190900000
150190910000
150190920000
150190930000
150190940000
150190950000
150190960000
150190970000
150190980000
150190990000
150191000000
150191010000
150191020000
150191030000
150191040000
150191050000
150191060000
150191070000
150191080000
150191090000
150191100000
150191110000
150191120000
150191130000
150191140000
150191150000
150191160000
150191170000
150191180000
150191190000
150191200000
150191210000
150191220000
150200010000
150200020000
150200030000
150200040000
150200050000
150200060000
150200070000
150200080000
150200090000
150200100000
150200110000
150200120000
150200130000
150200140000
150200150000
150200160000
150200170000
150200180000
150200190000
150200200000
150200210000
150200220000
150200230000
150200240000
150200250000
150200260000
150200270000
150200280000
150200290000
150200300000
150200310000
150200320000
150200330000
150200340000
150200350000
150200360000
150200370000
150200380000
150200390000
150200400000
150200410000
150200420000
150200430000
150200440000
150200450000
150200460000
150200470000
150200480000
150200490000
150200500000
150200510000
150200520000
150200530000
150200540000
150200550000
150200560000
150200570000
150200580000
150200590000
150200600000
150200610000
150200620000
150200630000
150200640000
150200650000
150200660000
150200670000
150200680000
150200690000
150200700000
150200710000
150200720000
150200730000
150200740000
150200750000
150200760000
150200770000
150200780000
150200790000
150200800000
150200810000
150200820000
150200830000
150200840000
150200850000
150200860000
150200870000
150200880000
150200890000
150200900000
150200910000
150200920000
150200930000
150200940000
150200950000
150200960000
150200970000
150200980000
150200990000
150201000000
150201010000
150201020000
150201030000
150201040000
150201050000
150201060000
150201070000
150201080000
150201090000
150201100000
150201110000
150201120000
150201130000
150201140000
150201150000
150201160000
150201170000
150201180000
150201190000
150201200000
150201210000
150201220000
150201230000
150201240000
150201250000
150201260000
150201270000
150201280000
150201290000
150201300000
150201310000
150201320000
150201330000
150201340000
150201350000
150201360000
150201370000
150201380000
150210010000
150210020000
150210030000
150210040000
150210050000
150210060000
150210070000
150210080000
150210090000
150210100000
150210110000
150210120000
150210130000
150210140000
150210150000
150210160000
150210170000
150210180000
150210190000
150210200000
150210210000
150210220000
150210230000
150210240000
150210250000
150210260000
150210270000
150210280000
150210290000
150210300000
150210310000
150210320000
150210330000
150210340000
150210350000
150210360000
150210370000
150210380000
150210390000
150210400000
150210410000
150210420000
150210430000
150210440000
150210450000
150210460000
150210470000
150210480000
150210490000
150210500000
150210510000
150210520000
150210530000
150210540000
150210550000
150210560000
150210570000
150210580000
150210590000
150210600000
150210610000
150210620000
150210630000
150210640000
150210650000
150210660000
150210670000
150210680000
150210690000
150210700000
150210710000
150210720000
150210730000
150210740000
150210750000
150210760000
150210770000
150210780000
150210790000
150210800000
150210810000
150210820000
150210830000
150210840000
150210850000
150210860000
150210870000
150210880000
150210890000
150210900000
150210910000
150210920000
150210930000
150210940000
150210950000
150210960000
150210970000
150210980000
150210990000
150211000000
150211010000
150211020000
150211030000
150211040000
150211050000
150211060000
150211070000
150211080000
150211090000
150211100000
150211110000
150211120000
150211130000
150211140000
150211150000
150211160000
150211170000
150211180000
150211190000
150211200000
150211210000
150211220000
150211230000
150211240000
150211250000
150211260000
150211270000
150211280000
150211290000
150211300000
150211310000
150211320000
150211330000
150211340000
150211350000
150211360000
150211370000
150211380000
150211390000
150211400000
150211410000
150211420000
150211430000
150211440000
150211450000
150211460000
150211470000
150211480000
150211490000
150211500000
150211510000
150211520000
150211530000
150211540000
150211550000
150211560000
150211570000
150211580000
150211590000
150211600000
150211610000
150211620000
150211630000
150211640000
150211650000
150211660000
150211670000
150211680000
150211690000
150211700000
150211710000
150211720000
150211730000
150211740000
150211750000
150211760000
150211770000
150211780000
150211790000
150211800000
150211810000
150211820000
150211830000
150211840000
150211850000
150211860000
150211870000
150211880000
150211890000
150211900000
150211910000
150211920000
150211930000
150211940000
150211950000
150211960000
150211970000
150211980000
150211990000
150212000000
150212010000
150212020000
150212030000
150212040000
150212050000
150212060000
150212070000
150212080000
150212090000
150212100000
150212110000
150212120000
150212130000
150212140000
150212150000
150212160000
150212170000
150212180000
150212190000
150212200000
150212210000
150212220000
150212230000
150212240000
150212250000
150212260000
150212270000
150212280000
150212290000
150212300000
150212310000
150212320000
150212330000
150212340000
150212350000
150212360000
150212370000
150212380000
150212390000
150212400000
150212410000
150212420000
150212430000
150212440000
150212450000
150212460000
150212470000
150212480000
150212490000
150212500000
150212510000
150212520000
150212530000
150212540000
150212550000
150212560000
150212570000
150212580000
150212590000
150212600000
150212610000
150212620000
150212630000
150212640000
150212650000
150212660000
150212670000
150212680000
150212690000
150212700000
150212710000
150212720000
150212730000
150212740000
150212750000
150212760000
150212770000
150212780000
150220010000
150220020000
150220030000
150220040000
150220050000
150220060000
150220070000
150220080000
150220090000
150220100000
150220110000
150220120000
150220130000
150220140000
150220150000
150220160000
150220170000
150220180000
150220190000
150220200000
150220210000
150220220000
150220230000
150220240000
150220250000
150220260000
150220270000
150220280000
150220290000
150220300000
150220310000
150220320000
150220330000
150220340000
150220350000
150220360000
150220370000
150220390000
150220410000
150220420000
150220430000
150220440000
150220450000
150220460000
150220470000
150220480000
150220490000
150220500000
150220510000
150220520000
150220530000
150220540000
150220550000
150220560000
150220570000
150220580000
150220590000
150220600000
150220610000
150220620000
150220630000
150220640000
150220650000
150220660000
150220670000
150220680000
150220690000
150220700000
150220710000
150220720000
150220730000
150220740000
150220750000
150220760000
150220770000
150220780000
150220790000
150220800000
150220810000
150220820000
150220830000
150220840000
150220850000
150220860000
150220870000
150220880000
150220890000
150220900000
150220910000
150220920000
150220930000
150220940000
150220950000
150220960000
150220970000
150220980000
150220990000
150221000000
150221010000
150221020000
150221030000
150221040000
150221050000
150221060000
150221070000
150221080000
150221090000
150221100000
150221110000
150221120000
150221130000
150221140000
150221150000
150221160000
150221170000
150221180000
150221190000
150221200000
150221210000
150221220000
150221230000
150221240000
150221250000
150221260000
150221270000
150221280000
150221290000
150221300000
150221310000
150221320000
150221330000
150221340000
150221350000
150221360000
150221370000
150221380000
150221390000
150221400000
150221410000
150221420000
150221430000
150221440000
150221450000
150221460000
150221470000
150221480000
150221490000
150221500000
150221510000
150221520000
150221530000
150221540000
150221550000
150221560000
150221570000
150221580000
150221590000
150221600000
150221610000
150221620000
150221630000
150221640000
150221650000
150221660000
150221670000
150221680000
150221690000
150221700000
150221710000
150221720000
150221730000
150221740000
150221750000
150221760000
150221770000
150221780000
150221790000
150221800000
150221810000
150221820000
150221830000
150221840000
150221850000
150221860000
150221870000
150221880000
150221890000
150221900000
150221910000
150221920000
150221930000
150221940000
150221950000
150221960000
150221970000
150221980000
150221990000
150222000000
150222010000
150222020000
150222030000
150222040000
150222050000
150222060000
150222070000
150222080000
150222090000
150222100000
150222110000
150222120000
150222130000
150222140000
150222150000
150222160000
150222170000
150222180000
150222190000
150222200000
150222210000
150222220000
150222230000
150222240000
150222250000
150222260000
150222270000
150222280000
150222290000
150222300000
150222310000
150222320000
150222330000
150222340000
150222350000
150222360000
150222370000
150222380000
150222390000
150222400000
150222410000
150222420000
150222430000
150222440000
150222450000
150222460000
150222470000
150222480000
150222490000
150222500000
150222510000
150222520000
150222530000
150222540000
150222550000
150222560000
150222570000
150222580000
150222590000
150222600000
150222610000
150222620000
150222630000
150222640000
150222650000
150222660000
150222670000
150222680000
150222690000
150222700000
150222710000
150222720000
150222730000
150222740000
150222750000
150222760000
150222770000
150222780000
150222790000
150222800000
150222810000
150222820000
150222830000
150222840000
150230010000
150230020000
150230030000
150230040000
150230050000
150230060000
150230070000
150230080000
150230090000
150230100000
150230110000
150230120000
150230130000
150230140000
150230150000
150230160000
150230170000
150230180000
150230190000
150230200000
150230210000
150230220000
150230230000
150230240000
150230250000
150230260000
150230270000
150230280000
150230290000
150230300000
150230310000
150230320000
150230330000
150230340000
150230350000
150230360000
150230370000
150230380000
150230390000
150230400000
150230410000
150230420000
150230430000
150230440000
150230450000
150230460000
150230470000
150230480000
150230490000
150230500000
150230510000
150230520000
150230530000
150230540000
150230550000
150230560000
150230570000
150230580000
150230590000
150230600000
150230610000
150230620000
150230630000
150230640000
150230650000
150230660000
150230670000
150230680000
150230690000
150230700000
150230710000
150230720000
150230730000
150230740000
150230750000
150230760000
150230770000
150230780000
150230790000
150230800000
150230810000
150230820000
150230830000
150230840000
150230850000
150230860000
150230870000
150230880000
150230980000
150230990000
150231000000
150231010000
150231020000
150231030000
150231040000
150231050000
150231060000
150231070000
150231080000
150231090000
150231100000
150231110000
150231120000
150231130000
150231140000
150231150000
150231160000
150231170000
150231260000
150231270000
150231280000
150231290000
150231300000
150231310000
150231320000
150231330000
150231340000
150231350000
150231360000
150231370000
150231380000
150231390000
150231400000
150231410000
150231420000
150231430000
150231440000
150231450000
150231460000
150231470000
150231560000
150231570000
150231580000
150231590000
150231600000
150231610000
150231620000
150231630000
150231640000
150231650000
150231660000
150231670000
150231680000
150231690000
150231700000
150231710000
150231720000
150231730000
150231740000
150231750000
150231760000
150231770000
150231780000
150231790000
150231800000
150231810000
150231820000
150231830000
150231840000
150231850000
150231860000
150231870000
150231880000
150231890000
150231900000
150231910000
150231920000
150231930000
150231940000
150231950000
150231960000
150231970000
150231980000
150231990000
150232000000
150232010000
150232020000
150232030000
150232040000
150232050000
150232060000
150232070000
150232080000
150232090000
150232100000
150232110000
150232120000
150232130000
150232140000
150232150000
150232160000
150232170000
150232180000
150232190000
150232200000
150232210000
150232220000
150232230000
150232240000
150232250000
150232260000
150232270000
150232280000
150232290000
150232300000
150232310000
150232320000
150232330000
150232340000
150232350000
150232360000
150232370000
150232380000
150232390000
150232400000
150232410000
150232420000
150232430000
150232440000
150232450000
150232460000
150232470000
150232480000
150232490000
150232500000
150232510000
150232520000
150232530000
150232540000
150240010000
150240020000
150240030000
150240040000
150240050000
150240060000
150240070000
150240080000
150240090000
150240100000
150240110000
150240120000
150240130000
150240140000
150240150000
150240160000
150240170000
150240180000
150240190000
150240200000
150240210000
150240220000
150240230000
150240240000
150240250000
150240260000
150240270000
150240280000
150240290000
150240300000
150240310000
150240320000
150240330000
150240340000
150240350000
150240360000
150240370000
150240380000
150240390000
150240400000
150240410000
150240420000
150240430000
150240440000
150240450000
150240460000
150240470000
150240480000
150240490000
150240500000
150240510000
150240520000
150240530000
150240540000
150240550000
150240560000
150240570000
150240580000
150240590000
150240600000
150240610000
150240620000
150240630000
150240640000
150240650000
150240660000
150240670000
150240680000
150240690000
150240700000
150240710000
150240720000
150240730000
150240740000
150240750000
150240760000
150240770000
150240780000
150240790000
150240800000
150240810000
150240820000
150240830000
150240840000
150240850000
150240860000
150240870000
150240880000
150240890000
150240900000
150240910000
150240920000
150240930000
150240940000
150240950000
150240960000
150240970000
150240980000
150240990000
150241000000
150241010000
150241020000
150241030000
150241040000
150241050000
150241060000
150241070000
150241080000
150241090000
150241100000
150241110000
150241120000
150241130000
150241140000
150250010000
150250020000
150250030000
150250040000
150250050000
150250060000
150250070000
150250080000
150250090000
150250100000
150250110000
150250120000
150250130000
150250140000
150250150000
150250160000
150250170000
150250180000
150250190000
150250200000
150250210000
150250220000
150250230000
150250240000
150250250000
150250260000
150250270000
150250280000
150250290000
150250300000
150250310000
150250320000
150250330000
150250340000
150250350000
150250360000
150250370000
150250380000
150250390000
150250400000
150250410000
150250420000
150250430000
150250440000
150250450000
150250460000
150250470000
150250480000
150250490000
150250500000
150250510000
150250520000
150250530000
150250540000
150250550000
150250560000
150250570000
150250580000
150250590000
150250600000
150250610000
150250620000
150250630000
150250640000
150250650000
150250660000
150250670000
150250680000
150250690000
150250700000
150250710000
150250720000
150250730000
150250740000
150250750000
150250760000
150250770000
150250780000
150250790000
150250800000
150250810000
150250820000
150250830000
150250840000
150250850000
150250860000
150250870000
150250880000
150250890000
150250900000
150250910000
150250920000
150250930000
150250940000
150250950000
150250960000
150250970000
150250980000
150250990000
150251000000
150251010000
150251020000
150251030000
150251040000
150251050000
150251060000
150251070000
150251080000
150251090000
150251100000
150251110000
150251120000
150251130000
150251140000
150251150000
150251160000
150251170000
150251180000
150251190000
150251200000
150251210000
150251220000
150251230000
150251240000
150251250000
150251260000
150251270000
150251280000
150251290000
150251300000
150251310000
150251320000
150251330000
150251340000
150251350000
150251360000
150251370000
150251380000
150251390000
150251400000
150251410000
150251420000
150251430000
150251440000
150251450000
150251460000
150251470000
150251480000
150251490000
150251500000
150251510000
150251520000
150251530000
150251540000
150251550000
150251560000
150251570000
150251580000
150251590000
150251600000
150251610000
150251620000
150251630000
150251640000
150251650000
150251660000
150251670000
150251680000
150251690000
150251700000
150251710000
150251720000
150251730000
150251740000
150251750000
150251760000
150251770000
150251780000
150251790000
150251800000
150251810000
150251820000
150251830000
150251840000
150251850000
150251860000
150251870000
150251880000
150251890000
150251900000
150251910000
150251920000
150251930000
150251940000
150251950000
150251960000
150251970000
150251980000
150251990000
150252000000
150260010000
150260020000
150260030000
150260040000
150260050000
150260060000
150260070000
150260080000
150260090000
150260100000
150260110000
150260120000
150260130000
150260140000
150260150000
150260160000
150260170000
150260180000
150260190000
150260200000
150260210000
150260220000
150260230000
150260240000
150260250000
150260260000
150260270000
150260280000
150260290000
150260300000
150260310000
150260320000
150260330000
150260340000
150260350000
150260360000
150260370000
150260380000
150260390000
150260400000
150260410000
150260420000
150260430000
150260440000
150260450000
150260460000
150260470000
150260480000
150260490000
150260500000
150260510000
150260520000
150260530000
150260540000
150260550000
150260560000
150260570000
150260580000
150260590000
150260600000
150260610000
150260620000
150260630000
150260640000
150260650000
150260660000
150260670000
150260680000
150260690000
150260700000
150260710000
150260720000
150260730000
150260740000
150260750000
150260760000
150260770000
150260780000
150260790000
150260800000
150260810000
150260820000
150260830000
150260840000
150260850000
150260860000
150260870000
150260880000
150260890000
150260900000
150260910000
150260920000
150260930000
150260940000
150260950000
150260960000
150260970000
150260980000
150260990000
150261000000
150261010000
150261020000
150261030000
150261040000
150261050000
150261060000
150261070000
150261080000
150261090000
150261100000
150261110000
150261120000
150261130000
150261140000
150261150000
150261160000
150261170000
150261180000
150261190000
150261200000
150261210000
150261220000
150261230000
150261240000
150261250000
150261260000
150261270000
150261280000
150261290000
150261300000
150261310000
150261320000
150261330000
150261340000
150261350000
150261360000
150261370000
150261380000
150261390000
150261400000
150261410000
150261420000
150261430000
150261440000
150261450000
150261460000
150261470000
150261480000
150261490000
150261500000
150261510000
150261520000
150261530000
150261540000
150261550000
150261560000
150261570000
150261580000
150261590000
150261600000
150261610000
150261620000
150261630000
150261640000
150261650000
150261660000
150261670000
150261680000
150261690000
150261700000
150261710000
150261720000
150261730000
150261740000
150261750000
150261760000
150261770000
150261780000
150261790000
150261800000
150261810000
150261820000
150261830000
150261840000
150261850000
150261860000
150261870000
150261880000
150261890000
150261900000
150261910000
150261920000
150261930000
150261940000
150261950000
150261960000
150261970000
150261980000
150261990000
150262000000
150262010000
150262020000
150262030000
150262040000
150262050000
150262060000
150262070000
150262080000
150262090000
150262100000
150262110000
150262120000
150262130000
150262140000
150262150000
150262160000
150262170000
150262180000
150262190000
150262200000
150262210000
150262220000
150262230000
150262240000
150262250000
150262260000
150262270000
150262280000
150262290000
150262300000
150262310000
150262320000
150262330000
150262340000
150262350000
150262360000
150262370000
150262380000
150262390000
150262400000
150262410000
150262420000
150262430000
150262440000
150262450000
150262460000
150262470000
150262480000
150262490000
150262510000
150262530000
150262540000
150262550000
150262560000
150262570000
150262580000
150262590000
150262600000
150262610000
150262620000
150262630000
150262640000
150262650000
150262660000
150262670000
150262680000
150262690000
150262700000
150262710000
150262720000
150262730000
150262740000
150262750000
150262760000
150262770000
150262780000
150262790000
150262800000
150262810000
150262820000
150262830000
150262840000
150262850000
150262860000
150262870000
150262880000
150262890000
150262900000
150270010000
150270020000
150270030000
150270040000
150270050000
150270060000
150270070000
150270080000
150270090000
150270100000
150270110000
150270120000
150270130000
150270140000
150270150000
150270160000
150270170000
150270180000
150270190000
150270200000
150270210000
150270220000
150270230000
150270240000
150270250000
150270260000
150270270000
150270280000
150270290000
150270300000
150270310000
150270320000
150270330000
150270340000
150270350000
150270360000
150270370000
150270380000
150270390000
150270400000
150270410000
150270420000
150270430000
150270440000
150270450000
150270460000
150270470000
150270480000
150270490000
150270500000
150270510000
150270520000
150270530000
150270540000
150270550000
150270560000
150270570000
150270580000
150270590000
150270600000
150270610000
150270620000
150270630000
150270640000
150270650000
150270660000
150270670000
150270680000
150270690000
150270700000
150270710000
150270720000
150270730000
150270740000
150270750000
150270760000
150270770000
150270780000
150270790000
150270800000
150270810000
150270820000
150270830000
150270840000
150270850000
150270860000
150270870000
150270880000
150270890000
150270900000
150270910000
150270920000
150270930000
150270940000
150270950000
150270960000
150270970000
150270980000
150270990000
150271000000
150271010000
150271020000
150271040000
150271050000
150271060000
150271070000
150271080000
150271090000
150271100000
150271110000
150271120000
150271130000
150271140000
150271150000
150271160000
150271170000
150271180000
150271190000
150271200000
150271210000
150271220000
150271230000
150271240000
150271250000
150271260000
150271270000
150271280000
150271290000
150271300000
150271310000
150271320000
150271330000
150271340000
150271350000
150271360000
150271370000
150271380000
150271390000
150271400000
150271410000
150271420000
150271430000
150271440000
150271450000
150271460000
150271470000
150271480000
150271490000
150271500000
150271510000
150271520000
150271530000
150271540000
150271550000
150271560000
150271570000
150271580000
150271590000
150271600000
150271610000
150271620000
150271630000
150271640000
150271650000
150271660000
150271670000
150271680000
150271690000
150271700000
150271710000
150271720000
150271730000
150271740000
150271750000
150271760000
150271770000
150271780000
150271790000
150271800000
150271810000
150271820000
150271830000
150271840000
150271850000
150271860000
150271870000
150271880000
150271890000
150271900000
150271910000
150271920000
150271930000
150271940000
150271950000
150271960000
150271970000
150271980000
150271990000
150272000000
150280010000
150280020000
150280030000
150280040000
150280050000
150280060000
150280070000
150280080000
150280090000
150280100000
150280110000
150280120000
150280130000
150280140000
150280150000
150280160000
150280170000
150280180000
150280190000
150280200000
150280210000
150280220000
150280230000
150280240000
150280250000
150280260000
150280270000
150280280000
150280290000
150280300000
150280310000
150280320000
150280330000
150280340000
150280350000
150280360000
150280370000
150280380000
150280390000
150280400000
150280410000
150280420000
150280430000
150280440000
150280450000
150280460000
150280470000
150280480000
150280490000
150280500000
150280510000
150280520000
150280530000
150280540000
150280550000
150280560000
150280570000
150280580000
150280590000
150280600000
150280610000
150280620000
150280630000
150280640000
150280650000
150280660000
150280670000
150280680000
150280690000
150280700000
150280710000
150280720000
150280730000
150280740000
150280750000
150280760000
150280770000
150280780000
150280790000
150280800000
150280810000
150280820000
150280830000
150280840000
150280850000
150280860000
150280870000
150280880000
150280890000
150280900000
150280910000
150280920000
150280930000
150280940000
150280950000
150280960000
150280970000
150280980000
150280990000
150281000000
150281010000
150281020000
150281030000
150281040000
150281050000
150281060000
150281070000
150281080000
150281090000
150281100000
150281110000
150281120000
150281130000
150281140000
150281150000
150281160000
150281170000
150281180000
150281190000
150281200000
150281210000
150281220000
150281230000
150281240000
150281250000
150281260000
150281270000
150281280000
150281290000
150281300000
150281310000
150281320000
150281330000
150281340000
150281350000
150281360000
150281370000
150281380000
150281390000
150281400000
150281410000
150281420000
150281430000
150281440000
150281450000
150281460000
150281470000
150281480000
150281490000
150281500000
150281510000
150281520000
150281530000
150281540000
150281550000
150281560000
150281570000
150281580000
150281590000
150281600000
150281610000
150281620000
150281630000
150281640000
150281650000
150281660000
150281670000
150281680000
150281690000
150281700000
150281710000
150281720000
150281730000
150281740000
150281750000
150281760000
150281770000
150281780000
150281790000
150281800000
150281810000
150281820000
150290010000
150290020000
150290030000
150290040000
150290050000
150290060000
150290070000
150290080000
150290090000
150290100000
150290110000
150290120000
150290130000
150290140000
150290150000
150290160000
150290170000
150290180000
150290190000
150290200000
150290210000
150290220000
150290230000
150290240000
150290250000
150290260000
150290270000
150290280000
150290290000
150290300000
150290310000
150290320000
150290330000
150290340000
150290350000
150290360000
150290370000
150290380000
150290390000
150290400000
150290410000
150290420000
150290430000
150290440000
150290450000
150290460000
150290470000
150290480000
150290490000
150290500000
150290510000
150290520000
150290530000
150290540000
150290550000
150290560000
150290570000
150290580000
150290590000
150290600000
150290610000
150290620000
150290630000
150290640000
150290650000
150290660000
150290670000
150290680000
150290690000
150290700000
150290710000
150290720000
150290730000
150290740000
150290750000
150290760000
150290770000
150290780000
150290790000
150290800000
150290810000
150290820000
150290830000
150290840000
150290850000
150290860000
150290870000
150290880000
150290890000
150290900000
150290910000
150290920000
150290930000
150290940000
150290950000
150290960000
150290970000
150290980000
150290990000
150291000000
150291010000
150291020000
150291030000
150291040000
150291050000
150291060000
150291070000
150291080000
150291090000
150291100000
150291110000
150291120000
150291130000
150291140000
150291150000
150291160000
150291170000
150291180000
150291190000
150291200000
150291210000
150291220000
150291230000
150291240000
150300010000
150300020000
150300030000
150300040000
150300050000
150300060000
150300070000
150300080000
150300090000
150300100000
150300110000
150300120000
150300130000
150300140000
150300150000
150300160000
150300170000
150300180000
150300190000
150300200000
150300210000
150300220000
150300230000
150300240000
150300250000
150300260000
150300270000
150300280000
150300290000
150300300000
150300310000
150300320000
150300330000
150300340000
150300350000
150300360000
150300370000
150300380000
150300390000
150300400000
150300410000
150300420000
150300430000
150300440000
150300450000
150300460000
150300470000
150300480000
150300490000
150300500000
150300510000
150300520000
150300530000
150300540000
150300550000
150300560000
150300570000
150300580000
150300590000
150300600000
150300610000
150300620000
150300630000
150300640000
150300650000
150300660000
150300670000
150300680000
150300690000
150300700000
150300710000
150300720000
150300730000
150300740000
150300750000
150300760000
150300770000
150300780000
150300790000
150300800000
150300810000
150300820000
150300830000
150300840000
150300850000
150300860000
150300870000
150300880000
150300890000
150300900000
150300910000
150300920000
150300930000
150300940000
150300950000
150300960000
150300970000
150300980000
150300990000
150301000000
150301010000
150301020000
150301030000
150301040000
150301050000
150301060000
150301070000
150301080000
150301090000
150301100000
150301110000
150301120000
150301130000
150301140000
150301150000
150301160000
150301170000
150301180000
150301190000
150301200000
150301210000
150301220000
150301230000
150301240000
150301250000
150301260000
150301270000
150301280000
150301290000
150301300000
150301310000
150301320000
150301330000
150301340000
150301350000
150301360000
150301370000
150301380000
150301390000
150301400000
150301410000
150301420000
150301430000
150301440000
150301450000
150301460000
150301470000
150301480000
150301490000
150301500000
150301510000
150301520000
150301530000
150301540000
150301550000
150301560000
150301570000
150301580000
150301590000
150301600000
150301610000
150301620000
150301630000
150301640000
150301650000
150301660000
150301670000
150301680000
150301690000
150301700000
150301710000
150301720000
150301730000
150301740000
150301750000
150301760000
150301770000
150301780000
150301790000
150301800000
150301810000
150301820000
150301830000
150301840000
150301850000
150301860000
150301870000
150301880000
150301890000
150301900000
150301910000
150301920000
150301930000
150301940000
150301950000
150301960000
150301970000
150301980000
150310010000
150310020000
150310030000
150310040000
150310050000
150310060000
150310070000
150310080000
150310090000
150310100000
150310110000
150310120000
150310130000
150310140000
150310150000
150310160000
150310170000
150310180000
150310190000
150310200000
150310210000
150310220000
150310230000
150310240000
150310250000
150310260000
150310270000
150310280000
150310290000
150310300000
150310310000
150310320000
150310330000
150310340000
150310350000
150310360000
150310370000
150310380000
150310390000
150310400000
150310410000
150310420000
150310430000
150310440000
150310450000
150310460000
150310470000
150310480000
150310490000
150310500000
150310510000
150310520000
150310530000
150310540000
150310550000
150310560000
150310570000
150310580000
150310590000
150310600000
150310610000
150310620000
150310630000
150310640000
150310650000
150310660000
150310670000
150310680000
150310690000
150310700000
150310710000
150310720000
150310730000
150310740000
150320010000
150320020000
150320030000
150320040000
150320050000
150320060000
150320070000
150320080000
150320090000
150320100000
150320110000
150320120000
150320130000
150320140000
150320150000
150320160000
150320170000
150320180000
150320190000
150320200000
150320210000
150320220000
150320230000
150320240000
150320250000
150320260000
150320270000
150320280000
150320290000
150320300000
150320310000
150320320000
150320330000
150320340000
150320350000
150320360000
150320370000
150320380000
150320390000
150320400000
150320410000
150320420000
150320430000
150320440000
150320450000
150320460000
150320470000
150320480000
150320490000
150320500000
150320510000
150320520000
150320530000
150320540000
150320550000
150320560000
150320570000
150320580000
150320590000
150320600000
150330010000
150330020000
150330030000
150330040000
150330050000
150330060000
150330070000
150330080000
150330090000
150330100000
150330110000
150330120000
150330130000
150330140000
150330150000
150330160000
150330170000
150330180000
150330190000
150330200000
150330210000
150330220000
150330230000
150330240000
150330250000
150330260000
150330270000
150330280000
150330290000
150330300000
150330310000
150330320000
150330330000
150330340000
150330350000
150330360000
150330370000
150330380000
150330390000
150330400000
150330410000
150330420000
150330430000
150330440000
150330450000
150330460000
150330470000
150330480000
150330490000
150330500000
150330510000
150330520000
150330530000
150330540000
150330550000
150330560000
150330570000
150330580000
150330590000
150330600000
150330610000
150330620000
150330630000
150330640000
150330650000
150330660000
150330670000
150330680000
150330690000
150330700000
150330710000
150330720000
150330730000
150330740000
150330750000
150330760000
150330770000
150330780000
150330790000
150330800000
150330810000
150330820000
150330830000
150330840000
150330850000
150330860000
150330870000
150330880000
150330890000
150330900000
150330910000
150330920000
150330930000
150330940000
150330950000
150330960000
150330970000
150330980000
150330990000
150331000000
150331010000
150331020000
150331030000
150331040000
150331050000
150331060000
150331070000
150331080000
150331090000
150331100000
150331110000
150331120000
150331130000
150331140000
150331150000
150331160000
150331170000
150331180000
150331190000
150331200000
150331210000
150331220000
150331230000
150331240000
150331250000
150331260000
150331270000
150331280000
150331290000
150331300000
150331310000
150331320000
150331330000
150331340000
150331350000
150331360000
150331370000
150331380000
150331390000
150331400000
150331410000
150331420000
150331430000
150331440000
150331450000
150331460000
150331470000
150331480000
150331490000
150331500000
150331510000
150331520000
150331530000
150331540000
150331550000
150331560000
150331570000
150331580000
150331590000
150331600000
150331610000
150331620000
150331630000
150331640000
150331650000
150331660000
150331670000
150331680000
150331690000
150331700000
150331710000
150331720000
150331730000
150331740000
150331750000
150331760000
150331770000
150331780000
150331790000
150331800000
150331810000
150331820000
150331830000
150331840000
150331850000
150331860000
150331870000
150331880000
150331890000
150331900000
150331910000
150331920000
150331930000
150331940000
150331950000
150331960000
150331970000
150331980000
150331990000
150332000000
150332010000
150332020000
150332030000
150332040000
150332050000
150332060000
150332070000
150332080000
150332090000
150332100000
150332110000
150332120000
150332130000
150332140000
150332150000
150332160000
150332170000
150332180000
150332190000
150332200000
150332210000
150332220000
150332230000
150332240000
150332250000
150332260000
150332270000
150332280000
150332290000
150332300000
150332310000
150332320000
150332330000
150332340000
150332350000
150332360000
150332370000
150332380000
150332390000
150332400000
150332410000
150332420000
150332430000
150332440000
150332450000
150332460000
150332470000
150332480000
150332490000
150332500000
150332510000
150332520000
150332530000
150332540000
150332550000
150332560000
150332570000
150332580000
150332590000
150332600000
150332610000
150340010000
150340020000
150340030000
150340040000
150340050000
150340060000
150340070000
150340080000
150340090000
150340100000
150340110000
150340120000
150340130000
150340140000
150340150000
150340160000
150340170000
150340180000
150340190000
150340200000
150340210000
150340220000
150340230000
150340240000
150340250000
150340260000
150340270000
150340280000
150340290000
150340300000
150340310000
150340320000
150340330000
150340340000
150340350000
150340360000
150340370000
150340380000
150340390000
150340400000
150340410000
150340420000
150340430000
150340440000
150340450000
150340460000
150340470000
150340480000
150340490000
150340500000
150340510000
150340520000
150340530000
150340540000
150340550000
150340560000
150340570000
150340580000
150340590000
150340600000
150340610000
150340620000
150340630000
150340640000
150340650000
150340660000
150340670000
150340680000
150340690000
150340700000
150340710000
150340720000
150340730000
150340740000
150340750000
150340760000
150340770000
150340780000
150340790000
150340800000
150340810000
150340820000
150340830000
150340840000
150340850000
150340860000
150340870000
150340880000
150340890000
150340900000
150340910000
150340920000
150340930000
150340940000
150340950000
150340960000
150340970000
150340980000
150340990000
150341000000
150341010000
150341020000
150341030000
150341040000
150341050000
150341060000
150341070000
150341080000
150341090000
150341100000
150341110000
150341120000
150341130000
150341140000
150341150000
150341160000
150341170000
150341180000
150341190000
150341200000
150341210000
150341220000
150341230000
150341240000
150341250000
150341260000
150341270000
150341280000
150341290000
150341300000
150341310000
150341320000
150341330000
150341340000
150341350000
150341360000
150341370000
150341380000
150341390000
150341400000
150341410000
150341420000
150341430000
150341440000
150341450000
150341460000
150341470000
150341480000
150341490000
150341500000
150341510000
150341520000
150341530000
150341540000
150341550000
150341560000
150341570000
150341580000
150341590000
150341600000
150341610000
150341620000
150341630000
150341640000
150341650000
150341660000
150341670000
150341680000
150341690000
150341700000
150341710000
150341720000
150341730000
150341740000
150341750000
150341760000
150341770000
150341780000
150341790000
150341800000
150341810000
150341820000
150341830000
150341840000
150341850000
150341860000
150341870000
150341880000
150341890000
150341900000
150341910000
150341920000
150341930000
150341940000
150341950000
150341960000
150341970000
150341980000
150341990000
150342000000
150342010000
150342020000
150342030000
150342040000
150342050000
150342060000
150342070000
150342080000
150342090000
150342100000
150342110000
150342120000
150342130000
150342140000
150342150000
150342160000
150342170000
150342180000
150342190000
150342200000
150342210000
150342220000
150350010000
150350020000
150350030000
150350040000
150350050000
150350060000
150350070000
150350080000
150350090000
150350100000
150350110000
150350120000
150350130000
150350140000
150350150000
150350160000
150350170000
150350180000
150350190000
150350200000
150350210000
150350220000
150350230000
150350240000
150350250000
150350260000
150350270000
150350280000
150350290000
150350300000
150350310000
150350320000
150350330000
150350340000
150350350000
150350360000
150350370000
150350380000
150350390000
150350400000
150350410000
150350420000
150350430000
150350440000
150350450000
150350460000
150350470000
150350480000
150350490000
150350500000
150350510000
150350520000
150350530000
150350540000
150350550000
150350560000
150350570000
150350580000
150350590000
150350600000
150350610000
150350620000
150350630000
150350640000
150350650000
150350660000
150350670000
150350680000
150350690000
150350700000
150350710000
150350720000
150350730000
150350740000
150350750000
150350760000
150350770000
150350780000
150350790000
150350800000
150350810000
150350820000
150350830000
150350840000
150350850000
150350860000
150350870000
150350880000
150350890000
150350900000
150350910000
150350920000
150350930000
150350940000
150350950000
150350960000
150350970000
150350980000
150350990000
150351000000
150351010000
150351020000
150351030000
150351040000
150351050000
150351060000
150351070000
150351080000
150351090000
150351100000
150351110000
150351120000
150351130000
150351140000
150351150000
150351160000
150351170000
150351180000
150351190000
150351200000
150351210000
150351220000
150351230000
150351240000
150351250000
150351260000
150351270000
150351280000
150351290000
150351300000
150351310000
150351320000
150351330000
150351340000
150351350000
150351360000
150351370000
150351380000
150351390000
150351400000
150351410000
150351420000
150351430000
150351440000
150351450000
150351460000
150351470000
150351480000
150351490000
150351500000
150351510000
150351520000
150351530000
150351540000
150351550000
150351560000
150351570000
150351580000
150351590000
150351600000
150351610000
150351620000
150351630000
150351640000
150351650000
150351660000
150351670000
150351680000
150351690000
150351700000
150351710000
150351720000
150351730000
150351740000
150351750000
150351760000
150351770000
150351780000
150351790000
150351800000
150351810000
150351820000
150351830000
150351840000
150351850000
150351860000
150351870000
150351880000
150351890000
150351900000
150351910000
150360010000
150360020000
150360030000
150360040000
150360050000
150360060000
150360070000
150360080000
150360090000
150360100000
150360110000
150360120000
150360130000
150360140000
150360150000
150360160000
150360170000
150360180000
150360190000
150360200000
150360210000
150360220000
150360230000
150360240000
150360250000
150360260000
150360270000
150360280000
150360290000
150360300000
150360310000
150360320000
150360330000
150360340000
150360350000
150360360000
150360370000
150360380000
150360390000
150360400000
150360410000
150360420000
150360430000
150360440000
150360450000
150360460000
150360470000
150360480000
150360490000
150360500000
150360510000
150360520000
150360530000
150360540000
150360550000
150360560000
150360570000
150360580000
150360590000
150360600000
150360610000
150360620000
150360630000
150360640000
150360650000
150360660000
150360670000
150360680000
150360690000
150360700000
150360710000
150360720000
150360730000
150360740000
150360750000
150360760000
150360770000
150360780000
150360790000
150360800000
150360810000
150360820000
150360830000
150360840000
150360850000
150360860000
150360870000
150360880000
150360890000
150360900000
150360910000
150360920000
150360930000
150360940000
150360950000
150360960000
150360970000
150360980000
150360990000
150361000000
150361010000
150361020000
150361030000
150361040000
150361050000
150361060000
150361070000
150361080000
150361090000
150361100000
150361110000
150361120000
150361130000
150361140000
150361150000
150361160000
150361170000
150361180000
150361190000
150361200000
150361210000
150361220000
150361230000
150361240000
150361250000
150361260000
150361270000
150361280000
150361290000
150361300000
150361310000
150361320000
150361330000
150361340000
150361350000
150361360000
150361370000
150361380000
150361390000
150361400000
150361410000
150361420000
150361430000
150361440000
150361450000
150361460000
150361470000
150361480000
150361490000
150361500000
150361510000
150361520000
150361530000
150361540000
150361550000
150370010000
150370020000
150370030000
150370040000
150370050000
150370060000
150370070000
150370080000
150370090000
150370100000
150370110000
150370120000
150370130000
150370140000
150370150000
150370160000
150370170000
150370180000
150370190000
150370200000
150370210000
150370220000
150370230000
150370240000
150370250000
150370260000
150370270000
150370280000
150370290000
150370300000
150370310000
150370320000
150370330000
150370340000
150370350000
150370360000
150370370000
150370380000
150370390000
150370400000
150370410000
150370420000
150370430000
150370440000
150370450000
150370460000
150370470000
150370480000
150370490000
150370500000
150370510000
150370520000
150370530000
150370540000
150370550000
150370560000
150370570000
150370580000
150370590000
150370600000
150370610000
150370620000
150370630000
150370640000
150370650000
150370660000
150370670000
150370680000
150370690000
150370700000
150370710000
150370720000
150370730000
150370740000
150370750000
150370760000
150370770000
150370780000
150370790000
150370800000
150370810000
150370820000
150370830000
150370840000
150370850000
150370860000
150370870000
150370880000
150370890000
150370900000
150370910000
150370920000
150370930000
150370940000
150370950000
150370960000
150370970000
150370980000
150370990000
150371000000
150371010000
150371020000
150371030000
150371040000
150371050000
150371060000
150371070000
150371080000
150371090000
150371100000
150371110000
150371120000
150371130000
150371140000
150371150000
150371160000
150371170000
150371180000
150371190000
150371200000
150371210000
150371220000
150371230000
150371240000
150371250000
150371260000
150371270000
150371280000
150371290000
150371300000
150371310000
150371320000
150371330000
150371340000
150371350000
150371360000
150371370000
150371380000
150371390000
150371400000
150371410000
150371420000
150371430000
150371440000
150371450000
150371460000
150371470000
150371480000
150371490000
150371500000
150371510000
150371520000
150371530000
150371540000
150371550000
150371560000
150371570000
150371580000
150371590000
150371600000
150371610000
150371620000
150371630000
150371640000
150371650000
150371660000
150371670000
150371680000
150371690000
150371700000
150371710000
150371720000
150371730000
150371740000
150371750000
150371760000
150371770000
150371780000
150371790000
150371800000
150371810000
150371820000
150371830000
150371840000
150371850000
150371860000
150371870000
150371880000
150371890000
150371900000
150371910000
150371920000
150371930000
150371940000
150371950000
150371960000
150371970000
150371980000
150371990000
150372000000
150372010000
150372020000
150380010000
150380020000
150380030000
150380040000
150380050000
150380060000
150380070000
150380080000
150380090000
150380100000
150380110000
150380120000
150380130000
150380140000
150380150000
150380160000
150380170000
150380180000
150380190000
150380200000
150380210000
150380220000
150380230000
150380240000
150380250000
150380260000
150380270000
150380280000
150380290000
150380300000
150380310000
150380320000
150380330000
150380340000
150380350000
150380360000
150380370000
150380380000
150380390000
150380400000
150380410000
150380420000
150380430000
150380440000
150380450000
150380460000
150380470000
150380480000
150380490000
150380500000
150380510000
150380520000
150380530000
150380540000
150380550000
150380560000
150380570000
150380580000
150380590000
150380600000
150380610000
150380620000
150380630000
150380640000
150380650000
150380660000
150380670000
150380680000
150380690000
150380700000
150380710000
150380720000
150380730000
150380740000
150380750000
150380760000
150380770000
150380780000
150380790000
150380800000
150380810000
150380820000
150380830000
150380840000
150380850000
150380860000
150380870000
150380880000
150380890000
150380900000
150380910000
150380920000
150380930000
150380940000
150380950000
150380960000
150380970000
150380980000
150380990000
150381000000
150381010000
150381020000
150381030000
150381040000
150381050000
150381060000
150381070000
150381080000
150381090000
150381100000
150381110000
150381120000
150381130000
150381140000
150381150000
150381160000
150381170000
150381180000
150381190000
150381200000
150381210000
150381220000
150381230000
150381240000
150381250000
150381260000
150381270000
150381280000
150381290000
150381300000
150381310000
150381320000
150381330000
150381340000
150381350000
150381360000
150381370000
150381380000
150381390000
150381400000
150381410000
150381420000
150381430000
150381440000
150381450000
150381460000
150381470000
150381480000
150381490000
150381500000
150381510000
150381520000
150381530000
150381540000
150381550000
150381560000
150381570000
150381580000
150381590000
150381600000
150381610000
150381620000
150381630000
150381640000
150381650000
150381660000
150381670000
150381680000
150381690000
150381700000
150381710000
150381720000
150381730000
150381740000
150381750000
150381760000
150381770000
150381780000
150381790000
150381800000
150381810000
150381820000
150381830000
150381840000
150381850000
150381860000
150381870000
150381880000
150381890000
150381900000
150381910000
150381920000
150381930000
150381940000
150381950000
150381960000
150381970000
150381980000
150381990000
150382000000
150382010000
150382020000
150382030000
150382040000
150382050000
150382060000
150382070000
150382080000
150382090000
150382100000
150382110000
150382120000
150382130000
150382140000
150382150000
150382160000
150382170000
150382180000
150382190000
150382200000
150382210000
150382220000
150382230000
150382240000
150382250000
150382260000
150382270000
150382280000
150390010000
150390020000
150390030000
150390040000
150390050000
150390060000
150390070000
150390080000
150390090000
150390100000
150390110000
150390120000
150390130000
150390140000
150390150000
150390160000
150390170000
150390180000
150390190000
150390200000
150390210000
150390220000
150390230000
150390240000
150390250000
150390260000
150390270000
150390280000
150390290000
150390300000
150390310000
150390320000
150390330000
150390340000
150390350000
150390360000
150390370000
150390380000
150390390000
150390400000
150390410000
150390420000
150390430000
150390440000
150390450000
150390460000
150390470000
150390480000
150390490000
150390500000
150390510000
150390520000
150390530000
150390540000
150390550000
150390560000
150390570000
150390580000
150390590000
150390600000
150390610000
150390620000
150390630000
150390640000
150390650000
150390660000
150390670000
150390690000
150390700000
150390710000
150390720000
150390730000
150390740000
150390750000
150390760000
150390770000
150390780000
150390790000
150390800000
150390810000
150390820000
150390830000
150390840000
150390850000
150390860000
150390870000
150390880000
150390890000
150390900000
150390910000
150390920000
150390930000
150390940000
150390950000
150390960000
150390970000
150390980000
150390990000
150391000000
150391010000
150391020000
150391030000
150391040000
150391050000
150391060000
150391070000
150391080000
150391090000
150391100000
150391110000
150391120000
150391130000
150391140000
150391150000
150391160000
150391170000
150391180000
150391190000
150391200000
150391210000
150391220000
150391230000
150391240000
150391250000
150391260000
150391270000
150391280000
150391290000
150391300000
150391310000
150391320000
150391330000
150391340000
150391350000
150391360000
150391370000
150391380000
150391390000
150391400000
150391410000
150391420000
150391430000
150391440000
150391450000
150391460000
150391470000
150391480000
150391490000
150391500000
150391510000
150391520000
150391530000
150391540000
150391550000
150391560000
150391570000
150391580000
150391590000
150391600000
150391610000
150391620000
150391630000
150391640000
150391650000
150391660000
150391670000
150391680000
150391690000
150391700000
150391710000
150391720000
150391730000
150391740000
150391750000
150391760000
150391770000
150391780000
150391790000
150391800000
150391810000
150391820000
150391830000
150391840000
150391850000
150391860000
150391870000
150391880000
150391890000
150391900000
150391910000
150391920000
150391930000
150391940000
150391950000
150391960000
150391970000
150391980000
150391990000
150392000000
150392010000
150392020000
150392030000
150392040000
150392050000
150392060000
150392070000
150392080000
150392090000
150392100000
150392110000
150392120000
150392130000
150392140000
150392150000
150392160000
150392170000
150392180000
150392190000
150392200000
150392210000
150392220000
150392230000
150392240000
150392250000
150392260000
150392270000
150392280000
150392290000
150392300000
150392310000
150392320000
150392330000
150392340000
150392350000
150392360000
150392370000
150392380000
150392390000
150392400000
150392410000
150392420000
150392430000
150392440000
150392450000
150392460000
150392470000
150392480000
150392490000
150392500000
150392520000
150392530000
150392540000
150392550000
150392560000
150392570000
150392580000
150392590000
150392600000
150392610000
150392620000
150392630000
150392640000
150392650000
150392660000
150392670000
150392680000
150392690000
150392700000
150392710000
150392720000
150392730000
150392740000
150392750000
150392760000
150392770000
150392780000
150392790000
150392800000
150392810000
150392820000
150392830000
150392840000
150392850000
150400010000
150400020000
150400030000
150400040000
150400050000
150400060000
150400070000
150400080000
150400090000
150400100000
150400110000
150400120000
150400130000
150400140000
150400150000
150400160000
150400170000
150400180000
150400190000
150400200000
150400210000
150400220000
150400230000
150400240000
150400250000
150400260000
150400270000
150400280000
150400290000
150400300000
150400310000
150400320000
150400330000
150400340000
150400350000
150400360000
150400370000
150400380000
150400390000
150400400000
150400410000
150400420000
150400430000
150400440000
150400450000
150400460000
150400470000
150400480000
150400490000
150400500000
150400510000
150400520000
150400530000
150400540000
150400550000
150400560000
150400570000
150400580000
150400590000
150400600000
150400610000
150400620000
150400630000
150400640000
150400650000
150400660000
150400670000
150400680000
150400690000
150400700000
150400710000
150400720000
150400730000
150400740000
150400750000
150400760000
150400770000
150400780000
150400790000
150400800000
150400810000
150400820000
150400830000
150400840000
150400850000
150400860000
150400870000
150400880000
150400890000
150400900000
150400910000
150400920000
150400930000
150400940000
150400950000
150400960000
150400970000
150400980000
150400990000
150401000000
150401010000
150401020000
150401030000
150401040000
150401050000
150401060000
150401070000
150401080000
150401090000
150401100000
150401110000
150401120000
150401130000
150401140000
150401150000
150401160000
150401170000
150401180000
150401190000
150401200000
150401210000
150401220000
150401230000
150401240000
150401250000
150401260000
150401270000
150401280000
150401290000
150401300000
150401310000
150401320000
150401330000
150401340000
150401350000
150401360000
150401370000
150401380000
150401390000
150401400000
150401410000
150401420000
150401430000
150401440000
150401450000
150401460000
150401470000
150401480000
150401490000
150401500000
150401510000
150401520000
150401530000
150401540000
150401550000
150401560000
150401570000
150401580000
150401590000
150401600000
150401610000
150401620000
150401630000
150401640000
150401650000
150401660000
150401670000
150401680000
150401690000
150401700000
150401710000
150401720000
150401730000
150401740000
150401750000
150401760000
150401770000
150401780000
150401790000
150401800000
150401810000
150401820000
150401830000
150401840000
150401850000
150401860000
150401870000
150401880000
150401890000
150401900000
150401910000
150401920000
150401930000
150401940000
150401950000
150401960000
150401970000
150401980000
150401990000
150402000000
150402010000
150402020000
150402030000
150402040000
150402050000
150402060000
150402070000
150402080000
150402090000
150402100000
150402110000
150402120000
150402130000
150402140000
150402150000
150402160000
150402170000
150402180000
150402190000
150402200000
150402210000
150402220000
150402230000
150402240000
150402250000
150402260000
150402270000
150402280000
150402290000
150402300000
150402310000
150402320000
150402330000
150402340000
150402350000
150402360000
150402370000
150402380000
150402390000
150402400000
150402410000
150402420000
150402430000
150402440000
150402450000
150402460000
150402470000
150402480000
150402490000
150402500000
150402510000
150402520000
150402530000
150402540000
150402550000
150402560000
150402570000
150402580000
150402590000
150402600000
150402610000
150402620000
150402630000
150402640000
150402650000
150402660000
150402670000
150402680000
150402690000
150402700000
150402710000
150402720000
150402730000
150402740000
150402750000
150402760000
150402770000
150402780000
150402790000
150402800000
150402810000
150402820000
150402830000
150402840000
150402850000
150410010000
150410020000
150410030000
150410040000
150410050000
150410060000
150410070000
150410080000
150410090000
150410100000
150410110000
150410120000
150410130000
150410140000
150410150000
150410160000
150410170000
150410180000
150410190000
150410200000
150410210000
150410220000
150410230000
150410240000
150410250000
150410260000
150410270000
150410280000
150410290000
150410300000
150410310000
150410320000
150410330000
150410340000
150410350000
150410360000
150410370000
150410380000
150410390000
150410400000
150410410000
150410420000
150410430000
150410440000
150410450000
150410460000
150410470000
150410480000
150410490000
150410500000
150410510000
150410520000
150410530000
150410540000
150410550000
150410560000
150410570000
150410580000
150410590000
150410600000
150410610000
150410620000
150410630000
150410640000
150410650000
150410660000
150410670000
150410680000
150410690000
150410700000
150410710000
150410720000
150410730000
150410740000
150410750000
150410760000
150410770000
150410780000
150410790000
150410800000
150410810000
150410820000
150410830000
150410840000
150410850000
150410860000
150410870000
150410880000
150410890000
150410900000
150410910000
150410920000
150410930000
150410940000
150410950000
150410960000
150410970000
150410980000
150410990000
150411000000
150411010000
150411020000
150411030000
150411040000
150411050000
150411060000
150411070000
150411080000
150411090000
150411100000
150411110000
150411120000
150411130000
150411140000
150411150000
150411160000
150411170000
150411180000
150411190000
150411200000
150411210000
150411220000
150411230000
150411240000
150411250000
150411260000
150411270000
150411280000
150411290000
150411300000
150411310000
150411320000
150411330000
150411340000
150411350000
150411360000
150411370000
150411380000
150411390000
150411400000
150411410000
150411420000
150411430000
150411440000
150411450000
150411460000
150411470000
150411480000
150411490000
150411500000
150411510000
150411520000
150411530000
150411540000
150411550000
150411560000
150411570000
150411580000
150411590000
150411600000
150411610000
150411620000
150411630000
150411640000
150411650000
150411660000
150411670000
150411680000
150411690000
150411700000
150411710000
150411720000
150411730000
150411740000
150411750000
150411760000
150411770000
150411780000
150411790000
150411800000
150411810000
150411820000
150411830000
150411840000
150411850000
150411860000
150411870000
150411880000
150411890000
150411900000
150411910000
150411920000
150411930000
150411940000
150411950000
150411960000
150411970000
150411980000
150411990000
150412000000
150412010000
150412020000
150412030000
150412040000
150412050000
150412060000
150412070000
150412080000
150412090000
150412100000
150412110000
150412120000
150412130000
150412140000
150412150000
150412160000
150412170000
150412180000
150412190000
150412200000
150412210000
150412220000
150412230000
150412240000
150412250000
150412260000
150412270000
150412280000
150412290000
150412300000
150412310000
150412320000
150412330000
150412340000
150412350000
150420010000
150420020000
150420030000
150420040000
150420050000
150420060000
150420070000
150420080000
150420090000
150420100000
150420110000
150420120000
150420130000
150420140000
150420150000
150420160000
150420170000
150420180000
150420190000
150420200000
150420210000
150420220000
150420230000
150420240000
150420250000
150420260000
150420270000
150420280000
150420290000
150420300000
150420310000
150420320000
150420330000
150420340000
150420350000
150420360000
150420370000
150420380000
150420390000
150420400000
150420410000
150420420000
150420430000
150420440000
150420450000
150420460000
150420470000
150420480000
150420490000
150420500000
150420510000
150420520000
150420530000
150420540000
150420550000
150420560000
150420570000
150420580000
150420590000
150420600000
150420610000
150420620000
150420630000
150420640000
150420650000
150420660000
150420670000
150420680000
150420690000
150420700000
150420710000
150420720000
150420730000
150420740000
150420750000
150420760000
150420770000
150420780000
150420790000
150420800000
150420810000
150420820000
150420830000
150420840000
150420850000
150420860000
150420870000
150420880000
150420890000
150420900000
150420910000
150420920000
150420930000
150420940000
150420950000
150420960000
150420970000
150420980000
150420990000
150421000000
150421010000
150421020000
150421030000
150421040000
150421050000
150421060000
150421070000
150421080000
150421090000
150421100000
150421110000
150421120000
150421130000
150421140000
150421150000
150421160000
150421170000
150421180000
150421190000
150421200000
150421210000
150421220000
150421230000
150421240000
150421250000
150421260000
150421270000
150421280000
150421290000
150421300000
150421310000
150421320000
150421330000
150421340000
150421350000
150421360000
150421370000
150421380000
150421390000
150421400000
150421410000
150421420000
150421430000
150421440000
150421450000
150421460000
150421470000
150421480000
150421490000
150421500000
150421510000
150421520000
150421530000
150421540000
150421550000
150421560000
150421570000
150421580000
150421590000
150421600000
150421610000
150421620000
150421630000
150421640000
150421650000
150421660000
150421670000
150421680000
150421690000
150421700000
150421710000
150421720000
150421730000
150421740000
150421750000
150421760000
150421770000
150421780000
150421790000
150421800000
150421810000
150421820000
150421830000
150421840000
150421850000
150421860000
150421870000
150421880000
150421890000
150421900000
150421910000
150421920000
150421930000
150421940000
150421950000
150421960000
150421970000
150421980000
150421990000
150422000000
150422010000
150422020000
150422030000
150422040000
150422050000
150422060000
150422070000
150422080000
150422090000
150422100000
150422110000
150422120000
150422130000
150422140000
150422150000
150422160000
150422170000
150422180000
150422190000
150422200000
150422210000
150422220000
150422230000
150422240000
150422250000
150422260000
150422270000
150422280000
150422290000
150422300000
150422310000
150422320000
150422330000
150422340000
150422350000
150422360000
150422370000
150422380000
150422390000
150422400000
150422410000
150422420000
150422430000
150422440000
150422450000
150422460000
150422470000
150422480000
150422490000
150422500000
150422510000
150422520000
150422530000
150422540000
150422550000
150422560000
150422570000
150422580000
150422590000
150422600000
150422610000
150430010000
150430020000
150430030000
150430040000
150430050000
150430060000
150430070000
150430080000
150430090000
150430100000
150430110000
150430120000
150430130000
150430140000
150430150000
150430160000
150430170000
150430180000
150430190000
150430200000
150430210000
150430220000
150430230000
150430240000
150430250000
150430260000
150430270000
150430280000
150430290000
150430300000
150430310000
150430320000
150430330000
150430340000
150430350000
150430360000
150430370000
150430380000
150430390000
150430400000
150430410000
150430420000
150430430000
150430440000
150430450000
150430460000
150430470000
150430480000
150430490000
150430500000
150430510000
150430520000
150430530000
150430540000
150430550000
150430560000
150430570000
150430580000
150430590000
150430600000
150430620000
150430650000
150430660000
150430670000
150430680000
150430690000
150430700000
150430710000
150430720000
150430730000
150430740000
150430750000
150430760000
150430770000
150430780000
150430790000
150430800000
150430810000
150430820000
150430830000
150430840000
150430850000
150430860000
150430870000
150430880000
150430890000
150430900000
150430910000
150430940000
150430950000
150430960000
150430970000
150430980000
150430990000
150431000000
150431010000
150431020000
150431030000
150431040000
150431050000
150431060000
150431070000
150431080000
150431090000
150431100000
150431110000
150431120000
150431130000
150431140000
150431150000
150431160000
150431170000
150431180000
150431190000
150431200000
150431210000
150431220000
150431230000
150431240000
150431250000
150431260000
150431270000
150431280000
150431290000
150431300000
150431310000
150431320000
150431330000
150431340000
150431350000
150431360000
150431370000
150431380000
150431390000
150431400000
150431410000
150431420000
150431430000
150431440000
150431450000
150431460000
150431470000
150431480000
150431490000
150431500000
150431510000
150431520000
150431530000
150431540000
150431550000
150431560000
150431570000
150431580000
150431590000
150431600000
150431610000
150431620000
150431630000
150431640000
150431650000
150440010000
150440020000
150440030000
150440040000
150440050000
150440060000
150440070000
150440080000
150440090000
150440100000
150440110000
150440120000
150440130000
150440140000
150440150000
150440160000
150440170000
150440180000
150440190000
150440200000
150440210000
150440220000
150440230000
150440240000
150440250000
150440260000
150440270000
150440280000
150440290000
150440300000
150440310000
150440320000
150440330000
150440340000
150440350000
150440360000
150440370000
150440380000
150440390000
150440400000
150440410000
150440420000
150440430000
150440440000
150440450000
150440460000
150440470000
150440480000
150440490000
150440500000
150440510000
150440520000
150440530000
150440540000
150440550000
150440560000
150440570000
150440580000
150440590000
150440600000
150440610000
150440630000
150440640000
150440650000
150440660000
150440670000
150440680000
150440690000
150440700000
150440710000
150440720000
150440730000
150440740000
150440750000
150440760000
150440770000
150440780000
150440790000
150440800000
150440810000
150440820000
150440830000
150440840000
150440850000
150440860000
150440870000
150440880000
150440890000
150440900000
150440910000
150440920000
150440930000
150440940000
150440950000
150440960000
150440970000
150440980000
150440990000
150441000000
150441010000
150441020000
150441030000
150441040000
150441050000
150441060000
150441070000
150441080000
150441090000
150441100000
150441110000
150441120000
150441130000
150441140000
150441150000
150441160000
150441170000
150441180000
150441190000
150441200000
150441210000
150441220000
150441230000
150441240000
150441250000
150441260000
150441270000
150441280000
150441290000
150441300000
150441310000
150441320000
150441330000
150441340000
150441350000
150441360000
150441370000
150441380000
150441390000
150441400000
150441410000
150441420000
150441430000
150441440000
150441450000
150441460000
150441470000
150441480000
150441490000
150441500000
150441510000
150441520000
150441530000
150441540000
150441550000
150441560000
150441570000
150441580000
150441590000
150441600000
150441610000
150441620000
150441630000
150441640000
150441650000
150441660000
150441670000
150441680000
150441690000
150441700000
150441710000
150441720000
150441730000
150441740000
150441750000
150441760000
150441770000
150441780000
150441790000
150441800000
150441810000
150441820000
150441830000
150441840000
150441850000
150441860000
150441870000
150441880000
150441890000
150441900000
150441910000
150441920000
150441930000
150441940000
150441950000
150441960000
150441970000
150441980000
150441990000
150442000000
150442010000
150442020000
150442030000
150442040000
150442050000
150442060000
150442070000
150442080000
150442090000
150442100000
150442110000
150442120000
150442130000
150442140000
150442150000
150442160000
150442170000
150442180000
150442190000
150442200000
150442210000
150442220000
150442230000
150442240000
150442250000
150442260000
150442270000
150442280000
150442290000
150442300000
150442310000
150442320000
150442330000
150450010000
150450020000
150450030000
150450040000
150450050000
150450060000
150450070000
150450080000
150450090000
150450100000
150450110000
150450120000
150450130000
150450140000
150450150000
150450160000
150450170000
150450180000
150450190000
150450200000
150450210000
150450220000
150450230000
150450240000
150450250000
150450260000
150450270000
150450280000
150450290000
150450300000
150450310000
150450320000
150450330000
150450340000
150450350000
150450360000
150450370000
150450380000
150450390000
150450400000
150450410000
150450420000
150450430000
150450440000
150450450000
150450460000
150450470000
150450480000
150450490000
150450500000
150450510000
150450520000
150450530000
150450540000
150450550000
150450560000
150450570000
150450580000
150450590000
150450600000
150450610000
150450620000
150450630000
150450640000
150450650000
150450660000
150450670000
150450680000
150450690000
150450700000
150450710000
150450720000
150450730000
150450740000
150450750000
150450760000
150450770000
150450780000
150450790000
150450800000
150450810000
150450820000
150450830000
150450840000
150450850000
150450860000
150450870000
150450880000
150450890000
150450900000
150450910000
150450920000
150450930000
150450940000
150450950000
150450960000
150450970000
150450980000
150450990000
150451000000
150451010000
150451020000
150451030000
150451040000
150451050000
150451060000
150451070000
150451080000
150451090000
150451100000
150451110000
150451130000
150451140000
150451150000
150451160000
150451170000
150451180000
150451190000
150451200000
150451210000
150451220000
150460010000
150460020000
150460030000
150460040000
150460050000
150460060000
150460070000
150460080000
150460090000
150460100000
150460110000
150460120000
150460130000
150460140000
150460150000
150460160000
150460170000
150460180000
150460190000
150460200000
150460210000
150460220000
150460230000
150460240000
150460250000
150460260000
150460270000
150460280000
150460290000
150460300000
150460310000
150460320000
150460330000
150460340000
150460350000
150460360000
150460370000
150460380000
150460390000
150460400000
150460410000
150460420000
150460430000
150460440000
150460450000
150460460000
150460470000
150460480000
150460490000
150460500000
150460510000
150460520000
150460530000
150460540000
150460550000
150460560000
150460570000
150460580000
150460590000
150460600000
150460610000
150460620000
150460630000
150460640000
150460650000
150460660000
150460670000
150460680000
150460690000
150460700000
150460710000
150460720000
150460730000
150460740000
150460750000
150460760000
150460770000
150460780000
150460790000
150460800000
150460810000
150460820000
150460830000
150460840000
150460850000
150460860000
150460870000
150460880000
150460890000
150460900000
150460910000
150460920000
150460930000
150460940000
150460950000
150460960000
150460970000
150460980000
150460990000
150461000000
150461010000
150461020000
150461030000
150461040000
150461050000
150461060000
150461070000
150461080000
150461090000
150461100000
150461110000
150461120000
150461130000
150461140000
150461150000
150461160000
150461170000
150461180000
150461190000
150461200000
150461210000
150461220000
150461230000
150461240000
150461250000
150461260000
150461270000
150461280000
150461290000
150461300000
150461310000
150461320000
150461330000
150461340000
150461350000
150461360000
150461370000
150461380000
150461390000
150461400000
150461410000
150461420000
150461430000
150461440000
150461450000
150461460000
150461470000
150461480000
150461490000
150461500000
150470010000
150470020000
150470030000
150470040000
150470050000
150470060000
150470070000
150470080000
150470090000
150470100000
150470110000
150470120000
150470130000
150470140000
150470150000
150470160000
150470170000
150470180000
150470190000
150470200000
150470210000
150470220000
150470230000
150470240000
150470250000
150470260000
150470270000
150470280000
150470290000
150470300000
150470310000
150470320000
150470330000
150470340000
150470350000
150470360000
150470370000
150470380000
150470390000
150470400000
150470410000
150470420000
150470430000
150470440000
150470450000
150470460000
150470470000
150470480000
150470490000
150470500000
150470510000
150470520000
150470530000
150470540000
150470550000
150470560000
150470570000
150470580000
150470590000
150470600000
150470610000
150470620000
150470630000
150470640000
150470650000
150470660000
150470670000
150470680000
150470690000
150470700000
150470710000
150470720000
150470730000
150470740000
150470750000
150470760000
150470770000
150470780000
150470790000
150470800000
150470810000
150470820000
150470830000
150470840000
150470850000
150470860000
150470870000
150470880000
150470890000
150470900000
150470910000
150470920000
150470930000
150470940000
150470950000
150470960000
150470970000
150470980000
150470990000
150471000000
150471010000
150471020000
150471030000
150471040000
150471050000
150471060000
150471070000
150471080000
150471090000
150471100000
150471110000
150471120000
150471130000
150471140000
150471150000
150471160000
150471170000
150471180000
150471190000
150471200000
150471210000
150471220000
150471230000
150471240000
150471250000
150471260000
150471270000
150471280000
150471290000
150471300000
150471310000
150471320000
150471330000
150471340000
150471350000
150471360000
150471370000
150471380000
150471390000
150471400000
150471410000
150471420000
150471430000
150471440000
150471450000
150471460000
150471470000
150471480000
150471490000
150471500000
150471510000
150471520000
150471530000
150471540000
150471550000
150471560000
150471570000
150471580000
150471590000
150471600000
150471610000
150471620000
150471630000
150471640000
150471650000
150471660000
150471670000
150471680000
150471690000
150471700000
150471710000
150471720000
150471730000
150471740000
150471750000
150471760000
150471770000
150471780000
150471790000
150471800000
150471810000
150471820000
150471830000
150471840000
150471850000
150471860000
150471870000
150471880000
150471890000
150471900000
150471910000
150471920000
150471930000
150471940000
150471950000
150471960000
150471970000
150471980000
150471990000
150472000000
150472010000
150472020000
150472030000
150472040000
150472050000
150472060000
150472070000
150472080000
150472090000
150472100000
150472110000
150472120000
150472130000
150472140000
150472150000
150472160000
150472170000
150472180000
150472190000
150472200000
150472210000
150472220000
150480010000
150480020000
150480030000
150480040000
150480050000
150480060000
150480070000
150480080000
150480090000
150480100000
150480110000
150480120000
150480130000
150480140000
150480150000
150480160000
150480170000
150480180000
150480190000
150480200000
150480210000
150480220000
150480230000
150480240000
150480250000
150480260000
150480270000
150480280000
150480290000
150480300000
150480310000
150480320000
150480330000
150480340000
150480350000
150480360000
150480370000
150480380000
150480390000
150480400000
150480410000
150480420000
150480430000
150480440000
150480450000
150480460000
150480470000
150480480000
150480490000
150480500000
150480510000
150480520000
150480530000
150480540000
150480550000
150480560000
150480570000
150480580000
150480590000
150480600000
150480610000
150480620000
150480630000
150480640000
150480650000
150480660000
150480670000
150480680000
150480690000
150480700000
150480710000
150480720000
150480730000
150480740000
150480750000
150480760000
150480770000
150480780000
150480790000
150480800000
150480810000
150480820000
150480830000
150480840000
150480850000
150480860000
150480870000
150480880000
150480890000
150480900000
150480910000
150480920000
150480930000
150480940000
150480950000
150480960000
150480970000
150480980000
150480990000
150481000000
150481010000
150481020000
150481030000
150481040000
150481050000
150481060000
150481070000
150481080000
150481090000
150481100000
150481110000
150481120000
150481130000
150481140000
150481150000
150481160000
150481170000
150481180000
150481190000
150481200000
150481210000
150481220000
150481230000
150481240000
150481250000
150481260000
150481270000
150481280000
150481290000
150481300000
150481310000
150481320000
150481330000
150481340000
150481350000
150481360000
150481370000
150481380000
150481390000
150481400000
150481410000
150481420000
150481430000
150481440000
150481450000
150481460000
150481470000
150481480000
150481490000
150481500000
150481510000
150481520000
150481530000
150481540000
150481550000
150481560000
150481570000
150481580000
150481590000
150481600000
150481610000
150481620000
150481630000
150481640000
150481650000
150481660000
150481670000
150481680000
150481690000
150481700000
150481710000
150481720000
150481730000
150481740000
150481750000
150481760000
150481770000
150481780000
150481790000
150481800000
150481810000
150481820000
150481830000
150481840000
150481850000
150481860000
150481870000
150481880000
150481890000
150481900000
150481910000
150481920000
150481930000
150481940000
150481950000
150481960000
150481970000
150481980000
150481990000
150482000000
150482010000
150482020000
150482030000
150482040000
150482050000
150482060000
150482070000
150482080000
150482090000
150482100000
150482110000
150482120000
150482130000
150482140000
150482150000
150482160000
150482170000
150482180000
150482190000
150482200000
150482210000
150482220000
150482230000
150482240000
150482250000
150482260000
150482270000
150482280000
150482290000
150482300000
150482310000
150482320000
150482330000
150482340000
150482350000
150482360000
150482370000
150482380000
150482390000
150482400000
150482410000
150482420000
150482430000
150482440000
150482450000
150482460000
150482470000
150482480000
150482490000
150482500000
150490010000
150490020000
150490030000
150490040000
150490050000
150490060000
150490070000
150490080000
150490090000
150490100000
150490110000
150490120000
150490130000
150490140000
150490150000
150490160000
150490170000
150490180000
150490190000
150490200000
150490210000
150490220000
150490230000
150490240000
150490250000
150490260000
150490270000
150490280000
150490290000
150490300000
150490310000
150490320000
150490330000
150490340000
150490350000
150490360000
150490370000
150490380000
150490390000
150490400000
150490410000
150490420000
150490430000
150490440000
150490450000
150490460000
150490470000
150490480000
150490490000
150490500000
150490510000
150490520000
150490530000
150490540000
150490550000
150490560000
150490570000
150490580000
150490590000
150490600000
150490610000
150490620000
150490630000
150490640000
150490650000
150490660000
150490670000
150490680000
150490690000
150490700000
150490710000
150490720000
150490730000
150490740000
150490750000
150490760000
150490770000
150490780000
150490790000
150490800000
150490810000
150490820000
150490830000
150490840000
150490850000
150490860000
150490870000
150490880000
150490890000
150490900000
150490910000
150490920000
150490930000
150490940000
150490950000
150490960000
150490970000
150490980000
150490990000
150491000000
150491010000
150491020000
150491030000
150491040000
150491050000
150491060000
150491070000
150491080000
150491090000
150491100000
150491110000
150491120000
150491130000
150491140000
150491150000
150491160000
150491170000
150491180000
150491190000
150491200000
150491210000
150491220000
150491230000
150491240000
150491250000
150491260000
150491270000
150491280000
150491290000
150491300000
150491310000
150491320000
150491330000
150491340000
150491350000
150491360000
150491370000
150491380000
150491390000
150491400000
150491410000
150491420000
150491430000
150491440000
150491450000
150491460000
150491470000
150491480000
150491490000
150491500000
150491510000
150491520000
150491530000
150491540000
150491550000
150491560000
150491570000
150491580000
150491590000
150491600000
150491610000
150491620000
150491630000
150491640000
150491650000
150491660000
150491670000
150491680000
150491690000
150491700000
150491710000
150491720000
150491730000
150491740000
150491750000
150491760000
150491770000
150491780000
150491790000
150491800000
150491810000
150500010000
150500020000
150500030000
150500040000
150500050000
150500060000
150500070000
150500080000
150500090000
150500100000
150500110000
150500120000
150500130000
150500140000
150500150000
150500160000
150500170000
150500180000
150500190000
150500200000
150500210000
150500220000
150500230000
150500240000
150500250000
150500260000
150500270000
150500280000
150500290000
150500300000
150500310000
150500320000
150500330000
150500340000
150500350000
150500360000
150500370000
150500380000
150500390000
150500400000
150500410000
150500420000
150500430000
150500440000
150500450000
150500460000
150500470000
150500480000
150500490000
150500500000
150500510000
150500520000
150500530000
150500540000
150500550000
150500560000
150500570000
150500580000
150500590000
150500600000
150500610000
150500620000
150500630000
150500640000
150500650000
150500660000
150500670000
150500680000
150500690000
150500700000
150500710000
150500720000
150500730000
150500740000
150500750000
150500760000
150500770000
150500780000
150500790000
150500800000
150500810000
150500820000
150500830000
150500840000
150500850000
150500860000
150500870000
150500880000
150500890000
150500900000
150500910000
150500920000
150500930000
150500940000
150500950000
150500960000
150500970000
150500980000
150500990000
150501000000
150501010000
150501020000
150501030000
150501040000
150501050000
150501060000
150501070000
150501080000
150501090000
150501100000
150501110000
150501120000
150501130000
150501140000
150501150000
150501160000
150501170000
150501180000
150501190000
150501200000
150501210000
150501220000
150501230000
150501240000
150501250000
150501260000
150501270000
150501280000
150501290000
150501300000
150501310000
150501320000
150501330000
150501340000
150501350000
150501360000
150501370000
150501380000
150501390000
150501400000
150510010000
150510020000
150510030000
150510040000
150510050000
150510060000
150510070000
150510080000
150510090000
150510100000
150510110000
150510120000
150510130000
150510140000
150510150000
150510160000
150510170000
150510180000
150510190000
150510200000
150510210000
150510220000
150510230000
150510240000
150510250000
150510260000
150510270000
150510280000
150510290000
150510300000
150510310000
150510320000
150510330000
150510340000
150510350000
150510360000
150510370000
150510380000
150510390000
150510400000
150510410000
150510420000
150510430000
150510440000
150510450000
150510460000
150510470000
150510480000
150510490000
150510500000
150510510000
150510520000
150510530000
150510540000
150510550000
150510560000
150510570000
150510580000
150510590000
150510600000
150510610000
150510620000
150510630000
150510640000
150510650000
150510660000
150510670000
150510680000
150510690000
150510700000
150510710000
150510720000
150510730000
150510740000
150510750000
150510760000
150510770000
150510780000
150510790000
150510800000
150510810000
150510820000
150510830000
150510840000
150510850000
150510860000
150510870000
150510880000
150510890000
150510900000
150510910000
150510920000
150510930000
150510940000
150510950000
150510960000
150510970000
150510980000
150510990000
150511000000
150511010000
150511020000
150511030000
150511040000
150511050000
150511060000
150511070000
150511080000
150511090000
150511100000
150511110000
150511120000
150511130000
150511140000
150511150000
150511160000
150511170000
150511180000
150511190000
150511200000
150511210000
150511220000
150511230000
150511240000
150511250000
150511260000
150511270000
150511280000
150511290000
150511300000
150511310000
150511320000
150511330000
150511340000
150511350000
150511360000
150511370000
150511380000
150511390000
150511400000
150511410000
150511420000
150511430000
150511440000
150511450000
150511460000
150511470000
150511480000
150511490000
150511500000
150511510000
150511520000
150511530000
150511540000
150511550000
150511560000
150511570000
150511580000
150511590000
150511600000
150511610000
150511620000
150511630000
150511640000
150511650000
150511660000
150511670000
150511680000
150511690000
150511700000
150511710000
150511720000
150511730000
150511740000
150511750000
150511760000
150511770000
150511780000
150511790000
150511800000
150511810000
150511820000
150511830000
150511840000
150511850000
150511860000
150511870000
150511880000
150511890000
150511900000
150511910000
150511920000
150511930000
150511940000
150511950000
150511960000
150511970000
150511980000
150511990000
150512000000
150512010000
150512020000
150512030000
150512040000
150512050000
150512060000
150512070000
150512080000
150512090000
150512100000
150512110000
150512120000
150512130000
150512140000
150512150000
150512160000
150512170000
150512180000
150512190000
150512200000
150512210000
150512220000
150512230000
150512240000
150512250000
150512260000
150512270000
150512280000
150512290000
150512300000
150512310000
150512320000
150512330000
150512340000
150512350000
150512360000
150512370000
150512380000
150512390000
150512400000
150512410000
150512420000
150512430000
150512440000
150512450000
150512460000
150512470000
150512480000
150512490000
150512500000
150512510000
150512520000
150512530000
150512540000
150512550000
150512560000
150512570000
150512580000
150512590000
150512600000
150520010000
150520020000
150520030000
150520040000
150520050000
150520060000
150520070000
150520080000
150520090000
150520100000
150520110000
150520120000
150520130000
150520140000
150520150000
150520160000
150520170000
150520180000
150520190000
150520200000
150520210000
150520220000
150520230000
150520240000
150520250000
150520260000
150520270000
150520280000
150520290000
150520300000
150520310000
150520320000
150520330000
150520340000
150520350000
150520360000
150520370000
150520380000
150520390000
150520400000
150520410000
150520420000
150520430000
150520440000
150520450000
150520460000
150520470000
150520480000
150520490000
150520500000
150520510000
150520520000
150520530000
150520540000
150520550000
150520560000
150520570000
150520580000
150520590000
150520600000
150520610000
150520620000
150520630000
150520640000
150520650000
150520660000
150520670000
150520680000
150520690000
150520700000
150520710000
150520720000
150520730000
150520740000
150520750000
150520760000
150520770000
150520780000
150520790000
150520800000
150520810000
150520820000
150520830000
150520840000
150520850000
150520860000
150520870000
150520880000
150520890000
150520900000
150520910000
150520920000
150520930000
150520940000
150520950000
150520960000
150520970000
150520980000
150520990000
150521000000
150521010000
150521020000
150521030000
150521040000
150521050000
150521060000
150521070000
150521080000
150521090000
150521100000
150521110000
150521120000
150521130000
150521140000
150521150000
150521160000
150521170000
150521180000
150521190000
150521200000
150521210000
150521220000
150521230000
150521240000
150521250000
150521260000
150521270000
150521280000
150521290000
150521300000
150521310000
150521320000
150521330000
150521340000
150521350000
150521360000
150521370000
150521380000
150521390000
150521400000
150521410000
150521420000
150521430000
150521440000
150521450000
150521460000
150521470000
150521480000
150521490000
150521500000
150521510000
150521520000
150521530000
150521540000
150521550000
150521560000
150521570000
150521580000
150521590000
150521600000
150521610000
150521620000
150521630000
150521640000
150521650000
150521660000
150521670000
150521680000
150521690000
150521700000
150521710000
150521720000
150521730000
150521740000
150521750000
150521760000
150521770000
150521780000
150521790000
150521800000
150521810000
150521820000
150521830000
150521840000
150521850000
150521860000
150521870000
150521880000
150521890000
150521900000
150521910000
150521920000
150521930000
150521940000
150521950000
150521960000
150521970000
150521980000
150521990000
150522000000
150522010000
150522020000
150530010000
150530020000
150530030000
150530040000
150530050000
150530060000
150530070000
150530080000
150530090000
150530100000
150530110000
150530120000
150530130000
150530140000
150530150000
150530160000
150530170000
150530180000
150530190000
150530200000
150530210000
150530220000
150530230000
150530240000
150530250000
150530260000
150530270000
150530280000
150530290000
150530300000
150530310000
150530320000
150530330000
150530340000
150530350000
150530370000
150530380000
150530390000
150530400000
150530410000
150530420000
150530430000
150530440000
150530450000
150530460000
150530470000
150530480000
150530490000
150530500000
150530510000
150530520000
150530530000
150530540000
150530550000
150530560000
150530570000
150530580000
150530590000
150530600000
150530610000
150530620000
150530630000
150530640000
150530650000
150530660000
150530670000
150530680000
150530690000
150530700000
150530710000
150530720000
150530730000
150530740000
150530750000
150530760000
150530770000
150530780000
150530790000
150530800000
150530810000
150530820000
150530830000
150530840000
150530850000
150530860000
150530870000
150530880000
150530890000
150530900000
150530910000
150530920000
150530930000
150530940000
150530950000
150530960000
150530970000
150530980000
150530990000
150531000000
150531010000
150531020000
150531030000
150531040000
150531050000
150531060000
150531070000
150531080000
150531090000
150531100000
150531110000
150531120000
150531130000
150531140000
150531150000
150531160000
150531170000
150531180000
150531190000
150531200000
150531210000
150531220000
150531230000
150531240000
150531250000
150531260000
150531270000
150531280000
150531290000
150531300000
150531310000
150531320000
150531330000
150531340000
150531350000
150531360000
150531370000
150531380000
150531390000
150531400000
150531410000
150531420000
150531430000
150531440000
150531450000
150531460000
150531470000
150531480000
150531490000
150540010000
150540020000
150540030000
150540040000
150540050000
150540060000
150540070000
150540080000
150540090000
150540100000
150540110000
150540120000
150540130000
150540140000
150540150000
150540160000
150540170000
150540180000
150540190000
150540200000
150540210000
150540220000
150540230000
150540240000
150540250000
150540260000
150540270000
150540280000
150540290000
150540300000
150540310000
150540320000
150540330000
150540340000
150540350000
150540360000
150540370000
150540380000
150540390000
150540400000
150540410000
150540420000
150540430000
150540440000
150540450000
150540460000
150540470000
150540480000
150540490000
150540500000
150540510000
150540520000
150540530000
150540540000
150540550000
150540560000
150540570000
150540580000
150540590000
150540600000
150540610000
150540620000
150540630000
150540640000
150540650000
150540660000
150540670000
150540680000
150540690000
150540700000
150540710000
150540720000
150540730000
150540740000
150540750000
150540760000
150540770000
150540780000
150540790000
150540800000
150540810000
150540820000
150540830000
150540840000
150540850000
150540860000
150540870000
150540880000
150540890000
150540900000
150540910000
150540920000
150540930000
150540940000
150540950000
150540960000
150540970000
150540980000
150540990000
150541000000
150541010000
150541020000
150541030000
150541040000
150541060000
150541070000
150541080000
150541090000
150541100000
150541110000
150541120000
150541130000
150541140000
150541150000
150541160000
150541170000
150541180000
150541190000
150541200000
150541210000
150541220000
150541230000
150541240000
150541250000
150541260000
150541270000
150541280000
150541290000
150541300000
150541310000
150541320000
150541330000
150541340000
150541350000
150541360000
150541370000
150541380000
150541390000
150541400000
150541410000
150541420000
150541430000
150541440000
150541450000
150541460000
150541470000
150541480000
150541490000
150541500000
150541510000
150541520000
150541530000
150541540000
150541550000
150541560000
150541570000
150541580000
150541590000
150541600000
150541610000
150541620000
150541630000
150541640000
150541650000
150541660000
150541670000
150541680000
150541690000
150541700000
150541710000
150541720000
150541730000
150541740000
150541750000
150541760000
150541770000
150541780000
150541790000
150541800000
150541810000
150541820000
150541830000
150541840000
150541850000
150541860000
150541870000
150541880000
150541890000
150541900000
150541910000
150541920000
150541930000
150541940000
150541950000
150541960000
150541970000
150541980000
150541990000
150542000000
150542010000
150542020000
150542030000
150542040000
150542050000
150542060000
150542070000
150542080000
150542090000
150542100000
150542110000
150542120000
150542130000
150542140000
150542150000
150542160000
150542170000
150542180000
150542190000
150542200000
150542210000
150542220000
150542230000
150542240000
150542250000
150542260000
150542270000
150542280000
150542290000
150542300000
150542310000
150542320000
150542330000
150542340000
150542350000
150542360000
150542370000
150542380000
150542390000
150542400000
150542410000
150542420000
150542430000
150542440000
150542450000
150542460000
150542470000
150542480000
150542490000
150542500000
150550010000
150550020000
150550030000
150550040000
150550050000
150550060000
150550070000
150550080000
150550090000
150550100000
150550110000
150550120000
150550130000
150550140000
150550150000
150550160000
150550170000
150550180000
150550190000
150550200000
150550210000
150550220000
150550230000
150550240000
150550250000
150550260000
150550270000
150550280000
150550290000
150550300000
150550310000
150550320000
150550330000
150550340000
150550350000
150550360000
150550370000
150550380000
150550390000
150550400000
150550410000
150550420000
150550430000
150550440000
150550450000
150550460000
150550470000
150550480000
150550490000
150550500000
150550510000
150550520000
150550530000
150550540000
150550550000
150550560000
150550570000
150550580000
150550590000
150550600000
150550610000
150550620000
150550630000
150550640000
150550650000
150550660000
150550670000
150550680000
150550690000
150550700000
150550710000
150550720000
150550730000
150550740000
150550750000
150550760000
150550770000
150550780000
150550790000
150550800000
150550810000
150550820000
150550830000
150550840000
150550850000
150550860000
150550870000
150550880000
150550890000
150550900000
150550910000
150550920000
150550930000
150550940000
150550950000
150550960000
150550970000
150550980000
150550990000
150551000000
150551010000
150551020000
150551030000
150551040000
150551050000
150551060000
150551070000
150551080000
150551090000
150551100000
150551110000
150551120000
150551130000
150551140000
150551150000
150551160000
150551170000
150551180000
150551190000
150551200000
150551210000
150551220000
150551230000
150551240000
150551250000
150551260000
150551270000
150551280000
150551290000
150551300000
150551310000
150551320000
150551330000
150551340000
150551350000
150551360000
150551370000
150551380000
150551390000
150560010000
150560020000
150560030000
150560040000
150560050000
150560060000
150560070000
150560080000
150560090000
150560100000
150560110000
150560120000
150560130000
150560140000
150560150000
150560160000
150560170000
150560180000
150560190000
150560200000
150560210000
150560220000
150560230000
150560240000
150560250000
150560260000
150560270000
150560280000
150560290000
150560300000
150560310000
150560320000
150560330000
150560340000
150560350000
150560360000
150560370000
150560380000
150560390000
150560400000
150560410000
150560420000
150560430000
150560440000
150560450000
150560460000
150560470000
150560480000
150560490000
150560500000
150560510000
150560520000
150560530000
150560540000
150560550000
150560560000
150560570000
150560580000
150560590000
150560600000
150560610000
150560620000
150560630000
150560640000
150560650000
150560660000
150560670000
150560680000
150560690000
150560700000
150560710000
150560720000
150560730000
150560740000
150560750000
150560760000
150560770000
150560780000
150560790000
150560800000
150560810000
150560820000
150560830000
150560840000
150560850000
150560860000
150560870000
150560880000
150560890000
150560900000
150560910000
150560920000
150560930000
150560940000
150560950000
150560960000
150560970000
150560980000
150560990000
150561000000
150561010000
150561020000
150561030000
150561040000
150561050000
150561060000
150561070000
150561080000
150561090000
150561100000
150561110000
150561120000
150561130000
150561140000
150561150000
150561160000
150561170000
150561180000
150561190000
150561200000
150561210000
150561220000
150561230000
150561240000
150561250000
150561260000
150561270000
150561280000
150561290000
150561300000
150561310000
150561320000
150561330000
150561340000
150561350000
150561360000
150561370000
150561380000
150561390000
150561400000
150561410000
150561420000
150561430000
150561440000
150561450000
150561460000
150561470000
150561480000
150561490000
150561500000
150561510000
150561520000
150561530000
150561540000
150561550000
150561560000
150561570000
150561580000
150561590000
150561600000
150561610000
150561620000
150561630000
150570010000
150570020000
150570030000
150570040000
150570050000
150570060000
150570070000
150570080000
150570090000
150570100000
150570110000
150570120000
150570130000
150570140000
150570150000
150570160000
150570170000
150570180000
150570190000
150570200000
150570210000
150570220000
150570230000
150570240000
150570250000
150570260000
150570270000
150570280000
150570290000
150570300000
150570310000
150570320000
150570330000
150570340000
150570350000
150570360000
150570370000
150570380000
150570390000
150570410000
150570420000
150570430000
150570440000
150570450000
150570460000
150570470000
150570480000
150570490000
150570500000
150570510000
150570520000
150570530000
150570540000
150570550000
150570560000
150570570000
150570580000
150570590000
150570600000
150570610000
150570620000
150570630000
150570640000
150570650000
150570660000
150570670000
150570680000
150570690000
150570700000
150570710000
150570720000
150570730000
150570740000
150570750000
150570760000
150570770000
150570780000
150570790000
150570800000
150570810000
150570820000
150570830000
150570840000
150570850000
150570860000
150570870000
150570880000
150570890000
150570900000
150570910000
150570920000
150570930000
150580010000
150580020000
150580030000
150580040000
150580050000
150580060000
150580070000
150580080000
150580090000
150580100000
150580110000
150580120000
150580130000
150580140000
150580150000
150580160000
150580170000
150580180000
150580190000
150580200000
150580210000
150580220000
150580230000
150580240000
150580250000
150580260000
150580270000
150580280000
150580290000
150580300000
150580310000
150580320000
150580330000
150580340000
150580350000
150580360000
150580370000
150580380000
150580390000
150580400000
150580410000
150580420000
150580430000
150580440000
150580450000
150580460000
150580470000
150580480000
150580490000
150580500000
150580510000
150580520000
150580530000
150580540000
150590010000
150590020000
150590030000
150590040000
150590050000
150590060000
150590070000
150590080000
150590090000
150590100000
150590110000
150590120000
150590130000
150590140000
150590150000
150590160000
150590170000
150590180000
150590190000
150590200000
150590210000
150590220000
150590230000
150590240000
150590250000
150590260000
150590270000
150590280000
150590290000
150590300000
150590310000
150590320000
150590330000
150590340000
150590350000
150590360000
150590370000
150590380000
150590390000
150590400000
150590410000
150590420000
150590430000
150590440000
150590450000
150590460000
150590470000
150590480000
150590490000
150590500000
150590510000
150590520000
150590530000
150590540000
150590550000
150590560000
150590570000
150590580000
150590590000
150590600000
150590610000
150590620000
150590630000
150590640000
150590650000
150590660000
150590670000
150590680000
150600010000
150600020000
150600030000
150600040000
150600050000
150600060000
150600070000
150600080000
150600090000
150600100000
150600110000
150600120000
150600130000
150600140000
150600150000
150600160000
150600170000
150600180000
150600190000
150600200000
150600210000
150600220000
150600230000
150600240000
150600250000
150600260000
150600270000
150600280000
150600290000
150600300000
150600310000
150600320000
150600330000
150600340000
150600350000
150600360000
150600370000
150600380000
150600390000
150600400000
150600410000
150600420000
150600430000
150600440000
150600450000
150600460000
150600470000
150600490000
150600500000
150600510000
150600520000
150600530000
150600540000
150600550000
150600560000
150600570000
150600580000
150600590000
150600600000
150600610000
150600620000
150600630000
150600640000
150600650000
150600660000
150600670000
150600680000
150600690000
150600700000
150600710000
150600720000
150600730000
150600740000
150600750000
150600760000
150600770000
150600780000
150600790000
150600800000
150600810000
150610010000
150610020000
150610030000
150610040000
150610050000
150610060000
150610070000
150610080000
150610090000
150610100000
150610110000
150610120000
150610130000
150610140000
150610150000
150610160000
150610170000
150610180000
150610190000
150610200000
150610210000
150610220000
150610230000
150610240000
150610250000
150610260000
150610270000
150610280000
150610290000
150610300000
150610310000
150610320000
150610330000
150610340000
150610350000
150610360000
150610370000
150610380000
150610390000
150610400000
150610410000
150610420000
150610430000
150610440000
150610450000
150610460000
150610470000
150610480000
150610490000
150610500000
150610510000
150610520000
150610530000
150610540000
150610550000
150610560000
150610570000
150610580000
150610590000
150610600000
150610610000
150610620000
150610630000
150610640000
150610650000
150610660000
150610670000
150610680000
150610690000
150610700000
150610710000
150610720000
150610730000
150610740000
150610750000
150610760000
150610770000
150610780000
150610790000
150610800000
150610810000
150610820000
150610830000
150610840000
150610850000
150610860000
150610870000
150610880000
150610890000
150610900000
150610910000
150610920000
150610930000
150610940000
150610950000
150610960000
150610970000
150610980000
150610990000
150611000000
150611010000
150611020000
150611030000
150611040000
150611050000
150611060000
150611070000
150611080000
150620010000
150620020000
150620030000
150620040000
150620050000
150620060000
150620070000
150620080000
150620090000
150620100000
150620110000
150620120000
150620130000
150620140000
150620150000
150620160000
150620170000
150620180000
150620190000
150620200000
150620210000
150620220000
150620230000
150620240000
150620250000
150620260000
150620270000
150620280000
150620290000
150620300000
150620310000
150620320000
150620330000
150620340000
150620350000
150620360000
150620370000
150620380000
150620390000
150620400000
150620410000
150620420000
150620430000
150620440000
150620450000
150620460000
150620470000
150620480000
150620490000
150620500000
150620510000
150620520000
150620530000
150620540000
150620550000
150620560000
150620570000
150620580000
150620590000
150620600000
150620610000
150620620000
150620630000
150620640000
150620650000
150620660000
150620670000
150620680000
150620690000
150620700000
150620710000
150620720000
150620730000
150620740000
150620750000
150620760000
150620770000
150620780000
150620790000
150620800000
150620810000
150620820000
150620830000
150620840000
150620850000
150620860000
150620880000
150620890000
150620900000
150620910000
150620920000
150620930000
150620940000
150620950000
150620960000
150620970000
150620980000
150620990000
150621000000
150621010000
150621020000
150621030000
150621040000
150621050000
150621060000
150621070000
150621080000
150621090000
150621100000
150621110000
150621120000
150621130000
150621140000
150621150000
150621160000
150621170000
150621180000
150630010000
150630060000
150630070000
150630080000
150630090000
150630100000
150630110000
150630120000
150630130000
150630140000
150630150000
150630160000
150630170000
150630180000
150630190000
150630200000
150630210000
150630220000
150630230000
150630240000
150630250000
150630260000
150630270000
150630280000
150630290000
150630300000
150630310000
150630320000
150630420000
150630430000
150630440000
150630450000
150630460000
150630470000
150630480000
150630490000
150630500000
150630510000
150630520000
150630530000
150630540000
150630550000
150630560000
150630570000
150630580000
150630590000
150630600000
150630610000
150630620000
150630630000
150630640000
150630650000
150630660000
150630670000
150630680000
150630690000
150630700000
150630710000
150630720000
150630730000
150630740000
150630750000
150630760000
150630770000
150630780000
150630790000
150630800000
150630810000
150630820000
150630830000
150630840000
150630850000
150630860000
150630870000
150630880000
150630890000
150630900000
150630910000
150630920000
150630930000
150630940000
150630950000
150630960000
150630970000
150630980000
150630990000
150631000000
150631010000
150631030000
150640010000
150640020000
150640030000
150640040000
150640050000
150640060000
150640070000
150640080000
150640090000
150640100000
150640110000
150640120000
150640130000
150640140000
150640150000
150640160000
150640170000
150640180000
150640190000
150640200000
150640210000
150640220000
150640230000
150640240000
150640250000
150640260000
150640270000
150640280000
150640290000
150640300000
150640310000
150640320000
150640330000
150640340000
150640350000
150640360000
150640370000
150640380000
150640390000
150640400000
150640410000
150640420000
150640430000
150640440000
150640450000
150640460000
150640470000
150640480000
150640490000
150640500000
150640510000
150640520000
150640530000
150640540000
150640550000
150640560000
150640570000
150640580000
150640590000
150640600000
150640610000
150640620000
150640630000
150640640000
150640650000
150640660000
150640670000
150640680000
150640690000
150640700000
150640710000
150640720000
150640730000
150640740000
150640750000
150640760000
150640770000
150640780000
150640790000
150640800000
150640810000
150640820000
150640830000
150640840000
150640850000
150640860000
150640870000
150640880000
150640890000
150640900000
150640910000
150640920000
150640930000
150640940000
150640950000
150640960000
150640970000
150640980000
150640990000
150641000000
150641010000
150641020000
150641030000
150641040000
150641050000
150641060000
150641070000
150641080000
150641090000
150641100000
150641110000
150641120000
150641130000
150641140000
150641150000
150641160000
150641170000
150650010000
150650020000
150650030000
150650040000
150650050000
150650060000
150650070000
150650080000
150650090000
150650100000
150650110000
150650120000
150650130000
150650140000
150650150000
150650160000
150650170000
150650180000
150650190000
150650200000
150650210000
150650220000
150650230000
150650240000
150650250000
150650260000
150650270000
150650280000
150650290000
150650300000
150650310000
150650320000
150650330000
150650340000
150650350000
150650360000
150650370000
150650380000
150650390000
150650400000
150650410000
150650420000
150650430000
150650440000
150650450000
150650460000
150650470000
150650480000
150650490000
150650500000
150650510000
150650520000
150650530000
150650540000
150650550000
150650560000
150650570000
150650580000
150650590000
150650600000
150650610000
150650620000
150650630000
150650640000
150650650000
150650660000
150650670000
150650680000
150650690000
150650700000
150650710000
150650720000
150650730000
150650740000
150650750000
150650760000
150650770000
150650780000
150650790000
150650800000
150650810000
150650820000
150650830000
150650840000
150650850000
150650860000
150650870000
150650880000
150650890000
150650900000
150660010000
150660020000
150660030000
150660040000
150660050000
150660060000
150660070000
150660080000
150660090000
150660100000
150660110000
150660120000
150660130000
150660140000
150660150000
150660160000
150660170000
150660180000
150660190000
150660200000
150660210000
150660220000
150660230000
150660240000
150660250000
150660260000
150660270000
150660280000
150660290000
150660300000
150660310000
150660320000
150660330000
150660340000
150660350000
150660360000
150660370000
150660380000
150660390000
150660400000
150660410000
150660420000
150660430000
150660440000
150660450000
150660460000
150660470000
150660480000
150660490000
150660500000
150660510000
150660520000
150660530000
150660540000
150660550000
150660560000
150660570000
150660580000
150660590000
150660600000
150660610000
150660620000
150660630000
150660640000
150660650000
150660660000
150660670000
150660680000
150660690000
150660700000
150660710000
150660720000
150660730000
150660740000
150660750000
150660760000
150660770000
150660780000
150660790000
150660800000
150660810000
150660820000
150660830000
150660840000
150660850000
150660860000
150660870000
150660880000
150660890000
150660900000
150670010000
150670020000
150670030000
150670040000
150670050000
150670060000
150670070000
150670080000
150670090000
150670100000
150670110000
150670120000
150670130000
150670140000
150670150000
150670160000
150670170000
150670180000
150670190000
150670200000
150670210000
150670220000
150670230000
150670240000
150670250000
150670260000
150670270000
150670280000
150670290000
150670300000
150670310000
150670320000
150670330000
150670340000
150670350000
150670590000
150670600000
150670610000
150670620000
150670630000
150670640000
150670650000
150670660000
150670670000
150670680000
150670690000
150670700000
150670710000
150670720000
150670730000
150670740000
150670750000
150670760000
150670770000
150670780000
150670790000
150670800000
150670810000
150670820000
150670830000
150670840000
150670850000
150670860000
150670870000
150670880000
150670890000
150670900000
150680010000
150680020000
150680030000
150680040000
150680050000
150680060000
150680070000
150680080000
150680090000
150680100000
150680110000
150680120000
150680130000
150680140000
150680150000
150680160000
150680170000
150680180000
150680190000
150680200000
150680210000
150680220000
150680230000
150680240000
150680250000
150680260000
150680270000
150680280000
150680290000
150680300000
150680310000
150680320000
150680330000
150680340000
150680350000
150680360000
150680370000
150680380000
150680390000
150680400000
150680410000
150680420000
150680430000
150680440000
150680450000
150680460000
150680470000
150680480000
150680490000
150680500000
150680510000
150680520000
150680530000
150680540000
150680550000
150680560000
150680570000
150680580000
150680590000
150680600000
150680610000
150680620000
150680630000
150680640000
150680650000
150680660000
150680670000
150680680000
150680700000
150680710000
150680720000
150680730000
150680740000
150680750000
150680760000
150680770000
150680780000
150680790000
150680800000
150680810000
150680820000
150680830000
150680840000
150680850000
150680860000
150680870000
150680880000
150680890000
150680900000
150680910000
150680920000
150680930000
150680940000
150680950000
150680960000
150680970000
150680980000
150680990000
150681000000
150681010000
150681020000
150681030000
150681040000
150681050000
150681060000
150681070000
150681080000
150681090000
150681100000
150681110000
150681120000
150690010000
150690020000
150690030000
150690040000
150690050000
150690060000
150690070000
150690080000
150690090000
150690100000
150690110000
150690120000
150690130000
150690140000
150690150000
150690160000
150690170000
150690180000
150690190000
150690200000
150690210000
150690220000
150690230000
150690240000
150690250000
150690260000
150690270000
150690280000
150690290000
150690300000
150690310000
150690320000
150690330000
150690340000
150690350000
150690360000
150690370000
150690380000
150690390000
150690400000
150690410000
150690420000
150690430000
150690440000
150690450000
150690460000
150690470000
150690480000
150690490000
150690500000
150690510000
150690520000
150690530000
150690540000
150690550000
150690560000
150690570000
150690580000
150690590000
150690600000
150690610000
150690620000
150690630000
150690640000
150690650000
150690660000
150690670000
150690680000
150690690000
150690700000
150690710000
150690720000
150690730000
150690740000
150690750000
150690760000
150690770000
150690780000
150690790000
150690800000
150690810000
150690820000
150690830000
150690840000
150690850000
150690860000
150690870000
150690880000
150690890000
150690900000
150690920000
150690930000
150690940000
150690950000
150700010000
150700020000
150700030000
150700040000
150700050000
150700060000
150700070000
150700080000
150700090000
150700100000
150700110000
150700120000
150700130000
150700140000
150700150000
150700160000
150700170000
150700180000
150700190000
150700200000
150700210000
150700220000
150700230000
150700240000
150700250000
150700260000
150700270000
150700280000
150700290000
150700300000
150700310000
150700320000
150700330000
150700340000
150700350000
150700360000
150700370000
150700380000
150700390000
150700400000
150700410000
150700420000
150700430000
150700440000
150700450000
150700460000
150700470000
150700480000
150700490000
150700500000
150700510000
150700520000
150700530000
150700540000
150700550000
150710010000
150710020000
150710030000
150710040000
150710050000
150710060000
150710070000
150710080000
150710090000
150710100000
150710110000
150710120000
150710130000
150710140000
150710150000
150710160000
150710170000
150710180000
150710190000
150710200000
150710210000
150710220000
150710230000
150710240000
150710250000
150710260000
150710270000
150710280000
150710290000
150710300000
150710310000
150710320000
150710330000
150710340000
150710350000
150710360000
150710370000
150710380000
150710390000
150710400000
150710410000
150710420000
150710430000
150710440000
150710450000
150710460000
150710470000
150710480000
150710490000
150710500000
150710510000
150710520000
150710530000
150710540000
150710550000
150710560000
150710570000
150720010000
150720020000
150720030000
150720040000
150720050000
150720060000
150720070000
150720080000
150720090000
150720100000
150720110000
150720120000
150720130000
150720140000
150720150000
150720160000
150720170000
150720180000
150720190000
150720200000
150720210000
150720220000
150720230000
150720240000
150720250000
150720260000
150720270000
150720280000
150720290000
150720300000
150720310000
150720320000
150720330000
150720340000
150720350000
150720360000
150720370000
150720380000
150720390000
150720400000
150720410000
150720420000
150720430000
150720440000
150720450000
150720460000
150720470000
150720480000
150720490000
150720500000
150720510000
150720520000
150720530000
150720540000
150720550000
150720560000
150720570000
150720580000
150720590000
150720600000
150720610000
150720620000
150720630000
150720640000
150720650000
150720660000
150720670000
150720680000
150720690000
150720700000
150720710000
150720720000
150720730000
150720740000
150720750000
150720760000
150720770000
150720780000
150720790000
150720800000
150720810000
150720820000
150720830000
150720840000
150720850000
150720860000
150720870000
150720880000
150720890000
150720900000
150730010000
150730020000
150730030000
150730040000
150730050000
150730060000
150730070000
150730080000
150730090000
150730100000
150730110000
150730120000
150730130000
150730140000
150730150000
150730160000
150730170000
150730180000
150730190000
150730200000
150730210000
150730220000
150730230000
150730240000
150730250000
150730260000
150730270000
150730280000
150730290000
150730300000
150730310000
150730320000
150730330000
150730340000
150730350000
150730360000
150730370000
150730380000
150730390000
150730400000
150730410000
150730420000
150730430000
150730440000
150730450000
150730460000
150730470000
150730480000
150730490000
150730500000
150730510000
150730520000
150730540000
150730550000
150730560000
150730570000
150740010000
150740020000
150740030000
150740040000
150740050000
150740060000
150740070000
150740080000
150740090000
150740100000
150740110000
150740120000
150740130000
150740140000
150740150000
150740160000
150740170000
150740180000
150740190000
150740200000
150740210000
150740220000
150740230000
150740240000
150740250000
150740260000
150740270000
150750010000
150750020000
150750030000
150750040000
150750050000
150750060000
150750070000
150750080000
150750090000
150750100000
150750110000
150750120000
150750130000
150750140000
150750150000
150750160000
150750170000
150750180000
150750190000
150750200000
150760010000
150760020000
150760030000
150760040000
150760050000
150760060000
150760070000
150760080000
150760090000
150760100000
150760110000
150760120000
150760130000
150760140000
150760150000
150760160000
150760170000
150760180000
150760190000
150760200000
150770010000
150770020000
150770030000
150770040000
150770050000
150770060000
150770070000
150770080000
150770090000
150770100000
150770110000
150770120000
150770130000
150770140000
150770150000
150770160000
150770170000
150770180000
150770190000
150770200000
150770210000
150770220000
150770230000
150770240000
150770250000
150770260000
150770270000
150770280000
150770290000
150770300000
150770310000
150770320000
150770330000
150770340000
150770350000
150770360000
150770370000
150770380000
150770390000
150780010000
150780020000
150780030000
150780040000
150780050000
150780060000
150780070000
150780080000
150780090000
150780100000
150780110000
150780120000
150780130000
150780140000
150780160000
150780170000
150780180000
150780190000
150780200000
150780210000
150780220000
150780230000
150780240000
150780250000
150780260000
150780270000
150780280000
150780290000
150780300000
150780310000
150780320000
150780330000
150780340000
150780350000
150780360000
150780370000
150780380000
150780390000
150780400000
150780410000
150780420000
150780430000
150780440000
150780450000
150780460000
150780470000
150780480000
150780490000
150780500000
150780510000
150780520000
150780530000
150780540000
150780550000
150780560000
150780570000
150780580000
150780590000
150780600000
150780610000
150780620000
150780630000
150780640000
150780650000
150780660000
150780670000
150780680000
150780690000
150780700000
150780710000
150780720000
150780730000
150780740000
150780750000
150780760000
150780770000
150780780000
150780790000
150780800000
150780810000
150780820000
150780830000
150790010000
150790020000
150790030000
150790040000
150790050000
150790060000
150790070000
150790080000
150790090000
150790100000
150790110000
150790120000
150790130000
150790140000
150790150000
150790160000
150790170000
150790180000
150790190000
150790200000
150790210000
150790220000
150790230000
150790240000
150790250000
150790260000
150790270000
150790280000
150790290000
150790300000
150790310000
150790320000
150790330000
150790340000
150790350000
150790360000
150790370000
150790380000
150790390000
150790400000
150790410000
150790420000
150790430000
150790440000
150790450000
150790460000
150790470000
150790480000
150790490000
150790500000
150790510000
150790520000
150790530000
150790540000
150790550000
150790560000
150790570000
150790580000
150790590000
150790600000
150790610000
150790620000
150790630000
150790640000
150790650000
150790660000
150790670000
150790680000
150790690000
150790700000
150790710000
150790720000
150790730000
150790740000
150790750000
150790760000
150790770000
150790780000
150790790000
150790800000
150790810000
150790820000
150790830000
150790840000
150790850000
150790860000
150790870000
150790880000
150790890000
150790900000
150790910000
150790920000
150790930000
150790940000
150790950000
150790960000
150790970000
150790980000
150790990000
150800010000
150800020000
150800030000
150800040000
150800050000
150800060000
150800070000
150800080000
150800090000
150800100000
150800110000
150800120000
150800130000
150800140000
150800150000
150800160000
150800170000
150800180000
150800190000
150800200000
150800210000
150800220000
150800230000
150800240000
150800250000
150800260000
150800270000
150800280000
150800290000
150800300000
150800310000
150800320000
150800330000
150800340000
150800350000
150800360000
150800370000
150800380000
150800390000
150800400000
150800410000
150800420000
150800430000
150800440000
150800450000
150800460000
150800470000
150800480000
150800490000
150800500000
150800510000
150800520000
150800530000
150800540000
150800550000
150800560000
150800570000
150800580000
150800590000
150800600000
150800610000
150800620000
150800630000
150800640000
150800650000
150800660000
150800670000
150800680000
150800690000
150800700000
150800710000
150800720000
150800730000
150800740000
150800750000
150800760000
150800770000
150800780000
150800790000
150810010000
150810020000
150810030000
150810040000
150810050000
150810060000
150810070000
150810080000
150810090000
150810100000
150810110000
150810120000
150810130000
150810140000
150810150000
150810160000
150810170000
150810180000
150810190000
150810200000
150810210000
150810220000
150810230000
150810240000
150810250000
150810260000
150810270000
150810280000
150810290000
150810300000
150810310000
150810320000
150810330000
150810340000
150810350000
150810360000
150810370000
150810380000
150810390000
150810400000
150810410000
150810420000
150810430000
150810440000
150810450000
150810460000
150810470000
150810480000
150810490000
150810500000
150810510000
150810520000
150810530000
150810540000
150810550000
150810560000
150810570000
150810580000
150810590000
150810600000
150810610000
150810620000
150810630000
150810640000
150810650000
150810660000
150810670000
150810680000
150810690000
150810700000
150810710000
150810720000
150810730000
150810740000
150810750000
150810760000
150810770000
150810780000
150810790000
150810800000
150810810000
150810820000
150810830000
150810840000
150810850000
150810860000
150810870000
150810880000
150810890000
150810900000
150810910000
150810920000
150810930000
150810940000
150810950000
150810960000
150810970000
150810980000
150810990000
150811000000
150811010000
150811020000
150811030000
150811040000
150811050000
150820010000
150820020000
150820030000
150820040000
150820050000
150820060000
150820070000
150820080000
150820090000
150820100000
150820110000
150820120000
150820130000
150820140000
150820150000
150820160000
150820170000
150820180000
150820190000
150820200000
150820210000
150820220000
150820230000
150820240000
150820250000
150820260000
150820270000
150820280000
150820290000
150820300000
150820310000
150820320000
150820330000
150820340000
150820350000
150820360000
150820370000
150820380000
150820390000
150820400000
150820410000
150820420000
150820430000
150820440000
150820450000
150820460000
150820470000
150820480000
150820490000
150820500000
150820510000
150820520000
150820530000
150820540000
150820550000
150820560000
150820570000
150820580000
150820590000
150820600000
150820610000
150820620000
150820630000
150820640000
150820650000
150820660000
150820670000
150820680000
150820690000
150820700000
150820710000
150820720000
150820730000
150820740000
150820750000
150820760000
150820770000
150820780000
150820790000
150820800000
150820810000
150820820000
150820830000
150820840000
150820850000
150820860000
150820870000
150820880000
150820890000
150820900000
150820910000
150820920000
150820930000
150820940000
150820950000
150820960000
150820970000
150820980000
150820990000
150821000000
150821010000
150821020000
150821030000
150821040000
150830010000
150830020000
150830030000
150830040000
150830050000
150830060000
150830070000
150830080000
150830090000
150830100000
150830110000
150830120000
150830130000
150830140000
150830150000
150830160000
150830170000
150830180000
150830190000
150830200000
150830210000
150830220000
150830230000
150830240000
150830250000
150830260000
150830270000
150830280000
150830290000
150830300000
150830310000
150830320000
150830330000
150830340000
150830350000
150830360000
150830370000
150830380000
150830390000
150830410000
150830420000
150830430000
150830440000
150830450000
150830460000
150830470000
150830480000
150830490000
150830500000
150830510000
150830520000
150830530000
150830540000
150830550000
150830560000
150830570000
150830580000
150830590000
150830600000
150830610000
150830620000
150830630000
150830640000
150830650000
150830660000
150830670000
150830680000
150830690000
150830700000
150830710000
150830720000
150830730000
150830740000
150830750000
150830760000
150830770000
150830780000
150830790000
150830800000
150830810000
150830820000
150830830000
150830840000
150830850000
150830860000
150830870000
150830880000
150830890000
150830900000
150830910000
150830920000
150830930000
150830940000
150840010000
150840020000
150840030000
150840040000
150840050000
150840060000
150840070000
150840080000
150840090000
150840100000
150840110000
150840120000
150840130000
150840140000
150840150000
150840160000
150840170000
150840180000
150840190000
150840200000
150840210000
150840220000
150840230000
150840240000
150840250000
150840260000
150840270000
150840280000
150840290000
150840300000
150840310000
150840320000
150840330000
150840340000
150840350000
150840360000
150840370000
150840380000
150840390000
150840400000
150840410000
150840420000
150840430000
150840440000
150840450000
150840460000
150840470000
150840480000
150840490000
150840500000
150840510000
150840520000
150840530000
150840540000
150840550000
150840560000
150840570000
150840580000
150840590000
150840600000
150840610000
150840620000
150840630000
150840640000
150840650000
150840660000
150840670000
150840680000
150840690000
150840700000
150840710000
150840720000
150840730000
150840740000
150840750000
150840760000
150840770000
150840780000
150840790000
150840800000
150840810000
150840820000
150840830000
150840840000
150840850000
150840860000
150840870000
150840880000
150840890000
150840900000
150840910000
150840920000
150850010000
150850020000
150850030000
150850040000
150850050000
150850060000
150850070000
150850080000
150850090000
150850100000
150850110000
150850120000
150850130000
150850140000
150850150000
150850160000
150850170000
150850180000
150850190000
150850200000
150850210000
150850220000
150850230000
150850240000
150850250000
150850260000
150850270000
150850280000
150850290000
150850300000
150850310000
150850320000
150850330000
150850340000
150850350000
150850360000
150850370000
150850380000
150850390000
150850400000
150850410000
150850420000
150850430000
150850440000
150850450000
150850460000
150850470000
150850480000
150850490000
150850500000
150850510000
150850520000
150850530000
150850540000
150850550000
150850560000
150850570000
150850580000
150850590000
150850600000
150850610000
150850620000
150850630000
150850640000
150850650000
150850660000
150850670000
150850680000
150850690000
150850700000
150850710000
150850720000
150850730000
150850740000
150850750000
150850760000
150850770000
150850780000
150850790000
150850800000
150850810000
150850820000
150850830000
150850840000
150850850000
150850860000
150850870000
150850880000
150850890000
150850900000
150850910000
150850920000
150850930000
150850940000
150850950000
150850960000
150850970000
150850980000
150850990000
150851000000
150851010000
150860010000
150860020000
150860030000
150860040000
150860050000
150860060000
150860070000
150860080000
150860090000
150860100000
150860110000
150860120000
150860130000
150860140000
150860150000
150860160000
150860170000
150860180000
150860190000
150860200000
150860210000
150860220000
150860230000
150860240000
150860250000
150860260000
150860270000
150860280000
150860290000
150860300000
150860310000
150860320000
150860330000
150860340000
150860360000
150860370000
150860380000
150860390000
150860400000
150860410000
150860420000
150860430000
150860440000
150860450000
150860460000
150860470000
150860480000
150860490000
150860500000
150860510000
150860520000
150860530000
150860540000
150860550000
150860560000
150860570000
150860580000
150860590000
150860600000
150860610000
150860620000
150860630000
150860640000
150860650000
150860660000
150860670000
150860680000
150860690000
150860700000
150860710000
150860720000
150860730000
150860740000
150860750000
150860760000
150860770000
150860780000
150860790000
150860800000
150860810000
150860820000
150860830000
150860840000
150860850000
150860860000
150860870000
150860880000
150860890000
150860900000
150860910000
150860920000
150860930000
150860940000
150860950000
150860960000
150860970000
150860980000
150860990000
150861000000
150861010000
150861020000
150861030000
150861040000
150861050000
150861060000
150861070000
150861080000
150861090000
150861100000
150861110000
150861120000
150861130000
150870010000
150870020000
150870030000
150870040000
150870050000
150870060000
150870070000
150870080000
150870090000
150870100000
150870110000
150870120000
150870130000
150870140000
150870150000
150870160000
150870170000
150870180000
150870190000
150870200000
150870210000
150870220000
150870230000
150870240000
150870250000
150870260000
150870270000
150870280000
150870290000
150870300000
150870310000
150870320000
150870330000
150870340000
150870350000
150870360000
150870370000
150870380000
150870390000
150870400000
150870410000
150870420000
150870430000
150870450000
150870460000
150870470000
150870480000
150870490000
150870500000
150870510000
150870520000
150870530000
150870540000
150870550000
150870560000
150870570000
150870580000
150870590000
150870600000
150870610000
150870620000
150870630000
150870640000
150870650000
150870660000
150870670000
150870680000
150870690000
150870700000
150870710000
150870720000
150870730000
150870740000
150870750000
150870760000
150870770000
150870780000
150870790000
150870800000
150870810000
150870820000
150870830000
150870840000
150870850000
150870860000
150870870000
150870880000
150870890000
150870900000
150870910000
150870920000
150870930000
150870940000
150870950000
150870960000
150870970000
150870980000
150870990000
150871000000
150871010000
150871020000
150871030000
150871040000
150871050000
150871060000
150871070000
150871080000
150871090000
150871100000
150871110000
150871120000
150871140000
150871150000
150871160000
150871170000
150871180000
150871190000
150880010000
150880040000
150880050000
150880060000
150880070000
150880080000
150880090000
150880100000
150880110000
150880120000
150880130000
150880140000
150880150000
150880160000
150880170000
150880180000
150880190000
150880200000
150880210000
150880220000
150880230000
150880240000
150880250000
150880260000
150880270000
150880280000
150880290000
150880300000
150880310000
150880320000
150880330000
150880340000
150880350000
150880360000
150880370000
150880380000
150880390000
150880400000
150880410000
150880420000
150880430000
150880440000
150880450000
150880460000
150880470000
150880480000
150880490000
150880500000
150880510000
150880520000
150880530000
150880540000
150880550000
150880560000
150880570000
150880580000
150880590000
150880600000
150880610000
150880620000
150880630000
150880640000
150880650000
150880660000
150880670000
150880680000
150880690000
150880700000
150880710000
150880720000
150880730000
150880740000
150880750000
150880760000
150880770000
150880780000
150880790000
150880800000
150880810000
150880820000
150880830000
150880840000
150880850000
150880860000
150880870000
150880880000
150880890000
150880900000
150880910000
150880920000
150880930000
150880940000
150880950000
150880960000
150880970000
150890010000
150890020000
150890030000
150890040000
150890050000
150890060000
150890070000
150890080000
150890090000
150890100000
150890110000
150890120000
150890130000
150890140000
150890150000
150890160000
150890170000
150890180000
150890190000
150890200000
150890210000
150890220000
150890230000
150890240000
150890250000
150890260000
150890270000
150890280000
150890290000
150890300000
150890310000
150890320000
150890330000
150890340000
150890350000
150890360000
150890370000
150890380000
150890390000
150890400000
150890410000
150890420000
150890430000
150890440000
150890450000
150890460000
150890470000
150890480000
150890490000
150890500000
150890510000
150890520000
150890530000
150890540000
150890550000
150890560000
150890570000
150890580000
150890590000
150890600000
150890610000
150890620000
150890630000
150890640000
150890650000
150890660000
150890670000
150890680000
150890690000
150890700000
150890710000
150890720000
150890730000
150890740000
150890750000
150890760000
150890770000
150890780000
150890790000
150890800000
150890810000
150890820000
150890830000
150890840000
150890850000
150890860000
150890870000
150890880000
150890890000
150890900000
150890910000
150890920000
150890930000
150890940000
150890950000
150890960000
150890970000
150890980000
150890990000
150891000000
150891010000
150891020000
150891030000
150891040000
150891050000
150891060000
150891070000
150891080000
150891090000
150891100000
150891110000
150891120000
150891130000
150891140000
150891150000
150891160000
150900010000
150900020000
150900030000
150900040000
150900050000
150900060000
150900070000
150900080000
150900090000
150900100000
150900110000
150900120000
150900130000
150900140000
150900150000
150900160000
150900170000
150900180000
150900190000
150900200000
150900210000
150900220000
150900230000
150900240000
150900250000
150900260000
150900270000
150900280000
150900290000
150900300000
150900310000
150900320000
150900330000
150900340000
150900350000
150900360000
150900370000
150900380000
150900390000
150900400000
150900410000
150900420000
150900430000
150900440000
150900450000
150900460000
150900470000
150900480000
150900490000
150900500000
150900510000
150900520000
150900530000
150900540000
150900550000
150900560000
150900570000
150900580000
150900590000
150900600000
150900610000
150900620000
150900630000
150900640000
150900650000
150900660000
150900670000
150900680000
150900690000
150900700000
150900710000
150900720000
150900730000
150900740000
150900750000
150900760000
150900770000
150900780000
150900790000
150900800000
150900810000
150900820000
150900830000
150900840000
150900850000
150900860000
150900870000
150900880000
150900890000
150900900000
150900910000
150900920000
150900930000
150900940000
150900950000
150900960000
150900970000
150900980000
150910010000
150910020000
150910030000
150910040000
150910050000
150910060000
150910070000
150910080000
150910090000
150910100000
150910110000
150910120000
150910130000
150910140000
150910150000
150910160000
150910170000
150910180000
150910190000
150910200000
150910210000
150910220000
150910230000
150910240000
150910250000
150910260000
150910270000
150910280000
150910290000
150910300000
150910310000
150910320000
150910330000
150910340000
150910350000
150910360000
150910370000
150910380000
150910390000
150910400000
150910410000
150910420000
150910430000
150910440000
150910450000
150910460000
150910470000
150910480000
150910490000
150910500000
150910510000
150910520000
150910530000
150910540000
150910550000
150910560000
150910570000
150910580000
150910590000
150910600000
150910610000
150910620000
150910630000
150910640000
150910650000
150910660000
150910670000
150910680000
150910690000
150910700000
150910710000
150910720000
150910730000
150910740000
150910750000
150910760000
150910770000
150910780000
150910790000
150910800000
150910810000
150910820000
150910830000
150910840000
150910850000
150910860000
150910870000
150910880000
150910890000
150910900000
150910910000
150910920000
150910930000
150910940000
150910950000
150910960000
150910970000
150910980000
150920010000
150920020000
150920030000
150920040000
150920050000
150920060000
150920070000
150920080000
150920090000
150920100000
150920110000
150920120000
150920130000
150920140000
150920150000
150920160000
150920170000
150920180000
150920190000
150920200000
150920210000
150920220000
150920230000
150920240000
150920250000
150920260000
150920270000
150920280000
150920290000
150920300000
150920310000
150920320000
150920330000
150920340000
150920350000
150920360000
150920370000
150920380000
150920390000
150920400000
150920410000
150920420000
150920430000
150920440000
150920450000
150920460000
150920470000
150920480000
150920490000
150920500000
150920510000
150920520000
150920530000
150920540000
150920550000
150920560000
150920570000
150920580000
150920590000
150920600000
150920610000
150920620000
150920630000
150920640000
150920650000
150920660000
150920670000
150920680000
150920690000
150920700000
150920710000
150920720000
150920730000
150920740000
150920750000
150920760000
150920770000
150920780000
150920790000
150920800000
150920810000
150920820000
150920830000
150920840000
150920850000
150920860000
150920870000
150920880000
150920890000
150920900000
150920910000
150920920000
150920930000
150920940000
150920950000
150920960000
150920970000
150920980000
150920990000
150921000000
150921010000
150921020000
150921030000
150921040000
150921050000
150921060000
150921070000
150921080000
150921090000
150921100000
150921110000
150921120000
150921130000
150921140000
150930010000
150930020000
150930030000
150930040000
150930050000
150930060000
150930070000
150930080000
150930090000
150930100000
150930110000
150930120000
150930130000
150930140000
150930150000
150930160000
150930170000
150930180000
150930190000
150930200000
150930210000
150930220000
150930230000
150930240000
150930250000
150930260000
150930270000
150930280000
150930290000
150930300000
150930310000
150930320000
150930330000
150930340000
150930350000
150930360000
150930370000
150930380000
150930390000
150930400000
150930410000
150930420000
150930430000
150930440000
150930450000
150930460000
150930470000
150930480000
150930490000
150930500000
150930510000
150930520000
150930530000
150930540000
150930550000
150930560000
150930570000
150930580000
150930590000
150930600000
150930610000
150930620000
150930630000
150930640000
150930650000
150930660000
150930670000
150930680000
150930690000
150930700000
150930710000
150930720000
150930730000
150930740000
150930750000
150930760000
150930770000
150930780000
150930790000
150930800000
150930810000
150930820000
150930830000
150930840000
150930850000
150930860000
150930870000
150930880000
150930890000
150930900000
150930910000
150930920000
150930930000
150930940000
150930950000
150930960000
150930970000
150930980000
150930990000
150931000000
150931010000
150931020000
150931030000
150931040000
150931050000
150931060000
150931070000
150931080000
150931090000
150931100000
150931110000
150931120000
150940010000
150940020000
150940030000
150940040000
150940050000
150940060000
150940070000
150940080000
150940090000
150940100000
150940110000
150940120000
150940130000
150940140000
150940150000
150940160000
150940170000
150940180000
150940190000
150940200000
150940210000
150940220000
150940230000
150940240000
150940250000
150940260000
150940270000
150940280000
150940290000
150940300000
150940310000
150940320000
150940330000
150940340000
150940350000
150940360000
150940370000
150940380000
150940390000
150940400000
150940410000
150940420000
150940430000
150940440000
150940450000
150940460000
150940470000
150940480000
150940490000
150940500000
150940510000
150940520000
150940530000
150940540000
150940550000
150940560000
150940570000
150940580000
150940590000
150940600000
150940610000
150940620000
150940630000
150940640000
150940650000
150940660000
150940670000
150940680000
150940690000
150940700000
150940710000
150940720000
150940730000
150940740000
150940750000
150950010000
150950020000
150950030000
150950040000
150950050000
150950060000
150950070000
150950080000
150950090000
150950100000
150950110000
150950120000
150950130000
150950140000
150950150000
150950160000
150950170000
150950180000
150950190000
150950200000
150950210000
150950220000
150950230000
150950240000
150950250000
150950260000
150950270000
150950280000
150950290000
150950300000
150950310000
150950320000
150950330000
150950340000
150950350000
150950360000
150950370000
150950380000
150950390000
150950400000
150950410000
150950420000
150950430000
150950440000
150950450000
150950460000
150950470000
150950480000
150950490000
150950500000
150950510000
150950520000
150950530000
150950540000
150950550000
150950560000
150950570000
150950580000
150950590000
150950600000
150950610000
150950620000
150950630000
150950640000
150950650000
150950660000
150950670000
150950680000
150950690000
150950700000
150950710000
150950720000
150950730000
150950740000
150950750000
150950760000
150950770000
150950780000
150950790000
150950800000
150950810000
150950820000
150950830000
150960010000
150960020000
150960030000
150960040000
150960050000
150960060000
150960070000
150960080000
150960090000
150960100000
150960110000
150960120000
150960130000
150960140000
150960170000
150960180000
150960190000
150960200000
150960210000
150960220000
150960230000
150960240000
150960250000
150960260000
150960270000
150960280000
150960290000
150960300000
150960310000
150960320000
150960330000
150960340000
150960350000
150960360000
150960370000
150960380000
150960390000
150960400000
150960410000
150960420000
150960430000
150960440000
150960450000
150960460000
150960470000
150960480000
150960490000
150960500000
150960510000
150960520000
150960530000
150960540000
150960550000
150960560000
150960570000
150960580000
150960590000
150960600000
150960610000
150970010000
150970020000
150970030000
150970040000
150970050000
150970060000
150970070000
150970080000
150970090000
150970100000
150970110000
150970120000
150970130000
150970140000
150970150000
150970160000
150970170000
150970180000
150970190000
150970200000
150970210000
150970220000
150970230000
150970240000
150970250000
150970260000
150970270000
150970280000
150970290000
150970300000
150970310000
150970320000
150970330000
150970340000
150970350000
150970360000
150970370000
150970380000
150970390000
150970400000
150970410000
150970420000
150970430000
150970440000
150970450000
150970460000
150970470000
150970480000
150970490000
150970500000
150970510000
150970520000
150970530000
150970540000
150970550000
150970560000
150970570000
150970580000
150970590000
150970600000
150970610000
150970620000
150970630000
150970640000
150970650000
150970660000
150970670000
150970680000
150970690000
150970700000
150980010000
150980020000
150980030000
150980040000
150980050000
150980060000
150980070000
150980080000
150980090000
150980100000
150980110000
150980120000
150980130000
150980140000
150980150000
150980160000
150980170000
150980180000
150980190000
150980200000
150980210000
150980220000
150980230000
150980240000
150980250000
150980260000
150980270000
150980280000
150980290000
150980300000
150980310000
150980320000
150980330000
150980340000
150980350000
150980360000
150980370000
150980380000
150980390000
150980400000
150980410000
150980420000
150980430000
150980440000
150980450000
150980460000
150980470000
150980480000
150980490000
150980500000
150980510000
150980520000
150980530000
150980540000
150980550000
150980560000
150980570000
150980580000
150980590000
150980600000
150980610000
150980620000
150980630000
150980640000
150980650000
150980660000
150990010000
150990020000
150990030000
150990040000
150990050000
150990060000
150990070000
150990080000
150990090000
150990100000
150990110000
150990120000
150990130000
150990140000
150990150000
150990160000
150990170000
150990180000
150990190000
150990200000
150990210000
150990220000
150990230000
150990240000
150990250000
150990260000
150990270000
150990280000
150990290000
150990300000
150990310000
150990320000
150990330000
150990340000
150990350000
150990360000
150990370000
150990380000
150990390000
150990400000
150990410000
150990420000
150990430000
150990440000
150990450000
150990460000
150990470000
150990480000
150990490000
150990500000
150990510000
150990520000
150990530000
150990540000
150990550000
150990560000
150990570000
150990580000
150990590000
150990600000
150990610000
150990620000
151000010000
151000020000
151000030000
151000040000
151000050000
151000060000
151000070000
151000080000
151000090000
151000100000
151000110000
151000120000
151000130000
151000140000
151000150000
151000160000
151000170000
151000180000
151000190000
151000200000
151000260000
151000420000
151000430000
151000440000
151000450000
151000460000
151000470000
151000480000
151000490000
151000500000
151000510000
151000520000
151000530000
151010030000
151010040000
151010050000
151010060000
151010070000
151010080000
151010100000
151010110000
151010120000
151010130000
151010140000
151010150000
151010160000
151010170000
151010180000
151010190000
151010200000
151010210000
151010220000
151010230000
151010240000
151010250000
151010260000
151010270000
151010280000
151010290000
151010300000
151010310000
151010320000
151010330000
151010340000
151010350000
151010360000
151020010000
151020020000
151020030000
151020040000
151020050000
151020060000
151020070000
151020080000
151020090000
151020100000
151020110000
151020120000
151020130000
151020140000
151020150000
151020160000
151020170000
151020180000
151020190000
151020200000
151020210000
151020220000
151020230000
151020240000
151020250000
151020260000
151020270000
151020280000
151020290000
151020300000
151020310000
151020320000
151020330000
151020340000
151020350000
151020360000
151020370000
151020380000
151020390000
151020400000
151020410000
151020420000
151020430000
151020440000
151020450000
151020460000
151020470000
151020480000
151020490000
151020500000
151020510000
151020520000
151020530000
151020540000
151020550000
151020560000
151020570000
151020580000
151020590000
151020600000
151020610000
151020620000
151020630000
151020640000
151020650000
151020660000
151020670000
151020680000
151020690000
151020700000
151020710000
151020720000
151020730000
151020740000
151020750000
151020760000
151030010000
151030020000
151030030000
151030040000
151030050000
151030060000
151030070000
151030080000
151030090000
151030100000
151030110000
151030120000
151030130000
151030140000
151030150000
151030160000
151030290000
151030300000
151030310000
151030320000
151030330000
151030340000
151030350000
151030360000
151030370000
151030380000
151030390000
151030400000
151030410000
151030420000
151030430000
151030440000
151030450000
151030460000
151030470000
151030480000
151030490000
151030500000
151040010000
151040020000
151040030000
151040040000
151040050000
151040060000
151040070000
151040080000
151040090000
151040100000
151040110000
151040120000
151040130000
151040140000
151040150000
151040160000
151040170000
151040180000
151040190000
151040200000
151040210000
151040220000
151040230000
151040240000
151040250000
151040260000
151040270000
151040280000
151040290000
151040300000
151040310000
151040320000
151040330000
151040340000
151040350000
151040360000
151040370000
151040380000
151040390000
151040400000
151040410000
151040420000
151040430000
151040440000
151040450000
151040460000
151040470000
151040480000
151040490000
151040500000
151040510000
151040520000
151040530000
151040540000
151040550000
151040560000
151040570000
151040580000
151040590000
151040600000
151040610000
151040620000
151040630000
151040640000
151040650000
151040660000
151040670000
151040680000
151040690000
151040700000
151040710000
151040720000
151040730000
151040740000
151040750000
151040760000
151040770000
151040780000
151040790000
151040800000
151050010000
151050020000
151050030000
151050040000
151050050000
151050060000
151050070000
151050080000
151050090000
151050100000
151050110000
151050120000
151050130000
151050140000
151050150000
151050160000
151050170000
151050180000
151050190000
151050200000
151050210000
151050220000
151050230000
151050240000
151050250000
151050260000
151050270000
151050280000
151050290000
151050300000
151050310000
151050320000
151050330000
151050340000
151050350000
151050360000
151050370000
151050380000
151050390000
151050400000
151050410000
151050420000
151050430000
151050440000
151050450000
151050460000
151050470000
151050480000
151050490000
151050500000
151050510000
151050520000
151050530000
151050540000
151050550000
151050560000
151050570000
151050580000
151050590000
151050600000
151050610000
151050620000
151050630000
151050640000
151050650000
151050660000
151050670000
151050680000
151050690000
151050700000
151050710000
151050720000
151050730000
151050740000
151060010000
151060070000
151060080000
151060090000
151060100000
151060110000
151060120000
151060130000
151060140000
151060150000
151060160000
151060170000
151060180000
151060190000
151060200000
151060210000
151060220000
151060230000
151060240000
151060310000
151060320000
151060330000
151060340000
151060350000
151060360000
151060370000
151060380000
151060390000
151060400000
151060410000
151060420000
151060430000
151060440000
151060450000
151060460000
151060470000
151060480000
151060490000
151060500000
151060510000
151060520000
151060530000
151060540000
151060550000
151060560000
151060570000
151060580000
151060590000
151060600000
151060610000
151060620000
151060630000
151060640000
151060650000
151060660000
151060670000
151060680000
151060690000
151060700000
151060710000
151060720000
151060730000
151060740000
151060750000
151060760000
151060770000
151060780000
151060790000
151060800000
151060810000
151060820000
151060830000
151060840000
151060850000
151060860000
151060870000
151060880000
151060890000
151060900000
151060910000
151060920000
151060930000
151060940000
151060950000
151060960000
151060970000
151060980000
151060990000
151061000000
151061010000
151061020000
151061030000
151061040000
151061050000
151061060000
151061070000
151061080000
151061090000
151061100000
151061110000
151061120000
151061130000
151061140000
151061150000
151061160000
151061170000
151061180000
151061190000
151061200000
151070010000
151070020000
151070030000
151070040000
151070050000
151070060000
151070070000
151070080000
151070090000
151070100000
151070110000
151070120000
151070130000
151070140000
151070150000
151070160000
151070170000
151070180000
151070190000
151070200000
151070210000
151070220000
151070230000
151070240000
151070250000
151070260000
151070270000
151070280000
151070290000
151070300000
151070310000
151070320000
151070330000
151070340000
151070350000
151070360000
151070370000
151070380000
151070390000
151070400000
151070410000
151070420000
151070430000
151070440000
151070450000
151070460000
151070470000
151070480000
151070490000
151070500000
151070510000
151070520000
151070530000
151070540000
151070550000
151070560000
151070570000
151070580000
151070590000
151070600000
151070610000
151070620000
151070630000
151070640000
151070650000
151070660000
151070670000
151070680000
151070690000
151070700000
151070710000
151070720000
151070730000
151070740000
151070750000
151070760000
151070770000
151070780000
151070790000
151070800000
151070810000
151070820000
151070830000
151070840000
151070850000
151070860000
151070870000
151070880000
151070890000
151070900000
151070910000
151070920000
151070930000
151070940000
151070950000
151070960000
151070970000
151070980000
151070990000
151071000000
151071010000
151071020000
151071030000
151071040000
151071050000
151071060000
151080010000
151080020000
151080030000
151080040000
151080050000
151080060000
151080070000
151080080000
151080090000
151080100000
151080110000
151080120000
151080130000
151080140000
151080150000
151080160000
151080170000
151080180000
151080190000
151080200000
151080210000
151080220000
151080230000
151080240000
151080250000
151080260000
151080270000
151080280000
151080290000
151080300000
151080310000
151080320000
151080330000
151080340000
151080350000
151080360000
151080370000
151080380000
151080390000
151080400000
151080410000
151080420000
151080430000
151080440000
151080450000
151080460000
151080470000
151080480000
151080490000
151080500000
151080510000
151080520000
151080530000
151080540000
151080550000
151080560000
151080570000
151080580000
151080590000
151090010000
151090020000
151090030000
151090040000
151090050000
151090060000
151090070000
151090080000
151090090000
151090100000
151090110000
151090120000
151090130000
151090140000
151090150000
151090160000
151090170000
151090180000
151090190000
151090200000
151090210000
151090220000
151090230000
151090240000
151090250000
151090260000
151090270000
151090280000
151090290000
151090300000
151090310000
151090320000
151090330000
151090340000
151090350000
151090360000
151090370000
151090380000
151090390000
151090400000
151090410000
151090420000
151090430000
151090440000
151090450000
151090460000
151090470000
151090480000
151090490000
151090500000
151090510000
151090520000
151090530000
151090540000
151090550000
151090560000
151090570000
151090580000
151090590000
151090600000
151090610000
151090620000
151090630000
151090640000
151090650000
151090660000
151100010000
151100020000
151100030000
151100040000
151100050000
151100060000
151100070000
151100080000
151100090000
151100100000
151100110000
151100120000
151100130000
151100140000
151100150000
151100160000
151100170000
151100180000
151100190000
151100200000
151100210000
151100220000
151100230000
151100240000
151100250000
151100260000
151100270000
151100280000
151100290000
151100300000
151100310000
151100320000
151100330000
151100340000
151100350000
151100360000
151100370000
151100380000
151100390000
151100400000
151100410000
151100420000
151100430000
151100440000
151100450000
151100460000
151100470000
151100480000
151100490000
151100500000
151100510000
151100520000
151100530000
151100540000
151100550000
151100560000
151100570000
151100580000
151100590000
151100600000
151100610000
151100620000
151100630000
151100640000
151100650000
151100660000
151100670000
151100680000
151100690000
151100700000
151100710000
151100720000
151100730000
151100740000
151100750000
151100760000
151100770000
151100780000
151100790000
151100800000
151100810000
151100820000
151100830000
151100840000
151100850000
151100860000
151100870000
151100880000
151100890000
151100900000
151100920000
151100930000
151100940000
151100950000
151100960000
151100970000
151100980000
151100990000
151101000000
151101010000
151101020000
151101030000
151101040000
151101050000
151101060000
151101070000
151101080000
151101090000
151101100000
151101110000
151101120000
151101130000
151101140000
151101150000
151101160000
151101170000
151101180000
151101190000
151101200000
151101210000
151101220000
151110010000
151110140000
151110150000
151110160000
151110170000
151110180000
151110190000
151110200000
151110210000
151110220000
151110230000
151110240000
151110250000
151110260000
151110270000
151110280000
151110290000
151110300000
151110310000
151110320000
151110330000
151110340000
151110350000
151110360000
151110370000
151110380000
151110390000
151110400000
151110410000
151110420000
151110430000
151110440000
151110450000
151110460000
151110470000
151110480000
151110490000
151110500000
151110510000
151110520000
151110530000
151110540000
151110550000
151110560000
151110570000
151110580000
151110590000
151110600000
151110610000
151110620000
151110630000
151110640000
151110650000
151110660000
151110670000
151110680000
151110690000
151110700000
151110710000
151110720000
151110730000
151110740000
151110750000
151110760000
151110770000
151110780000
151110790000
151110800000
151110810000
151110820000
151110830000
151110840000
151110850000
151110860000
151110870000
151110880000
151110890000
151110900000
151110910000
151110920000
151110930000
151110940000
151110950000
151110960000
151110970000
151110980000
151110990000
151111000000
151111010000
151111020000
151111030000
151120190000
151120200000
151120210000
151120520000
151130260000
151130270000
151130280000
151130290000
151130300000
151130310000
151130320000
151130330000
151130340000
151130350000
151130400000
151140010000
151140020000
151140030000
151140040000
151140050000
151140060000
151140070000
151140080000
151140090000
151140100000
151140200000
151140220000
151140230000
151140240000
151140250000
151140260000
151140270000
151140280000
151150010000
151150020000
151150030000
151150040000
151150050000
151150060000
151150070000
151150080000
151150090000
151150100000
151150110000
151150120000
151150130000
151150150000
151150160000
151150170000
151150180000
151150190000
151150200000
151150210000
151150220000
151150230000
151150240000
151150250000
151150260000
151150270000
151150280000
151150290000
151150300000
151150310000
151150450000
151150460000
151150470000
151150480000
151150490000
151150500000
151150510000
151150520000
151150530000
151150540000
151150550000
151150560000
151150570000
151150580000
151150590000
151150600000
151150610000
151150620000
151150630000
151150640000
151150650000
151150660000
151150670000
151150680000
151150690000
151150700000
151150710000
151150720000
151150730000
151150740000
151150750000
151150760000
151150770000
151150780000
151150790000
151150800000
151150810000
151150820000
151150830000
151150840000
151150850000
151150860000
151150880000
151150890000
151150910000
151150920000
151150930000
151150940000
151150950000
151150960000
151150970000
151150980000
151150990000
151151000000
151151010000
151160010000
151160020000
151160030000
151160040000
151160050000
151160060000
151160070000
151160080000
151160090000
151160100000
151160110000
151160120000
151160130000
151160140000
151160150000
151160160000
151160170000
151160180000
151160190000
151160200000
151160210000
151160220000
151160230000
151160240000
151160250000
151160260000
151160270000
151160280000
151160290000
151160300000
151160310000
151160320000
151160330000
151160340000
151160350000
151160360000
151160370000
151160380000
151160390000
151160400000
151160410000
151160420000
151160430000
151160440000
151160450000
151160460000
151160470000
151160480000
151160490000
151160500000
151160510000
151160520000
151160530000
151160540000
151160550000
151160560000
151160570000
151160580000
151160590000
151160600000
151160610000
151160620000
151170010000
151170020000
151170030000
151170040000
151170050000
151170060000
151170070000
151170080000
151170090000
151170100000
151170110000
151170130000
151170140000
151170150000
151170160000
151170170000
151170180000
151170190000
151170200000
151170210000
151170220000
151170230000
151170240000
151170260000
151170270000
151170280000
151170290000
151170300000
151170310000
151170320000
151170330000
151170340000
151170350000
151170360000
151170370000
151170380000
151170390000
151170400000
151170410000
151170420000
151170430000
151170440000
151180010000
151180020000
151180030000
151180040000
151180050000
151180060000
151180070000
151180080000
151180090000
151180100000
151180110000
151180120000
151180130000
151180140000
151180150000
151180160000
151180170000
151180180000
151180190000
151180200000
151180210000
151180220000
151180230000
151180240000
151180250000
151180260000
151180270000
151180280000
151180290000
151180300000
151180310000
151180320000
151180330000
151180340000
151180350000
151180360000
151180370000
151180380000
151180390000
151180400000
151180410000
151180420000
151180430000
151180440000
151180450000
151180460000
151180470000
151180480000
151180490000
151190010000
151190020000
151190030000
151190040000
151190050000
151190060000
151190070000
151190080000
151190090000
151190100000
151190110000
151190120000
151190130000
151190140000
151190150000
151190160000
151190170000
151190180000
151190190000
151190200000
151190210000
151190220000
151190230000
151190240000
151190250000
151190260000
151190270000
151190280000
151190290000
151190300000
151190310000
151190320000
151190330000
151190340000
151190350000
151190360000
151190370000
151190380000
151190390000
151190400000
151190410000
151190420000
151190430000
151190440000
151190450000
151190460000
151190470000
151190480000
151190490000
151190500000
151190510000
151200010000
151200020000
151200030000
151200040000
151200050000
151200060000
151200070000
151200080000
151200090000
151200100000
151200110000
151200120000
151200130000
151200140000
151200150000
151200160000
151200170000
151200180000
151200190000
151200200000
151200210000
151200220000
151200230000
151200240000
151200250000
151200260000
151200270000
151200280000
151200290000
151200300000
151200310000
151200320000
151200330000
151200340000
151200350000
151200360000
151210010000
151210020000
151210030000
151210040000
151210050000
151210060000
151210070000
151210080000
151210090000
151210100000
151210110000
151210120000
151210130000
151210140000
151210150000
151210160000
151210170000
151210180000
151210190000
151210200000
151210210000
151210220000
151210230000
151210240000
151210250000
151210260000
151210270000
151210280000
151210290000
151210300000
151210310000
151210320000
151210330000
151210340000
151210350000
151210360000
151210370000
151210380000
151210390000
151210400000
151210410000
151210420000
151210430000
151210440000
151210450000
151210460000
160010010000
160010020000
160010030000
160010040000
160010050000
160010060000
160010080000
160010150000
160010160000
160010170000
160010180000
160010190000
160010200000
160010210000
160010220000
160010230000
160010240000
160010250000
160010260000
160010270000
160010280000
160010290000
160010300000
160010310000
160010320000
160010330000
160010340000
160010350000
160010360000
160016660000
160020010000
160020040000
160020060000
160020070000
160020190000
160020200000
160020210000
160020220000
160020240000
160020250000
160020270000
160020280000
160020390000
160020400000
160020410000
160020420000
160020430000
160020440000
160020450000
160020460000
160020470000
160020480000
160020490000
160020500000
160020520000
160020530000
160020540000
160020550000
160020560000
160020570000
160020580000
160020590000
160020600000
160020610000
160020630000
160020640000
160020650000
160020660000
160020670000
160020680000
160020690000
160020700000
160020710000
160020720000
160020730000
160020750000
160020760000
160020770000
160020780000
160020790000
160020800000
160020810000
160020820000
160020830000
160020850000
160020870000
160020890000
160020900000
160020970000
160020980000
160020990000
160021010000
160021020000
160021030000
160021040000
160030010000
160030020000
160030030000
160030040000
160030070000
160030080000
160030090000
160030100000
160030110000
160030120000
160030130000
160030150000
160030180000
160030190000
160030220000
160030230000
160030270000
160030290000
160030560000
160030570000
160030580000
160030590000
160030650000
160030660000
160030680000
160030720000
160030730000
160030740000
160030760000
160030780000
160030790000
160030800000
160030810000
160030820000
160030830000
160030840000
160030850000
160030860000
160030870000
160030890000
160030900000
160030950000
160030960000
160031000000
160031010000
160031020000
160031030000
160031040000
160031050000
160031090000
160031100000
160031110000
160031120000
160031130000
160031140000
160031150000
160031160000
160031170000
160031180000
160031190000
160031200000
160031210000
160031220000
160031230000
160031240000
160031250000
160031260000
160031270000
160036660000
160036660000
160040010000
160040110000
160040210000
160040220000
160040230000
160040250000
160040300000
160040310000
160040320000
160040330000
160040340000
160040350000
160040360000
160040370000
160040380000
160040390000
160040400000
160040410000
160040420000
160040430000
160040440000
160040450000
160040460000
160040470000
160040480000
160040490000
160040500000
160040510000
160040520000
160040530000
160040540000
160040550000
160040560000
160040570000
160040580000
160040590000
160040600000
160040610000
160040620000
160040630000
160040640000
160040650000
160040660000
160050010000
160050020000
160050030000
160050040000
160050050000
160050060000
160050070000
160050080000
160050090000
160050100000
160050110000
160050120000
160050130000
160050140000
160050150000
160050160000
160050170000
160050180000
160050190000
160050200000
160050210000
160050220000
160050230000
160050240000
160050250000
160050260000
160050270000
160050280000
160050290000
160050300000
160050310000
160050320000
160050330000
160050340000
160050350000
160050360000
160050370000
160050380000
160050390000
160050400000
160050410000
160050420000
160050430000
160050440000
160050450000
160050460000
160050470000
160050480000
160050490000
160050500000
160050510000
160050520000
160050530000
160050540000
160050550000
160050560000
160050570000
160050580000
160050590000
160050600000
160050610000
160050620000
160050630000
160050640000
160050650000
160050660000
160050670000
160050680000
160050690000
160050700000
160050710000
160050720000
160050730000
160050740000
160050750000
160050760000
160050770000
160050780000
160050790000
160050800000
160050810000
160050820000
160050830000
160050840000
160050850000
160050860000
160050870000
160050880000
160050890000
160050900000
160050910000
160050920000
160050930000
160050940000
160050950000
160050960000
160050970000
160050990000
160051000000
160051010000
160051020000
160051030000
160051040000
160051050000
160051060000
160051070000
160051080000
160051090000
160051100000
160051110000
160051120000
160051130000
160051140000
160051150000
160051160000
160051170000
160051180000
160051190000
160051200000
160051210000
160051220000
160051230000
160051240000
160051250000
160051260000
160051270000
160051280000
160051290000
160051300000
160051310000
160051320000
160051330000
160051340000
160051350000
160051360000
160051370000
160051380000
160051390000
160051400000
160051410000
160051420000
160051430000
160051440000
160051450000
160051460000
160051470000
160051490000
160051500000
160051510000
160051520000
160051530000
160051540000
160051550000
160051560000
160051570000
160051580000
160051590000
160051600000
160051610000
160051620000
160051630000
160051640000
160051650000
160060010000
160060020000
160060030000
160060040000
160060050000
160060060000
160060070000
160060080000
160060090000
160060100000
160060110000
160060120000
160060130000
160060140000
160060150000
160060160000
160060170000
160060180000
160060190000
160060200000
160060210000
160060220000
160060230000
160060240000
160060250000
160060260000
160060270000
160060280000
160060290000
160060300000
160060310000
160060320000
160060330000
160060340000
160060350000
160060360000
160060370000
160060380000
160060390000
160060400000
160060410000
160060420000
160060430000
160060440000
160060450000
160060460000
160060470000
160060480000
160060490000
160060500000
160060510000
160060520000
160060530000
160060540000
160060550000
160060560000
160060570000
160060580000
160060590000
160060600000
160060610000
160060620000
160060630000
160060640000
160060650000
160060660000
160060670000
160060680000
160060690000
160060700000
160060710000
160060720000
160060730000
160060740000
160060750000
160060760000
160060770000
160060780000
160060790000
160060800000
160060810000
160060820000
160060830000
160060840000
160060850000
160060860000
160060870000
160060880000
160060890000
160060900000
160060920000
160060930000
160060940000
160060950000
160060960000
160060970000
160060980000
160060990000
160061000000
160061010000
160061020000
160061030000
160061040000
160061050000
160061060000
160061070000
160061080000
160061090000
160061100000
160061110000
160061120000
160061130000
160061140000
160061150000
160061160000
160061170000
160061180000
160061190000
160061200000
160061230000
160061240000
160061250000
160061260000
160061270000
160061280000
160061290000
160061300000
160061310000
160061320000
160061330000
160061340000
160061350000
160061360000
160061370000
160061380000
160061390000
160061400000
160061410000
160061420000
160061430000
160061440000
160061450000
160061460000
160061470000
160061480000
160061490000
160061500000
160061510000
160061520000
160061530000
160061540000
160061550000
160061560000
160061570000
160061580000
160061590000
160061600000
160061610000
160070010000
160070020000
160070030000
160070040000
160070050000
160070060000
160070070000
160070080000
160070090000
160070100000
160070110000
160070120000
160070130000
160070140000
160070150000
160070160000
160070170000
160070180000
160070190000
160070200000
160070210000
160070220000
160070230000
160070240000
160070250000
160070260000
160070270000
160070280000
160070290000
160070300000
160070310000
160070320000
160070330000
160070340000
160070350000
160070360000
160070370000
160070380000
160070390000
160070400000
160070410000
160070420000
160070430000
160070440000
160070450000
160070460000
160070470000
160070480000
160070490000
160070500000
160070510000
160070520000
160070530000
160070540000
160070550000
160070560000
160070570000
160070580000
160070590000
160070600000
160070610000
160070620000
160070630000
160070640000
160070650000
160070660000
160070670000
160070680000
160070690000
160070700000
160070710000
160070720000
160070730000
160070740000
160070750000
160070760000
160070770000
160070780000
160070790000
160070800000
160070810000
160070820000
160070830000
160070840000
160070850000
160070860000
160070870000
160070880000
160070890000
160070900000
160070910000
160070920000
160070930000
160070940000
160070950000
160070960000
160070970000
160070980000
160070990000
160071000000
160071010000
160071020000
160071030000
160071040000
160071050000
160071060000
160071070000
160071080000
160071090000
160071100000
160071110000
160071120000
160071130000
160071140000
160071150000
160071160000
160071170000
160071180000
160080010000
160080020000
160080030000
160080040000
160080050000
160080060000
160080070000
160080080000
160080090000
160080100000
160080110000
160080120000
160080130000
160080140000
160080150000
160080160000
160080170000
160080180000
160080190000
160080200000
160080210000
160080220000
160080230000
160080240000
160080250000
160080260000
160080270000
160080280000
160080290000
160080300000
160080310000
160080320000
160080330000
160080340000
160080350000
160080360000
160080370000
160080380000
160080390000
160080400000
160080410000
160080420000
160080430000
160080440000
160080450000
160080460000
160080470000
160080480000
160080490000
160080500000
160080510000
160080520000
160080530000
160080540000
160080550000
160080560000
160080570000
160080580000
160080590000
160080600000
160080610000
160080620000
160080630000
160080640000
160080650000
160080660000
160080670000
160080680000
160080690000
160080700000
160080710000
160080720000
160080730000
160080740000
160080750000
160080760000
160080770000
160080780000
160080790000
160080800000
160080810000
160080820000
160080830000
160080840000
160080850000
160080860000
160080870000
160080880000
160080890000
160080900000
160080910000
160080920000
160080930000
160080940000
160080950000
160080960000
160080970000
160080980000
160080990000
160081000000
160081010000
160081020000
160081030000
160081040000
160081050000
160081060000
160081070000
160081080000
160081090000
160081100000
160081110000
160081120000
160081130000
160081140000
160081150000
160081160000
160081170000
160081180000
160081190000
160081200000
160081210000
160081220000
160081230000
160081240000
160081250000
160081260000
160081270000
160081280000
160081290000
160081300000
160081310000
160081320000
160081330000
160081340000
160081350000
160081360000
160081370000
160081380000
160081390000
160081400000
160081410000
160081420000
160081430000
160081440000
160081450000
160081460000
160081470000
160081480000
160081490000
160081500000
160081510000
160081520000
160081530000
160081540000
160081550000
160081560000
160081570000
160081580000
160081590000
160081600000
160081610000
160081620000
160081630000
160081640000
160081650000
160081660000
160081670000
160081680000
160081690000
160081700000
160081710000
160081720000
160081730000
160081740000
160081750000
160081760000
160081770000
160081780000
160081790000
160081800000
160081810000
160081820000
160081830000
160081840000
160081850000
160081860000
160081870000
160081880000
160081890000
160081900000
160081910000
160081920000
160081930000
160081940000
160081950000
160081960000
160081970000
160081980000
160081990000
160082000000
160082010000
160082020000
160082030000
160082040000
160082050000
160082060000
160082070000
160082080000
160082090000
160082100000
160082110000
160082120000
160082130000
160082140000
160082150000
160082160000
160082170000
160082180000
160082190000
160082200000
160082210000
160082220000
160082230000
160082240000
160082250000
160082260000
160082270000
160082280000
160082290000
160082300000
160082310000
160082320000
160082330000
160082350000
160082360000
160082370000
160082380000
160082390000
160082400000
160082410000
160082420000
160082430000
160082440000
160082450000
160082460000
160082470000
160082480000
160082490000
160082500000
160082510000
160082520000
160082530000
160082540000
160082550000
160082560000
160082570000
160082580000
160082590000
160082600000
160082610000
160082620000
160082630000
160082640000
160082650000
160082660000
160082670000
160082680000
160082690000
160082700000
160082710000
160082720000
160082730000
160082740000
160082750000
160082760000
160082770000
160082780000
160082790000
160082800000
160082810000
160082820000
160082830000
160082840000
160082850000
160082860000
160082870000
160082880000
160082890000
160082900000
160082910000
160082920000
160082930000
160082940000
160082950000
160082960000
160082970000
160082980000
160082990000
160083000000
160083010000
160083020000
160083030000
160083040000
160083050000
160083060000
160083070000
160083080000
160083090000
160083100000
160083110000
160083120000
160083130000
160083140000
160083150000
160083160000
160083170000
160083180000
160083190000
160083200000
160083210000
160083220000
160083230000
160083240000
160083250000
160083260000
160090010000
160090020000
160090030000
160090040000
160090050000
160090060000
160090070000
160090080000
160090090000
160090100000
160090110000
160090120000
160090130000
160090140000
160090150000
160090160000
160090170000
160090180000
160090190000
160090200000
160090210000
160090220000
160090230000
160090240000
160090250000
160090260000
160090270000
160090280000
160090290000
160090300000
160090310000
160090320000
160090330000
160090340000
160090350000
160090360000
160090370000
160090380000
160090390000
160090400000
160090410000
160090420000
160090430000
160090440000
160090450000
160090460000
160090470000
160090480000
160090490000
160090500000
160090510000
160090520000
160090530000
160090540000
160090550000
160090560000
160090570000
160090580000
160090590000
160090600000
160090610000
160090620000
160090630000
160090640000
160090650000
160090660000
160090670000
160090680000
160090690000
160090700000
160090710000
160090720000
160090730000
160090740000
160090750000
160090760000
160090770000
160090780000
160090790000
160090800000
160090810000
160090820000
160090830000
160090840000
160090850000
160090860000
160090870000
160090880000
160090890000
160090900000
160090910000
160090920000
160090930000
160090940000
160090950000
160090960000
160090970000
160090980000
160090990000
160091000000
160091010000
160091020000
160091030000
160091040000
160091050000
160091060000
160091070000
160091080000
160091090000
160091100000
160091110000
160091120000
160091130000
160091140000
160091150000
160091160000
160091170000
160091180000
160091190000
160091200000
160091210000
160091220000
160091230000
160091240000
160091250000
160091260000
160091270000
160091280000
160091290000
160091300000
160091310000
160091320000
160091330000
160091340000
160091350000
160091360000
160091370000
160091380000
160091390000
160091400000
160091410000
160091420000
160091430000
160091440000
160091450000
160091460000
160091470000
160091480000
160091490000
160091500000
160091510000
160091520000
160091530000
160091540000
160091550000
160091560000
160091570000
160091580000
160091590000
160091600000
160091610000
160091620000
160091630000
160091640000
160091650000
160091660000
160091670000
160091680000
160091690000
160091700000
160091710000
160091720000
160091730000
160091740000
160091750000
160091760000
160091770000
160091780000
160091790000
160091800000
160091810000
160091820000
160091830000
160091840000
160091850000
160091860000
160091870000
160091880000
160091890000
160091900000
160091910000
160091920000
160091930000
160091940000
160091950000
160091960000
160091970000
160091980000
160091990000
160092000000
160092010000
160092020000
160092030000
160092040000
160092050000
160092060000
160092070000
160092080000
160092090000
160092100000
160092110000
160092120000
160092130000
160092140000
160092150000
160092160000
160092170000
160092180000
160092190000
160092200000
160092210000
160092220000
160092230000
160092240000
160092250000
160092260000
160092270000
160092280000
160092290000
160092300000
160092310000
160092320000
160092330000
160092340000
160092350000
160092360000
160092370000
160092380000
160092390000
160092400000
160092410000
160092420000
160092430000
160092440000
160092450000
160092460000
160092470000
160092480000
160092490000
160092500000
160092510000
160092520000
160092530000
160092540000
160092550000
160092560000
160092570000
160092580000
160092590000
160092600000
160092610000
160092620000
160092630000
160092640000
160092650000
160092660000
160092670000
160092680000
160092690000
160092700000
160092710000
160092720000
160092730000
160092740000
160092750000
160092760000
160092770000
160092780000
160092790000
160092800000
160092810000
160092820000
160092830000
160092840000
160092850000
160092860000
160092870000
160092880000
160092890000
160092900000
160092910000
160092920000
160092930000
160092940000
160092950000
160092960000
160092970000
160092980000
160092990000
160093000000
160093010000
160093020000
160093030000
160093040000
160093050000
160093060000
160093070000
160093080000
160093090000
160093100000
160093110000
160093120000
160093130000
160093140000
160093150000
160093160000
160093170000
160093180000
160093190000
160093200000
160093210000
160093220000
160093230000
160093240000
160093250000
160093260000
160093270000
160093280000
160093290000
160093300000
160093310000
160093320000
160093330000
160093340000
160093350000
160093360000
160093370000
160093380000
160093390000
160093400000
160093410000
160093420000
160093430000
160093440000
160093450000
160093460000
160093470000
160093480000
160093490000
160093500000
160093510000
160093520000
160093530000
160093540000
160093550000
160093560000
160093570000
160093580000
160093590000
160093600000
160093610000
160093620000
160093630000
160093640000
160093650000
160093660000
160093670000
160093680000
160093690000
160093700000
160093710000
160093720000
160093730000
160093740000
160093750000
160093760000
160093770000
160093780000
160093790000
160093800000
160093810000
160093820000
160093830000
160093840000
160093850000
160093860000
160093880000
160093890000
160093900000
160093910000
160093920000
160093930000
160093940000
160093950000
160093960000
160093970000
160093980000
160093990000
160094000000
160094010000
160094020000
160094030000
160094040000
160094050000
160094060000
160094070000
160094080000
160094090000
160094100000
160094110000
160094120000
160094130000
160094140000
160094150000
160094160000
160094170000
160094180000
160094190000
160094200000
160094210000
160100010000
160100020000
160100030000
160100040000
160100050000
160100060000
160100070000
160100080000
160100090000
160100100000
160100110000
160100120000
160100130000
160100140000
160100150000
160100160000
160100170000
160100180000
160100190000
160100200000
160100210000
160100220000
160100230000
160100240000
160100250000
160100260000
160100270000
160100280000
160100290000
160100300000
160100310000
160100320000
160100330000
160100340000
160100350000
160100360000
160100370000
160100380000
160100390000
160100400000
160100410000
160100420000
160100430000
160100440000
160100450000
160100460000
160100470000
160100480000
160100490000
160100500000
160100510000
160100520000
160100530000
160100540000
160100550000
160100560000
160100570000
160100580000
160100590000
160100600000
160100610000
160100620000
160100630000
160100640000
160100650000
160100660000
160100670000
160100680000
160100690000
160100700000
160100710000
160100720000
160100730000
160100740000
160100750000
160100760000
160100770000
160100780000
160100790000
160100800000
160100810000
160100830000
160100840000
160100850000
160100860000
160100870000
160100880000
160100890000
160100900000
160100910000
160100920000
160100930000
160100940000
160100950000
160100960000
160100970000
160100980000
160100990000
160101000000
160101010000
160101020000
160101030000
160101040000
160101050000
160101060000
160101070000
160101080000
160101090000
160101100000
160101110000
160101150000
160101160000
160101170000
160101180000
160101190000
160101200000
160101210000
160101220000
160101230000
160101240000
160101250000
160101260000
160101270000
160101280000
160101290000
160101320000
160101330000
160101340000
160101350000
160101360000
160101370000
160101380000
160101390000
160101400000
160101410000
160101420000
160101430000
160101440000
160101450000
160101460000
160101470000
160101480000
160101490000
160101500000
160101510000
160101520000
160101530000
160101540000
160101550000
160101560000
160101570000
160101580000
160101590000
160101600000
160101610000
160101620000
160101630000
160101640000
160101650000
160101660000
160101670000
160101680000
160101690000
160101700000
160101710000
160101720000
160101730000
160101740000
160101750000
160101760000
160101770000
160101780000
160101790000
160101800000
160101810000
160101820000
160101830000
160101840000
160101850000
160101860000
160101870000
160101880000
160101890000
160101900000
160101910000
160101920000
160101930000
160101940000
160101950000
160101960000
160101970000
160101980000
160101990000
160102000000
160102010000
160102020000
160102030000
160102040000
160102050000
160102060000
160102070000
160102080000
160102090000
160102100000
160102110000
160102120000
160102130000
160102140000
160102150000
160102160000
160102170000
160102180000
160102190000
160102200000
160102210000
160102220000
160102230000
160102240000
160102250000
160102260000
160102270000
160102280000
160102290000
160102300000
160102310000
160102320000
160102330000
160102340000
160102350000
160102360000
160102370000
160102380000
160102390000
160102400000
160102410000
160102420000
160102430000
160102440000
160102450000
160102460000
160102470000
160102480000
160102490000
160102500000
160102510000
160102520000
160102530000
160102540000
160102550000
160102560000
160102570000
160102580000
160102590000
160102600000
160102610000
160102620000
160102630000
160102640000
160102650000
160102660000
160102670000
160102680000
160102690000
160102700000
160102710000
160102720000
160102730000
160102740000
160102750000
160102760000
160102770000
160102780000
160102790000
160102800000
160102810000
160102820000
160102830000
160102840000
160102850000
160102860000
160102870000
160102880000
160102890000
160110010000
160110020000
160110030000
160110040000
160110050000
160110070000
160110080000
160110090000
160110100000
160110110000
160110120000
160110130000
160110140000
160110150000
160110160000
160110170000
160110180000
160110190000
160110200000
160110210000
160110220000
160110230000
160110240000
160110250000
160110260000
160110270000
160110280000
160110290000
160110300000
160110310000
160110320000
160110330000
160110340000
160110350000
160110360000
160110370000
160110380000
160110390000
160110400000
160110410000
160110420000
160110430000
160110440000
160110450000
160110460000
160110470000
160110480000
160110490000
160110500000
160110510000
160110520000
160110530000
160110540000
160110550000
160110560000
160110570000
160110580000
160110590000
160110600000
160110610000
160110620000
160110630000
160110640000
160110650000
160110660000
160110670000
160110680000
160110690000
160110700000
160110710000
160110720000
160110730000
160110740000
160110750000
160110760000
160110770000
160110780000
160110790000
160110800000
160110810000
160110820000
160110830000
160110840000
160110850000
160110860000
160110870000
160110880000
160110890000
160110900000
160110910000
160110920000
160110930000
160110940000
160110950000
160110960000
160110970000
160110980000
160110990000
160111000000
160111010000
160111020000
160111030000
160111040000
160111050000
160111060000
160111070000
160111080000
160111090000
160111100000
160111110000
160111120000
160111130000
160111140000
160111150000
160111160000
160111170000
160111180000
160111190000
160111200000
160111210000
160111220000
160111230000
160111240000
160111250000
160111260000
160111270000
160111280000
160111290000
160111300000
160111310000
160111320000
160111330000
160111340000
160111350000
160111360000
160111370000
160111380000
160111390000
160111400000
160111410000
160111420000
160111430000
160111440000
160111450000
160111460000
160111470000
160111480000
160111490000
160111500000
160111510000
160111520000
160111530000
160111540000
160111550000
160111560000
160111570000
160111580000
160111590000
160111600000
160111610000
160111620000
160111630000
160111640000
160111650000
160111660000
160111670000
160111680000
160111690000
160111700000
160111710000
160111720000
160111730000
160111740000
160111750000
160111760000
160111770000
160111780000
160111790000
160111800000
160111810000
160111820000
160111830000
160111840000
160111850000
160111860000
160111870000
160111880000
160111890000
160111900000
160111910000
160111920000
160111930000
160111940000
160111950000
160111960000
160111970000
160111980000
160111990000
160112000000
160112010000
160112020000
160112030000
160112040000
160112050000
160112060000
160112070000
160112080000
160112090000
160112100000
160112110000
160112120000
160112130000
160112140000
160112150000
160112160000
160112170000
160112180000
160112190000
160112200000
160112210000
160112220000
160112230000
160112240000
160112250000
160112260000
160112270000
160112280000
160112290000
160112300000
160112310000
160112320000
160112330000
160112340000
160112350000
160112360000
160112370000
160112380000
160112390000
160112400000
160112410000
160112420000
160112430000
160112440000
160112450000
160112460000
160112470000
160112480000
160112490000
160112500000
160120010000
160120020000
160120030000
160120040000
160120050000
160120060000
160120070000
160120080000
160120090000
160120100000
160120110000
160120120000
160120130000
160120140000
160120150000
160120160000
160120170000
160120180000
160120190000
160120200000
160120210000
160120220000
160120230000
160120240000
160120250000
160120260000
160120270000
160120280000
160120290000
160120300000
160120310000
160120320000
160120330000
160120340000
160120350000
160120360000
160120370000
160120380000
160120390000
160120400000
160120410000
160120420000
160120430000
160120440000
160120450000
160120460000
160120470000
160120480000
160120490000
160120500000
160120510000
160120520000
160120530000
160120540000
160120550000
160120560000
160120570000
160120580000
160120590000
160120600000
160120610000
160120620000
160120630000
160120640000
160120650000
160120660000
160120670000
160120680000
160120690000
160120700000
160120710000
160120720000
160120730000
160120740000
160120750000
160120760000
160120770000
160120780000
160120790000
160120800000
160120810000
160120820000
160120830000
160120840000
160120850000
160120860000
160120870000
160120880000
160120890000
160120900000
160120910000
160120920000
160120930000
160120940000
160120950000
160120960000
160120970000
160120980000
160120990000
160121000000
160121010000
160121020000
160121030000
160121040000
160121050000
160121060000
160121070000
160121080000
160121090000
160121100000
160121110000
160121120000
160121130000
160121140000
160121150000
160121160000
160121170000
160121180000
160121190000
160121200000
160121210000
160121220000
160121230000
160121240000
160121250000
160121260000
160121270000
160121280000
160121290000
160121300000
160121310000
160121320000
160121330000
160121340000
160121350000
160121360000
160121370000
160121380000
160121390000
160121400000
160121410000
160121420000
160121430000
160121440000
160121450000
160121460000
160121470000
160121480000
160121490000
160121500000
160121510000
160121520000
160121530000
160121540000
160121550000
160121560000
160121570000
160121580000
160121590000
160121600000
160121610000
160121620000
160121630000
160121640000
160121650000
160121660000
160121670000
160121680000
160121690000
160121700000
160121710000
160121720000
160121730000
160121740000
160121750000
160121760000
160121770000
160121780000
160121790000
160121800000
160121810000
160121820000
160121830000
160121840000
160121850000
160121860000
160121870000
160121880000
160121890000
160121900000
160121910000
160121920000
160121930000
160121940000
160121950000
160121960000
160121970000
160121980000
160121990000
160122000000
160122010000
160122020000
160122030000
160122040000
160122050000
160122060000
160122070000
160122080000
160122090000
160122100000
160122110000
160122120000
160122130000
160122140000
160122150000
160122160000
160122170000
160122180000
160122190000
160122200000
160122210000
160122220000
160122230000
160122240000
160122250000
160122260000
160122270000
160122280000
160122290000
160122300000
160122310000
160122320000
160122330000
160122340000
160122350000
160122360000
160122370000
160122380000
160122390000
160122400000
160130010000
160130020000
160130030000
160130040000
160130050000
160130060000
160130070000
160130080000
160130090000
160130100000
160130110000
160130120000
160130130000
160130140000
160130150000
160130160000
160130170000
160130180000
160130190000
160130200000
160130210000
160130220000
160130230000
160130240000
160130250000
160130260000
160130270000
160130280000
160130290000
160130300000
160130310000
160130320000
160130330000
160130340000
160130350000
160130360000
160130370000
160130380000
160130390000
160130400000
160130410000
160130420000
160130430000
160130440000
160130450000
160130460000
160130470000
160130480000
160130490000
160130500000
160130510000
160130520000
160130530000
160130540000
160130550000
160130560000
160130570000
160130580000
160130590000
160130600000
160130610000
160130620000
160130630000
160130640000
160130650000
160130660000
160130670000
160130680000
160130690000
160130700000
160130710000
160130720000
160130730000
160130740000
160130750000
160130760000
160130770000
160130780000
160130790000
160130800000
160130810000
160140010000
160140020000
160140030000
160140040000
160140050000
160140060000
160140070000
160140080000
160140090000
160140100000
160140110000
160140120000
160140130000
160140140000
160140150000
160140160000
160140170000
160140180000
160140190000
160140200000
160140210000
160140220000
160140230000
160140240000
160140250000
160140260000
160140270000
160140280000
160140290000
160140300000
160140310000
160140320000
160140330000
160140340000
160140350000
160140360000
160140370000
160140380000
160140390000
160140400000
160140410000
160140420000
160140430000
160140440000
160140450000
160140460000
160140470000
160140480000
160140490000
160140500000
160140510000
160140520000
160140530000
160140540000
160140550000
160140560000
160140570000
160140580000
160140590000
160140600000
160140610000
160140620000
160140630000
160140640000
160140650000
160140660000
160140670000
160140680000
160140690000
160140700000
160140710000
160140720000
160140730000
160140740000
160140750000
160140760000
160140770000
160140780000
160140790000
160140800000
160140810000
160140820000
160140830000
160140840000
160140850000
160140860000
160140870000
160140880000
160140890000
160140900000
160150010000
160150020000
160150030000
160150040000
160150050000
160150060000
160150070000
160150080000
160150090000
160150100000
160150110000
160150120000
160150130000
160150140000
160150150000
160150160000
160150170000
160150180000
160150190000
160150200000
160150210000
160150220000
160150230000
160150240000
160150250000
160150260000
160150270000
160150280000
160150290000
160150300000
160150310000
160150320000
160150330000
160150340000
160150350000
160150360000
160150370000
160150380000
160150390000
160150400000
160150410000
160150420000
160150430000
160150440000
160150450000
160150460000
160150470000
160150480000
160150490000
160150500000
160150510000
160150520000
160150530000
160150540000
160150550000
160150560000
160150570000
160150580000
160150590000
160150600000
160150610000
160150620000
160150630000
160150640000
160150650000
160150660000
160150670000
160150680000
160150690000
160150700000
160150710000
160150720000
160150730000
160150740000
160150750000
160150760000
160150770000
160150780000
160150790000
160150800000
160150810000
160150820000
160150830000
160150840000
160150850000
160150860000
160150870000
160150880000
160150890000
160150900000
160160010000
160160020000
160160030000
160160040000
160160050000
160160060000
160160070000
160160080000
160160090000
160160100000
160160110000
160160120000
160160130000
160160140000
160160150000
160160160000
160160170000
160160180000
160160190000
160160200000
160160210000
160160220000
160160230000
160160240000
160160250000
160160260000
160160270000
160160280000
160160290000
160160300000
160160310000
160160320000
160160330000
160160340000
160160350000
160160360000
160160370000
160160380000
160160390000
160160400000
160160410000
160160420000
160160430000
160160440000
160160450000
160160460000
160160470000
160160480000
160160490000
160160500000
160160510000
160160520000
160160530000
160160540000
160160550000
160160560000
160160570000
160160580000
160160590000
160160600000
160160610000
160160620000
160160630000
160160640000
160160650000
160160660000
160160670000
160160680000
160160690000
160160700000
160160710000
160160720000
160160730000
160160740000
160160750000
160160760000
160160770000
160160780000
160160790000
160160800000
160160810000
160160820000
160160830000
160160840000
160160850000
160160860000
160160870000
160160880000
160160890000
160160900000
160170010000
160170020000
160170030000
160170040000
160170050000
160170060000
160170070000
160170080000
160170090000
160170100000
160170110000
160170120000
160170130000
160170140000
160170150000
160170160000
160170170000
160170180000
160170190000
160170200000
160170210000
160170220000
160170230000
160170240000
160170250000
160170260000
160170270000
160170280000
160170290000
160170300000
160170310000
160170320000
160170330000
160170340000
160170350000
160170360000
160170370000
160170380000
160170390000
160170400000
160170410000
160170420000
160170430000
160170440000
160170450000
160170460000
160170470000
160170480000
160170490000
160170500000
160170510000
160170520000
160170530000
160170540000
160170550000
160170560000
160170570000
160170580000
160170590000
160170600000
160170610000
160170620000
160170630000
160170640000
160170650000
160170660000
160170670000
160170680000
160170690000
160170700000
160170710000
160170720000
160170730000
160170740000
160170750000
160170760000
160170770000
160170780000
160170790000
160170800000
160170810000
160170820000
160170830000
160170840000
160170850000
160170860000
160170870000
160170880000
160170890000
160170900000
160180010000
160180020000
160180030000
160180040000
160180050000
160180060000
160180070000
160180080000
160180090000
160180100000
160180110000
160180120000
160180130000
160180140000
160180150000
160180160000
160180170000
160180180000
160180190000
160180200000
160180210000
160180220000
160180230000
160180240000
160180250000
160180260000
160180270000
160180280000
160180290000
160180300000
160180310000
160180320000
160180330000
160180340000
160180350000
160180360000
160180370000
160180380000
160180390000
160180400000
160180410000
160180420000
160180430000
160180440000
160180450000
160180460000
160180470000
160180480000
160180490000
160180500000
160180510000
160180520000
160180530000
160180540000
160180550000
160180560000
160180570000
160180580000
160180590000
160180600000
160180610000
160180620000
160180630000
160180640000
160180650000
160180660000
160180670000
160180680000
160180690000
160180700000
160180710000
160180720000
160180730000
160180740000
160180750000
160180760000
160180770000
160180780000
160180790000
160180800000
160180810000
160180820000
160180830000
160180840000
160180850000
160180860000
160180870000
160180880000
160180890000
160180900000
160180910000
160180920000
160180930000
160180940000
160180950000
160180960000
160180970000
160180980000
160180990000
160181000000
160181010000
160181020000
160181030000
160190010000
160190020000
160190030000
160190040000
160190050000
160190060000
160190070000
160190080000
160190090000
160190100000
160190110000
160190120000
160190130000
160190140000
160190150000
160190160000
160190170000
160190180000
160190190000
160190200000
160190210000
160190220000
160190230000
160190240000
160190250000
160190260000
160190270000
160190280000
160190290000
160190300000
160190310000
160190320000
160190330000
160190340000
160190350000
160190360000
160190370000
160190380000
160190390000
160190400000
160190410000
160190420000
160190430000
160190440000
160190450000
160190460000
160190470000
160190480000
160190490000
160190500000
160190510000
160190520000
160190530000
160190540000
160190550000
160190560000
160190570000
160190580000
160190590000
160190600000
160190610000
160190620000
160190630000
160190640000
160190650000
160190660000
160190670000
160190680000
160190690000
160190700000
160190710000
160190720000
160190730000
160190740000
160190750000
160190760000
160190770000
160190780000
160190790000
160190800000
160190810000
160190820000
160190830000
160190840000
160190850000
160190860000
160190870000
160190880000
160190890000
160190900000
160200010000
160200020000
160200030000
160200040000
160200050000
160200060000
160200070000
160200080000
160200090000
160200100000
160200110000
160200120000
160200130000
160200140000
160200150000
160200160000
160200170000
160200180000
160200190000
160200200000
160200210000
160200220000
160200230000
160200240000
160200250000
160200260000
160200270000
160200280000
160200290000
160200300000
160200310000
160200320000
160200330000
160200340000
160200350000
160200360000
160200370000
160200380000
160200390000
160200400000
160200410000
160200420000
160200430000
160200440000
160200450000
160200460000
160200470000
160200480000
160200490000
160200500000
160200510000
160200520000
160200530000
160200540000
160200550000
160200560000
160200570000
160200590000
160200600000
160200610000
160200620000
160200630000
160200640000
160200650000
160200660000
160200670000
160200680000
160200690000
160200700000
160200710000
160200720000
160200730000
160200740000
160200750000
160200760000
160200770000
160200780000
160200790000
160200800000
160200810000
160200820000
160200830000
160200840000
160200850000
160200860000
160200870000
160200880000
160200890000
160200900000
160210010000
160210020000
160210030000
160210040000
160210050000
160210060000
160210070000
160210080000
160210090000
160210100000
160210110000
160210120000
160210130000
160210140000
160210150000
160210160000
160210170000
160210180000
160210190000
160210200000
160210210000
160210220000
160210230000
160210240000
160210250000
160210260000
160210270000
160210280000
160210290000
160210300000
160210310000
160210320000
160210330000
160210340000
160210350000
160210360000
160210370000
160210380000
160210390000
160210400000
160210410000
160210420000
160210430000
160210440000
160210450000
160210460000
160210470000
160210480000
160210490000
160210500000
160210510000
160210520000
160210530000
160210540000
160210550000
160210560000
160210570000
160210580000
160210590000
160210600000
160210610000
160210620000
160210630000
160210640000
160210650000
160210660000
160210670000
160210680000
160210690000
160210700000
160210710000
160210720000
160210730000
160210740000
160210750000
160210760000
160210770000
160210780000
160210790000
160210800000
160210810000
160210820000
160210830000
160210840000
160210850000
160210860000
160210870000
160210880000
160210890000
160210900000
160220010000
160220020000
160220030000
160220040000
160220050000
160220060000
160220070000
160220080000
160220090000
160220100000
160220110000
160220120000
160220130000
160220140000
160220150000
160220160000
160220170000
160220180000
160220190000
160220200000
160220210000
160220220000
160220230000
160220240000
160220250000
160220260000
160220270000
160220280000
160220290000
160220300000
160220310000
160220320000
160220330000
160220340000
160220350000
160220360000
160220370000
160220380000
160220390000
160220400000
160220410000
160220420000
160220430000
160220440000
160220450000
160220460000
160220470000
160220480000
160220490000
160220500000
160220510000
160220520000
160220530000
160220540000
160220550000
160220560000
160220570000
160220580000
160220590000
160220600000
160220610000
160220620000
160220630000
160220640000
160220650000
160220660000
160220670000
160220680000
160220690000
160220700000
160220710000
160220720000
160220730000
160220740000
160220750000
160220760000
160220770000
160220780000
160220790000
160220800000
160220810000
160220820000
160220830000
160220840000
160220850000
160220860000
160220870000
160220880000
160220890000
160220900000
160220910000
160220920000
160220930000
160220940000
160220950000
160220960000
160220970000
160220980000
160220990000
160221000000
160221010000
160221020000
160221030000
160221040000
160221050000
160221060000
160221070000
160221080000
160221090000
160221100000
160221110000
160221120000
160221130000
160221140000
160221150000
160221160000
160221170000
160221180000
160230010000
160230020000
160230030000
160230040000
160230050000
160230060000
160230070000
160230080000
160230090000
160230100000
160230110000
160230120000
160230130000
160230140000
160230150000
160230160000
160230170000
160230180000
160230190000
160230200000
160230210000
160230220000
160230230000
160230240000
160230250000
160230260000
160230270000
160230280000
160230290000
160230300000
160230310000
160230320000
160230330000
160230340000
160230350000
160230360000
160230370000
160230380000
160230390000
160230400000
160230410000
160230420000
160230430000
160230440000
160230450000
160230460000
160230470000
160230480000
160230490000
160230500000
160230510000
160230520000
160230530000
160230540000
160230550000
160230560000
160230570000
160230580000
160230590000
160230600000
160230610000
160230620000
160230630000
160230640000
160230650000
160230660000
160230670000
160230680000
160230690000
160230700000
160230710000
160230720000
160230730000
160230740000
160230750000
160230760000
160230770000
160230780000
160230790000
160230800000
160230810000
160230820000
160230830000
160230840000
160230850000
160230870000
160230880000
160230890000
160230900000
160230910000
160230920000
160230930000
160230940000
160230950000
160230960000
160230970000
160240010000
160240020000
160240030000
160240040000
160240050000
160240060000
160240070000
160240080000
160240090000
160240100000
160240110000
160240120000
160240130000
160240140000
160240150000
160240160000
160240170000
160240180000
160240190000
160240200000
160240210000
160240220000
160240230000
160240240000
160240250000
160240260000
160240270000
160240280000
160240290000
160240300000
160240310000
160240320000
160240330000
160240340000
160240350000
160240360000
160240370000
160240380000
160240390000
160240400000
160240410000
160240420000
160240430000
160240440000
160240450000
160240460000
160240470000
160240480000
160240490000
160240500000
160240510000
160240520000
160240530000
160240540000
160240550000
160240560000
160240570000
160240580000
160240590000
160240600000
160240610000
160240620000
160240630000
160240640000
160240650000
160240660000
160240670000
160240680000
160240690000
160240700000
160240710000
160240720000
160250010000
160250020000
160250030000
160250040000
160250050000
160250060000
160250070000
160250080000
160250090000
160250100000
160250110000
160250120000
160250130000
160250140000
160250150000
160250160000
160250170000
160250180000
160250190000
160250200000
160250210000
160250220000
160250230000
160250240000
160250250000
160250260000
160250270000
160250280000
160250290000
160250300000
160250310000
160250320000
160250330000
160250340000
160250350000
160250360000
160250370000
160250380000
160250390000
160250400000
160250410000
160250420000
160250430000
160250440000
160250450000
160250460000
160250470000
160250480000
160250490000
160250500000
160250510000
160250520000
160250530000
160250540000
160250550000
160250560000
160250570000
160250580000
160250590000
160250600000
160250610000
160250620000
160250630000
160250640000
160250650000
160250660000
160250670000
160250680000
160250690000
160250700000
160250710000
160250720000
160260010000
160260020000
160260030000
160260040000
160260050000
160260060000
160260070000
160260080000
160260090000
160260100000
160260110000
160260120000
160260130000
160260140000
160260150000
160260160000
160260170000
160260180000
160260190000
160260200000
160260210000
160260220000
160260230000
160260240000
160260250000
160260260000
160260270000
160260280000
160260290000
160260300000
160260310000
160260320000
160260330000
160260340000
160260350000
160260360000
160260370000
160260380000
160260390000
160260400000
160260410000
160260420000
160260430000
160260440000
160260450000
160260460000
160260470000
160260480000
160260490000
160260500000
160260510000
160260520000
160260530000
160260540000
160260550000
160260560000
160260570000
160260580000
160260590000
160260600000
160260610000
160260620000
160260630000
160260640000
160260650000
160260660000
160260670000
160260680000
160260690000
160260700000
160260710000
160260720000
160270010000
160270020000
160270030000
160270040000
160270050000
160270060000
160270070000
160270080000
160270090000
160270100000
160270110000
160270120000
160270130000
160270140000
160270150000
160270160000
160270170000
160270180000
160270190000
160270200000
160270210000
160270220000
160270230000
160270240000
160270250000
160270260000
160270270000
160270280000
160270290000
160270300000
160270310000
160270320000
160270330000
160270340000
160270350000
160270360000
160270370000
160270380000
160270390000
160270400000
160270410000
160270420000
160270430000
160270440000
160270450000
160270460000
160270470000
160270480000
160270490000
160270500000
160270510000
160270520000
160270530000
160270540000
160270550000
160270560000
160270570000
160270580000
160270590000
160270600000
160270610000
160270620000
160270630000
160270640000
160270650000
160270660000
160270670000
160270680000
160270690000
160270700000
160270710000
160270720000
160280010000
160280020000
160280030000
160280040000
160280050000
160280060000
160280070000
160280080000
160280090000
160280100000
160280110000
160280120000
160280130000
160280140000
160280150000
160280160000
160280170000
160280180000
160280190000
160280200000
160280210000
160280220000
160280230000
160280240000
160280250000
160280260000
160280270000
160280280000
160280290000
160280300000
160280310000
160280320000
160280330000
160280340000
160280350000
160280360000
160280370000
160280380000
160280390000
160280400000
160280410000
160280420000
160280430000
160280440000
160280450000
160280460000
160280470000
160280480000
160280490000
160280500000
160280510000
160280520000
160280530000
160280540000
160280550000
160280560000
160280570000
160280580000
160280590000
160280600000
160280610000
160280620000
160280630000
160280640000
160280650000
160280660000
160280670000
160280680000
160280690000
160280710000
160280720000
160290010000
160290020000
160290030000
160290040000
160290050000
160290060000
160290070000
160290090000
160290100000
160290110000
160290120000
160290130000
160290140000
160290150000
160290160000
160290170000
160290180000
160290190000
160290200000
160290210000
160290220000
160290230000
160290240000
160290250000
160290260000
160290270000
160290280000
160290290000
160290300000
160290310000
160290320000
160290330000
160290340000
160290350000
160290360000
160290370000
160290380000
160290390000
160290400000
160290410000
160290420000
160290430000
160290440000
160290450000
160290460000
160290470000
160290480000
160290490000
160290500000
160290510000
160290520000
160290530000
160290540000
160290550000
160290560000
160290570000
160290580000
160290590000
160290600000
160290610000
160290620000
160290630000
160290640000
160290650000
160290660000
160290670000
160290680000
160290690000
160290700000
160290710000
160290720000
160300010000
160300020000
160300030000
160300040000
160300050000
160300060000
160300070000
160300080000
160300090000
160300100000
160300110000
160300120000
160300130000
160300140000
160300150000
160300160000
160300170000
160300180000
160300190000
160300200000
160300210000
160300220000
160300230000
160300240000
160300250000
160300260000
160300270000
160300280000
160300290000
160300300000
160300310000
160300320000
160300330000
160300340000
160300350000
160300360000
160300370000
160300380000
160300390000
160300400000
160300410000
160300420000
160300430000
160300440000
160300450000
160300460000
160300470000
160300480000
160300490000
160300500000
160300510000
160300520000
160300530000
160300540000
160300550000
160300560000
160300570000
160300580000
160300590000
160300600000
160300610000
160300620000
160300630000
160300640000
160300650000
160300660000
160300670000
160300680000
160300690000
160300700000
160300710000
160300720000
160310010000
160310020000
160310030000
160310040000
160310050000
160310060000
160310070000
160310080000
160310090000
160310100000
160310110000
160310120000
160310130000
160310140000
160310150000
160310160000
160310170000
160310180000
160310190000
160310200000
160310210000
160310220000
160310230000
160310240000
160310250000
160310260000
160310270000
160310280000
160310290000
160310300000
160310310000
160310320000
160310330000
160310340000
160310350000
160310360000
160310370000
160310380000
160310390000
160310400000
160310410000
160310420000
160310430000
160310440000
160310450000
160310460000
160310470000
160310480000
160310490000
160310500000
160310510000
160310520000
160310530000
160310540000
160310550000
160310560000
160310570000
160310580000
160310590000
160310600000
160310610000
160310620000
160310630000
160310640000
160310650000
160310660000
160310670000
160310680000
160310690000
160310700000
160310710000
160310720000
160320010000
160320020000
160320030000
160320040000
160320050000
160320060000
160320070000
160320080000
160320090000
160320100000
160320110000
160320120000
160320130000
160320140000
160320150000
160320160000
160320170000
160320180000
160320190000
160320200000
160320210000
160320220000
160320230000
160320240000
160320250000
160320260000
160320270000
160320280000
160320290000
160320300000
160320310000
160320320000
160320330000
160320340000
160320350000
160320360000
160320370000
160320380000
160320390000
160320400000
160320410000
160320420000
160320430000
160320440000
160320450000
160320460000
160320470000
160320480000
160320490000
160320500000
160320510000
160320520000
160320530000
160320540000
160320550000
160320560000
160320570000
160320580000
160320590000
160320600000
160320610000
160320620000
160320630000
160320640000
160320650000
160320660000
160320670000
160320680000
160320690000
160320700000
160320710000
160320720000
160320730000
160320740000
160320750000
160320760000
160320770000
160320780000
160320790000
160320800000
160320810000
160320820000
160320830000
160320840000
160320850000
160330010000
160330020000
160330030000
160330040000
160330050000
160330060000
160330070000
160330080000
160330090000
160330100000
160330110000
160330120000
160330130000
160330140000
160330150000
160330160000
160330170000
160330180000
160330190000
160330200000
160330210000
160330220000
160330230000
160330240000
160330250000
160330260000
160330270000
160330280000
160330290000
160330300000
160330310000
160330320000
160330330000
160330340000
160330350000
160330360000
160330370000
160330380000
160330390000
160330400000
160330430000
160330440000
160330450000
160330460000
160330470000
160330480000
160330490000
160340010000
160340020000
160340030000
160340040000
160340050000
160340060000
160340070000
160340080000
160340090000
160340100000
160340110000
160340120000
160340130000
160340140000
160340150000
160340160000
160340170000
160340180000
160340190000
160340200000
160340210000
160340220000
160340230000
160340240000
160340250000
160340260000
160340270000
160340280000
160340290000
160340300000
160340310000
160340320000
160340330000
160340340000
160340350000
160340360000
160340370000
160340380000
160340390000
160340400000
160340410000
160340420000
160340430000
160340440000
160340450000
160340460000
160340470000
160340480000
160340490000
160340500000
160340510000
160340520000
160340530000
160340540000
160340550000
160340560000
160340570000
160340580000
160340590000
160340600000
160340610000
160340620000
160340630000
160340640000
160340650000
160340660000
160340670000
160340680000
160340690000
160340700000
160340710000
160340720000
160350010000
160350020000
160350030000
160350040000
160350050000
160350060000
160350070000
160350080000
160350090000
160350100000
160350110000
160350120000
160350130000
160350140000
160350150000
160350160000
160350170000
160350180000
160350190000
160350200000
160350210000
160350220000
160350230000
160350240000
160350250000
160350260000
160350270000
160350280000
160350290000
160350300000
160350310000
160350320000
160350330000
160350340000
160350350000
160350360000
160350370000
160350380000
160350390000
160350400000
160350410000
160350420000
160350430000
160350440000
160350450000
160350460000
160350470000
160350480000
160350490000
160350500000
160350510000
160350520000
160350530000
160350540000
160350550000
160350560000
160350570000
160350580000
160350590000
160350600000
160350610000
160350620000
160350630000
160350640000
160350650000
160350660000
160350670000
160350680000
160350690000
160350700000
160350710000
160350720000
160360010000
160360020000
160360030000
160360040000
160360050000
160360060000
160360070000
160360080000
160360090000
160360100000
160360110000
160360120000
160360130000
160360140000
160360150000
160360160000
160360170000
160360180000
160360190000
160360200000
160360210000
160360220000
160360230000
160360240000
160360250000
160360260000
160360270000
160360280000
160360290000
160360300000
160360310000
160360320000
160360330000
160360340000
160360350000
160360360000
160360370000
160360380000
160360390000
160360400000
160360410000
160360420000
160360430000
160360450000
160360460000
160360470000
160360480000
160360490000
160360500000
160360510000
160360520000
160360530000
160360540000
160360550000
160360560000
160360570000
160360580000
160360590000
160360600000
160360610000
160360620000
160360630000
160360640000
160360650000
160360660000
160360670000
160360680000
160360690000
160360700000
160360710000
160360720000
160370010000
160370020000
160370030000
160370040000
160370050000
160370060000
160370070000
160370080000
160370090000
160370100000
160370110000
160370120000
160370130000
160370140000
160370150000
160370160000
160370170000
160370180000
160370190000
160370200000
160370210000
160370220000
160370230000
160370240000
160370250000
160370260000
160370270000
160370280000
160370290000
160370300000
160370310000
160370320000
160370330000
160370340000
160370350000
160370360000
160370370000
160370380000
160370390000
160370400000
160370410000
160370420000
160370430000
160370440000
160370450000
160370460000
160370470000
160370480000
160370490000
160370500000
160370510000
160370520000
160370530000
160370540000
160370550000
160370560000
160370570000
160370580000
160370590000
160370600000
160370610000
160370620000
160370630000
160370640000
160370650000
160370660000
160370670000
160370680000
160370690000
160370700000
160370710000
160370720000
160380010000
160380020000
160380030000
160380040000
160380050000
160380060000
160380070000
160380080000
160380090000
160380100000
160380110000
160380120000
160380130000
160380140000
160380150000
160380160000
160380170000
160380180000
160380190000
160380200000
160380210000
160380220000
160380230000
160380240000
160380250000
160380260000
160380270000
160380280000
160380290000
160380300000
160380310000
160380320000
160380330000
160380340000
160380350000
160380360000
160380370000
160380380000
160380390000
160380400000
160380410000
160380420000
160380430000
160380440000
160380450000
160380460000
160380470000
160380480000
160380490000
160380500000
160380510000
160380520000
160380530000
160380540000
160380550000
160380560000
160380570000
160380580000
160380590000
160380600000
160380610000
160380620000
160380630000
160380640000
160380650000
160380660000
160380670000
160380680000
160380690000
160380700000
160380710000
160380720000
160390010000
160390020000
160390030000
160390040000
160390050000
160390060000
160390070000
160390080000
160390090000
160390100000
160390110000
160390120000
160390130000
160390140000
160390150000
160390160000
160390170000
160390180000
160390190000
160390200000
160390210000
160390220000
160390230000
160390240000
160390250000
160390260000
160390270000
160390280000
160390290000
160390300000
160390310000
160390320000
160390330000
160390340000
160390350000
160390360000
160390370000
160390380000
160390390000
160390400000
160390410000
160390420000
160390430000
160390440000
160390450000
160390460000
160390470000
160390480000
160390490000
160390500000
160390510000
160390520000
160390530000
160390540000
160390550000
160390560000
160390570000
160390580000
160390590000
160390600000
160390610000
160390620000
160390630000
160390640000
160390650000
160390660000
160390670000
160390680000
160390690000
160390700000
160390710000
160390720000
160390730000
160390740000
160390750000
160390760000
160390770000
160390780000
160390790000
160390800000
160390810000
160390820000
160390830000
160390840000
160390850000
160400010000
160400020000
160400030000
160400040000
160400050000
160400060000
160400070000
160400080000
160400090000
160400100000
160400110000
160400120000
160400130000
160400140000
160400150000
160400160000
160400170000
160400180000
160400190000
160400200000
160400210000
160400220000
160400230000
160400240000
160400250000
160400260000
160400270000
160400280000
160400290000
160400300000
160400310000
160400320000
160400330000
160400340000
160400350000
160400360000
160400370000
160400380000
160400390000
160400400000
160400410000
160400420000
160400430000
160400440000
160400450000
160400460000
160400470000
160400480000
160400490000
160400500000
160400510000
160400520000
160400530000
160400540000
160400550000
160400560000
160400570000
160400580000
160400590000
160400600000
160400610000
160400620000
160400630000
160400640000
160400650000
160400660000
160400670000
160400680000
160400690000
160400700000
160400710000
160400720000
160410010000
160410020000
160410030000
160410040000
160410050000
160410060000
160410070000
160410080000
160410090000
160410100000
160410110000
160410120000
160410130000
160410140000
160410150000
160410160000
160410170000
160410180000
160410190000
160410200000
160410210000
160410220000
160410230000
160410240000
160410250000
160410260000
160410270000
160410280000
160410290000
160410300000
160410310000
160410320000
160410330000
160410340000
160410350000
160410360000
160410370000
160410380000
160410390000
160410400000
160410410000
160410420000
160410430000
160410440000
160410450000
160410460000
160410470000
160410480000
160410490000
160410500000
160410510000
160410520000
160410530000
160410540000
160410550000
160410560000
160410570000
160410580000
160410590000
160410600000
160410610000
160410620000
160410630000
160410640000
160410650000
160410660000
160410670000
160410680000
160410690000
160410700000
160410710000
160410720000
160410730000
160410740000
160410750000
160410760000
160410770000
160410780000
160410790000
160410800000
160410810000
160410820000
160410830000
160410840000
160410850000
160420010000
160420020000
160420030000
160420040000
160420050000
160420060000
160420070000
160420080000
160420090000
160420100000
160420110000
160420120000
160420130000
160420140000
160420150000
160420160000
160420170000
160420180000
160420190000
160420200000
160420210000
160420220000
160420230000
160420240000
160420250000
160420260000
160420270000
160420280000
160420290000
160420300000
160420310000
160420320000
160420330000
160420340000
160420350000
160420360000
160420370000
160420380000
160420390000
160420400000
160420410000
160420420000
160420430000
160420440000
160420450000
160420460000
160420470000
160420480000
160420490000
160420500000
160420510000
160420520000
160420530000
160420540000
160420550000
160420560000
160420570000
160420580000
160420590000
160420600000
160420610000
160420620000
160420630000
160420640000
160420650000
160420660000
160420670000
160420680000
160420690000
160420700000
160420710000
160420720000
160430010000
160430020000
160430030000
160430040000
160430050000
160430060000
160430070000
160430080000
160430090000
160430100000
160430110000
160430120000
160430130000
160430140000
160430150000
160430160000
160430170000
160430180000
160430190000
160430200000
160430210000
160430220000
160430230000
160430240000
160430250000
160430260000
160430270000
160430280000
160430290000
160430300000
160430310000
160430320000
160430330000
160430340000
160430350000
160430360000
160430370000
160430380000
160430390000
160430400000
160430410000
160430420000
160430430000
160430440000
160430450000
160430460000
160430470000
160430480000
160430490000
160430500000
160430510000
160430520000
160430530000
160430540000
160430550000
160430560000
160430570000
160430580000
160430590000
160430600000
160430610000
160430620000
160430630000
160430640000
160430650000
160430660000
160430670000
160430680000
160430690000
160430700000
160430710000
160430720000
160430730000
160430740000
160430750000
160430760000
160430770000
160430780000
160430790000
160430800000
160430810000
160430820000
160430830000
160430840000
160430850000
160430860000
160430870000
160430880000
160430890000
160430900000
160430910000
160430920000
160430930000
160430940000
160430950000
160430960000
160440010000
160440020000
160440030000
160440040000
160440050000
160440060000
160440070000
160440080000
160440090000
160440100000
160440110000
160440120000
160440130000
160440140000
160440150000
160440160000
160440170000
160440180000
160440190000
160440200000
160440210000
160440220000
160440230000
160440240000
160440250000
160440260000
160440270000
160440280000
160440290000
160440300000
160440310000
160440320000
160440330000
160440340000
160440350000
160440360000
160440370000
160440380000
160440390000
160440400000
160440410000
160440420000
160440430000
160440440000
160440450000
160440460000
160440470000
160440480000
160440490000
160440500000
160440510000
160440520000
160440530000
160440540000
160440550000
160440560000
160440570000
160440580000
160440590000
160440600000
160440610000
160440620000
160440630000
160440640000
160440650000
160440660000
160440670000
160440680000
160440690000
160440700000
160440710000
160440720000
160440730000
160440740000
160440750000
160440760000
160440770000
160440780000
160440790000
160440800000
160440810000
160440820000
160440830000
160440840000
160440850000
160440860000
160440870000
160440880000
160440890000
160440900000
160440910000
160440920000
160440930000
160440940000
160440950000
160440960000
160440970000
160440980000
160440990000
160441000000
160441010000
160441020000
160441030000
160441040000
160441050000
160441060000
160441070000
160441080000
160441090000
160441100000
160441110000
160441120000
160441130000
160441140000
160441150000
160441160000
160441170000
160441180000
160441190000
160441200000
160441210000
160441220000
160441230000
160441240000
160450010000
160450020000
160450030000
160450040000
160450060000
160450070000
160450080000
160450090000
160450100000
160450110000
160450120000
160450130000
160450140000
160450150000
160450160000
160450170000
160450180000
160450190000
160450200000
160450210000
160450220000
160450230000
160450240000
160450250000
160450260000
160450270000
160450280000
160450290000
160450300000
160450310000
160450320000
160450330000
160450340000
160450350000
160450360000
160450370000
160450380000
160450390000
160450400000
160450410000
160450420000
160450430000
160450440000
160450450000
160450460000
160450470000
160450480000
160450490000
160450500000
160450510000
160450520000
160450530000
160450540000
160450550000
160450560000
160450570000
160450580000
160450590000
160450600000
160450610000
160450620000
160450630000
160450640000
160450650000
160450660000
160450670000
160450680000
160450690000
160450700000
160450710000
160450720000
160450730000
160450740000
160450750000
160450760000
160450770000
160450780000
160450790000
160450800000
160450810000
160450820000
160450830000
160450840000
160450850000
160450860000
160450870000
160450880000
160450890000
160450900000
160460010000
160460020000
160460030000
160460040000
160460050000
160460060000
160460070000
160460080000
160460090000
160460100000
160460110000
160460120000
160460130000
160460140000
160460150000
160460160000
160460170000
160460180000
160460190000
160460200000
160460210000
160460220000
160460230000
160460240000
160460250000
160460260000
160460270000
160460280000
160460290000
160460300000
160460310000
160460320000
160460330000
160460340000
160460350000
160460360000
160460370000
160460380000
160460390000
160460400000
160460410000
160460420000
160460430000
160460440000
160460450000
160460460000
160460470000
160460480000
160460490000
160460500000
160460510000
160460520000
160460530000
160460540000
160460550000
160460560000
160460570000
160460580000
160460590000
160460600000
160460610000
160460620000
160460630000
160460640000
160460650000
160460660000
160460670000
160460680000
160460690000
160460700000
160460710000
160460720000
160460730000
160460740000
160460750000
160460760000
160460770000
160460780000
160460790000
160460800000
160460810000
160460820000
160460830000
160460840000
160460850000
160460860000
160460870000
160460880000
160460890000
160460900000
160460910000
160460920000
160460930000
160460940000
160460950000
160460960000
160460970000
160460980000
160460990000
160461000000
160461010000
160461020000
160461030000
160470010000
160470020000
160470030000
160470040000
160470050000
160470060000
160470070000
160470080000
160470090000
160470100000
160470110000
160470120000
160470130000
160470140000
160470150000
160470160000
160470170000
160470180000
160470190000
160470200000
160470210000
160470220000
160470230000
160470240000
160470250000
160470260000
160470270000
160470280000
160470290000
160470300000
160470310000
160470320000
160470330000
160470340000
160470350000
160470360000
160470370000
160470380000
160470390000
160470400000
160470410000
160470420000
160470430000
160470440000
160470450000
160470460000
160470470000
160470480000
160470490000
160470500000
160470510000
160470520000
160470530000
160470540000
160470550000
160470560000
160470570000
160470580000
160470590000
160470600000
160470610000
160470620000
160470630000
160470640000
160470650000
160470660000
160470670000
160470680000
160470690000
160470700000
160470710000
160470720000
160470730000
160470740000
160470750000
160470760000
160470770000
160470780000
160470790000
160470800000
160470810000
160470820000
160470830000
160470840000
160470850000
160470860000
160470870000
160470880000
160470890000
160470900000
160480010000
160480020000
160480030000
160480040000
160480050000
160480060000
160480070000
160480080000
160480090000
160480100000
160480110000
160480120000
160480130000
160480140000
160480150000
160480160000
160480170000
160480180000
160480190000
160480200000
160480210000
160480220000
160480230000
160480240000
160480250000
160480260000
160480270000
160480280000
160480290000
160480300000
160480310000
160480320000
160480330000
160480340000
160480350000
160480360000
160480370000
160480380000
160480390000
160480400000
160480410000
160480420000
160480430000
160480440000
160480450000
160480460000
160480470000
160480480000
160480490000
160480500000
160480510000
160480520000
160480530000
160480540000
160480550000
160480560000
160480570000
160480580000
160480590000
160480600000
160480610000
160480620000
160480630000
160480640000
160480650000
160480660000
160480670000
160480680000
160480690000
160480700000
160480710000
160480720000
160480730000
160480740000
160480750000
160480760000
160480770000
160480780000
160480790000
160480800000
160480810000
160480820000
160480830000
160480840000
160480850000
160480860000
160480870000
160480880000
160480890000
160480900000
160490010000
160490020000
160490030000
160490040000
160490050000
160490060000
160490070000
160490080000
160490090000
160490100000
160490110000
160490120000
160490130000
160490140000
160490150000
160490160000
160490170000
160490180000
160490190000
160490200000
160490210000
160490220000
160490230000
160490240000
160490250000
160490260000
160490270000
160490280000
160490290000
160490300000
160490310000
160490320000
160490330000
160490340000
160490350000
160490360000
160490370000
160490380000
160490390000
160490400000
160490410000
160490420000
160490430000
160490440000
160490450000
160490460000
160490470000
160490480000
160490490000
160490500000
160490510000
160490520000
160490530000
160490540000
160490550000
160490560000
160490570000
160490580000
160490590000
160490600000
160490610000
160490620000
160490630000
160490640000
160490650000
160490660000
160490670000
160490680000
160490690000
160490700000
160490710000
160490720000
160500010000
160500020000
160500030000
160500040000
160500050000
160500060000
160500070000
160500080000
160500090000
160500100000
160500110000
160500120000
160500130000
160500140000
160500150000
160500160000
160500170000
160500180000
160500190000
160500200000
160500210000
160500220000
160500230000
160500240000
160500250000
160500260000
160500270000
160500280000
160500290000
160500300000
160500310000
160500320000
160500330000
160500340000
160500350000
160500360000
160500370000
160500380000
160500390000
160500400000
160500410000
160500420000
160500430000
160500440000
160500450000
160500460000
160500470000
160500480000
160500490000
160500500000
160500510000
160500520000
160500530000
160500540000
160500550000
160500560000
160500570000
160500580000
160500590000
160500600000
160500610000
160500620000
160500630000
160500640000
160500650000
160500660000
160500670000
160500680000
160500690000
160500700000
160500710000
160500720000
160510010000
160510020000
160510030000
160510040000
160510050000
160510060000
160510070000
160510080000
160510090000
160510100000
160510110000
160510120000
160510130000
160510140000
160510150000
160510160000
160510170000
160510180000
160510190000
160510200000
160510210000
160510220000
160510230000
160510240000
160510250000
160510260000
160510270000
160510280000
160510290000
160510300000
160510310000
160510320000
160510330000
160510340000
160510350000
160510360000
160510370000
160510380000
160510390000
160510400000
160510410000
160510420000
160510430000
160510440000
160510450000
160510460000
160510470000
160510480000
160510490000
160510500000
160510510000
160510520000
160510530000
160510540000
160510550000
160510560000
160510570000
160510580000
160510590000
160510600000
160510610000
160510620000
160510630000
160510640000
160510650000
160510660000
160510670000
160510680000
160510690000
160510700000
160510710000
160510720000
160520010000
160520020000
160520030000
160520040000
160520050000
160520060000
160520070000
160520080000
160520090000
160520100000
160520110000
160520120000
160520130000
160520140000
160520150000
160520160000
160520170000
160520180000
160520190000
160520200000
160520210000
160520220000
160520230000
160520240000
160520250000
160520260000
160520270000
160520280000
160520290000
160520300000
160520310000
160520320000
160520330000
160520340000
160520350000
160520360000
160520370000
160520380000
160520390000
160520400000
160520410000
160520420000
160520430000
160520440000
160520450000
160520460000
160520470000
160520480000
160520490000
160520500000
160520510000
160520520000
160520530000
160520540000
160520550000
160520560000
160520570000
160520580000
160520590000
160520600000
160520610000
160520620000
160520630000
160520640000
160520650000
160520660000
160520670000
160520680000
160520690000
160520700000
160520710000
160520720000
160530010000
160530020000
160530030000
160530040000
160530050000
160530060000
160530070000
160530080000
160530090000
160530100000
160530110000
160530120000
160530130000
160530140000
160530150000
160530160000
160530170000
160530180000
160530190000
160530200000
160530210000
160530220000
160530230000
160530240000
160530250000
160530260000
160530270000
160530280000
160530290000
160530300000
160530310000
160530320000
160530330000
160530340000
160530350000
160530360000
160530370000
160530380000
160530390000
160530400000
160530410000
160530420000
160530430000
160530440000
160530450000
160530460000
160530470000
160530480000
160530490000
160530500000
160530510000
160530520000
160530530000
160530540000
160530550000
160530560000
160530570000
160530580000
160530590000
160530600000
160530610000
160530620000
160530630000
160530640000
160530650000
160530660000
160530670000
160530680000
160530690000
160530700000
160530710000
160530720000
160540010000
160540020000
160540030000
160540040000
160540050000
160540060000
160540070000
160540080000
160540090000
160540100000
160540110000
160540120000
160540130000
160540140000
160540150000
160540160000
160540170000
160540180000
160540190000
160540200000
160540210000
160540220000
160540230000
160540240000
160540250000
160540260000
160540270000
160540280000
160540290000
160540300000
160540310000
160540320000
160540330000
160540340000
160540350000
160540360000
160540370000
160540380000
160540390000
160540400000
160540410000
160540420000
160540430000
160540440000
160540450000
160540460000
160540470000
160540480000
160540490000
160540500000
160540510000
160550010000
160550020000
160550030000
160550040000
160550050000
160550060000
160550070000
160550080000
160550090000
160550100000
160550110000
160550120000
160550130000
160550140000
160550150000
160550160000
160550170000
160550180000
160550190000
160550200000
160550210000
160550220000
160550230000
160550240000
160550250000
160550260000
160550270000
160550280000
160550290000
160550300000
160550310000
160550320000
160550330000
160550340000
160550350000
160550360000
160550370000
160550380000
160550390000
160550400000
160550410000
160550420000
160550430000
160550440000
160550450000
160550460000
160550470000
160550480000
160550490000
160550500000
160550510000
160550520000
160550530000
160550540000
160550550000
160550560000
160550570000
160550580000
160550590000
160550600000
160550610000
160550620000
160550630000
160550640000
160550650000
160550660000
160550670000
160550680000
160550690000
160550700000
160550710000
160550720000
160550730000
160560010000
160560020000
160560030000
160560040000
160560050000
160560060000
160560070000
160560080000
160560090000
160560100000
160560110000
160560120000
160560130000
160560140000
160560150000
160560160000
160560170000
160560180000
160560190000
160560200000
160560210000
160560220000
160560230000
160560240000
160560250000
160560260000
160560270000
160560280000
160560310000
160560320000
160560330000
160560340000
160560350000
160560360000
160560370000
160560380000
160560390000
160560400000
160560410000
160560420000
160560430000
160560440000
160560450000
160560460000
160560470000
160560480000
160560490000
160560500000
160560510000
160560520000
160560530000
160560540000
160560550000
160560560000
160560570000
160560580000
160560590000
160560600000
160560610000
160560620000
160560630000
160560640000
160560650000
160560660000
160560670000
160560680000
160560690000
160560700000
160560710000
160560720000
160560730000
160560740000
160560750000
160560760000
160560770000
160560780000
160560790000
160570010000
160570020000
160570030000
160570040000
160570050000
160570060000
160570070000
160570080000
160570090000
160570100000
160570110000
160570120000
160570130000
160570140000
160570150000
160570160000
160570170000
160570180000
160570190000
160570200000
160570210000
160570220000
160570230000
160570240000
160570250000
160570260000
160570270000
160570280000
160570290000
160570300000
160570310000
160570320000
160570330000
160570340000
160570350000
160570360000
160570370000
160570380000
160570390000
160570400000
160570410000
160570420000
160570430000
160570440000
160570450000
160570460000
160570470000
160570480000
160570490000
160570500000
160570510000
160570520000
160570530000
160570540000
160570550000
160570560000
160570570000
160570580000
160570590000
160570600000
160570610000
160570620000
160570630000
160570640000
160570650000
160570660000
160570670000
160570680000
160570690000
160570700000
160570710000
160570720000
160570730000
160570740000
160570750000
160570760000
160570770000
160570780000
160570790000
160570800000
160570810000
160570820000
160570830000
160570840000
160570850000
160570860000
160570870000
160570880000
160570890000
160570900000
160580010000
160580020000
160580030000
160580040000
160580050000
160580060000
160580070000
160580080000
160580090000
160580100000
160580110000
160580120000
160580130000
160580140000
160580150000
160580160000
160580170000
160580180000
160580190000
160580200000
160580210000
160580220000
160580230000
160580240000
160580250000
160580260000
160580270000
160580280000
160580290000
160580300000
160580310000
160580320000
160580330000
160580340000
160580350000
160580360000
160580370000
160580380000
160580390000
160580400000
160580410000
160580420000
160580430000
160580440000
160580450000
160580460000
160580470000
160580480000
160580490000
160580500000
160580510000
160580520000
160580530000
160580540000
160580550000
160580560000
160580570000
160580580000
160580590000
160580600000
160580610000
160580620000
160580630000
160580640000
160580650000
160580660000
160580670000
160580680000
160580690000
160580700000
160580710000
160580720000
160580730000
160580740000
160580750000
160580760000
160580770000
160580780000
160580790000
160580800000
160580810000
160580820000
160580830000
160580840000
160580850000
160580860000
160580870000
160580880000
160580890000
160580900000
160590010000
160590020000
160590030000
160590040000
160590050000
160590060000
160590070000
160590080000
160590090000
160590100000
160590110000
160590120000
160590130000
160590140000
160590150000
160590160000
160590170000
160590180000
160590190000
160590200000
160590210000
160590220000
160590230000
160590240000
160590250000
160590260000
160590270000
160590280000
160590290000
160590300000
160590310000
160590320000
160590330000
160590340000
160590350000
160590360000
160590370000
160590380000
160590390000
160590400000
160590410000
160590420000
160590430000
160590440000
160590450000
160590460000
160590470000
160590480000
160590490000
160590500000
160590510000
160590520000
160590530000
160590540000
160590550000
160590560000
160590570000
160590580000
160590590000
160590600000
160590610000
160590620000
160590630000
160590640000
160590650000
160590660000
160590670000
160590680000
160590690000
160590700000
160590710000
160590720000
160590730000
160590740000
160590750000
160590760000
160590770000
160590780000
160590790000
160590800000
160590810000
160590820000
160590830000
160590840000
160590850000
160590860000
160590870000
160590880000
160590890000
160590900000
160600010000
160600020000
160600030000
160600040000
160600050000
160600060000
160600070000
160600080000
160600090000
160600100000
160600110000
160600120000
160600130000
160600140000
160600150000
160600160000
160600170000
160600180000
160600190000
160600200000
160600210000
160600220000
160600230000
160600240000
160600250000
160600260000
160600270000
160600280000
160600290000
160600300000
160600310000
160600320000
160600330000
160600340000
160600350000
160600360000
160600370000
160600380000
160600390000
160600400000
160600410000
160600420000
160600430000
160600440000
160600450000
160600460000
160600470000
160600480000
160600490000
160600500000
160600510000
160600520000
160600530000
160600540000
160600550000
160600560000
160600570000
160600580000
160600590000
160600600000
160600610000
160600620000
160600640000
160600650000
160600660000
160600670000
160600680000
160600690000
160600700000
160600710000
160600720000
160600730000
160600740000
160600750000
160600760000
160600770000
160600780000
160600790000
160600800000
160600810000
160600820000
160600830000
160600840000
160600850000
160600860000
160600870000
160600880000
160600890000
160600900000
160610010000
160610020000
160610030000
160610040000
160610050000
160610060000
160610070000
160610080000
160610090000
160610100000
160610110000
160610120000
160610130000
160610140000
160610150000
160610160000
160610170000
160610180000
160610190000
160610200000
160610210000
160610220000
160610230000
160610240000
160610250000
160610260000
160610270000
160610280000
160610290000
160610300000
160610310000
160610320000
160610330000
160610340000
160610350000
160610360000
160610370000
160610380000
160610390000
160610400000
160610410000
160610420000
160610430000
160610440000
160610450000
160610460000
160610470000
160610480000
160610490000
160610500000
160610510000
160610520000
160610530000
160610540000
160610550000
160610560000
160610570000
160610580000
160610590000
160610600000
160610610000
160610620000
160610630000
160610640000
160610650000
160610660000
160610670000
160610680000
160610690000
160610700000
160610710000
160610720000
160610730000
160610740000
160610750000
160610760000
160610770000
160610780000
160610790000
160610800000
160610810000
160610820000
160620010000
160620020000
160620030000
160620040000
160620050000
160620060000
160620070000
160620080000
160620090000
160620100000
160620110000
160620120000
160620130000
160620140000
160620150000
160620160000
160620170000
160620180000
160620190000
160620200000
160620210000
160620220000
160620230000
160620240000
160620250000
160620260000
160620270000
160620280000
160620290000
160620300000
160620310000
160620320000
160620330000
160620340000
160620350000
160620360000
160620370000
160620380000
160620390000
160620400000
160620410000
160620420000
160620440000
160620450000
160620460000
160620470000
160620480000
160620490000
160620500000
160620510000
160620520000
160620530000
160620540000
160620550000
160620560000
160620570000
160620580000
160620590000
160620600000
160620610000
160620620000
160620630000
160620640000
160620650000
160620660000
160620670000
160620680000
160620690000
160620700000
160620710000
160620720000
160620730000
160620740000
160620750000
160620760000
160620770000
160620780000
160620790000
160620800000
160620810000
160620820000
160620830000
160620840000
160620850000
160620860000
160620870000
160620880000
160620890000
160620900000
160620910000
160620920000
160620930000
160620940000
160620950000
160620960000
160620970000
160620980000
160620990000
160621000000
160621010000
160621020000
160621030000
160621040000
160621050000
160621060000
160621070000
160621080000
160621090000
160621100000
160621110000
160621120000
160621130000
160621140000
160621150000
160621160000
160621170000
160621180000
160621190000
160621200000
160621210000
160621220000
160621230000
160621240000
160621250000
160621260000
160621270000
160621280000
160621290000
160621300000
160621310000
160621320000
160621330000
160621340000
160621350000
160621360000
160621370000
160621380000
160621390000
160621400000
160621410000
160621420000
160621430000
160621440000
160621450000
160621460000
160621470000
160621480000
160621490000
160621500000
160621510000
160621520000
160621530000
160621540000
160621550000
160621560000
160621570000
160621580000
160621590000
160621600000
160621610000
160621620000
160621630000
160621640000
160621650000
160621660000
160621670000
160621680000
160621690000
160621700000
160621710000
160621720000
160621730000
160621740000
160621750000
160621760000
160621770000
160621780000
160621790000
160621800000
160621810000
160621820000
160621830000
160621840000
160621850000
160621860000
160621870000
160621880000
160621890000
160621900000
160621910000
160621920000
160621930000
160621940000
160621950000
160621960000
160621970000
160621980000
160621990000
160622000000
160622010000
160622020000
160622030000
160622040000
160622050000
160622060000
160622070000
160622080000
160622090000
160622100000
160622110000
160622120000
160622130000
160622140000
160622150000
160622160000
160622170000
160622180000
160622190000
160622200000
160622210000
160622220000
160622230000
160622240000
160622250000
160622260000
160622270000
160622280000
160622290000
160622300000
160622310000
160622320000
160630010000
160630020000
160630030000
160630040000
160630050000
160630060000
160630070000
160630080000
160630090000
160630100000
160630110000
160630120000
160630130000
160630140000
160630150000
160630160000
160630170000
160630180000
160630190000
160630200000
160630210000
160630220000
160630230000
160630240000
160630250000
160630260000
160630270000
160630280000
160630290000
160630300000
160630310000
160630320000
160630330000
160630340000
160630350000
160630360000
160630370000
160630380000
160630390000
160630400000
160630410000
160630420000
160630430000
160630440000
160630450000
160630460000
160630470000
160630480000
160630490000
160630500000
160630510000
160630520000
160630530000
160630540000
160630550000
160630560000
160630570000
160630580000
160630590000
160630600000
160630610000
160630620000
160630630000
160630640000
160630650000
160630660000
160630670000
160630680000
160630690000
160630700000
160630710000
160630720000
160630730000
160630740000
160630750000
160630760000
160630770000
160630780000
160630790000
160630800000
160630810000
160630820000
160630830000
160630840000
160630850000
160630860000
160630870000
160630880000
160630890000
160630900000
160630910000
160630920000
160630930000
160630940000
160630950000
160630960000
160630970000
160630980000
160630990000
160631000000
160631010000
160631020000
160631030000
160631040000
160631050000
160631060000
160631070000
160631080000
160631090000
160631100000
160631110000
160631120000
160631130000
160631140000
160631150000
160631160000
160631170000
160631180000
160631190000
160631200000
160631210000
160631220000
160631230000
160631240000
160631250000
160631260000
160631270000
160631280000
160631290000
160631300000
160631310000
160631320000
160631330000
160631340000
160631350000
160631360000
160631370000
160631380000
160631390000
160631400000
160631410000
160631420000
160631430000
160631440000
160631450000
160631460000
160631470000
160631480000
160631490000
160631500000
160631510000
160631520000
160631530000
160631540000
160631550000
160631560000
160631570000
160631580000
160631590000
160631600000
160631610000
160631620000
160631630000
160631640000
160631650000
160631660000
160631670000
160631680000
160631690000
160631700000
160631710000
160631720000
160631730000
160631740000
160631750000
160631760000
160631770000
160631780000
160631790000
160631800000
160631810000
160631820000
160631830000
160631840000
160631850000
160631860000
160631870000
160631880000
160631890000
160631900000
160631910000
160631920000
160631930000
160631940000
160631950000
160631960000
160631970000
160631980000
160631990000
160632000000
160632010000
160632020000
160632030000
160632040000
160632050000
160632060000
160632070000
160640010000
160640020000
160640030000
160640040000
160640050000
160640060000
160640070000
160640080000
160640090000
160640100000
160640110000
160640120000
160640130000
160640140000
160640150000
160640160000
160640170000
160640180000
160640190000
160640200000
160640210000
160640220000
160640230000
160640240000
160640250000
160640260000
160640270000
160640280000
160640290000
160640300000
160640310000
160640320000
160640330000
160640340000
160640350000
160640360000
160640370000
160640380000
160640390000
160640400000
160640410000
160640420000
160640430000
160640440000
160640450000
160640460000
160640470000
160640480000
160640490000
160640500000
160640510000
160640520000
160640530000
160640540000
160640550000
160640560000
160640570000
160640580000
160640590000
160640600000
160640610000
160640620000
160640630000
160640640000
160640650000
160640660000
160640670000
160640680000
160640690000
160640700000
160640710000
160640720000
160640730000
160640740000
160640750000
160640760000
160640770000
160640780000
160640790000
160640800000
160640810000
160640820000
160640830000
160640840000
160640850000
160640860000
160640870000
160640880000
160640890000
160640900000
160640910000
160640920000
160640930000
160640940000
160640950000
160640960000
160640970000
160640980000
160640990000
160641000000
160641010000
160641020000
160641030000
160641040000
160641050000
160641060000
160641070000
160641080000
160641090000
160641100000
160641110000
160641120000
160641130000
160641140000
160641150000
160641160000
160641170000
160641180000
160641190000
160641200000
160641210000
160641220000
160641230000
160641240000
160641250000
160641260000
160641270000
160641280000
160641290000
160641300000
160641310000
160641320000
160641330000
160641340000
160641350000
160641360000
160641370000
160641380000
160641390000
160641400000
160641410000
160641420000
160641430000
160641440000
160641450000
160641460000
160641470000
160641480000
160641490000
160641500000
160641510000
160641520000
160641530000
160641540000
160641550000
160641560000
160641570000
160641580000
160641590000
160641600000
160641610000
160641620000
160641630000
160641640000
160641650000
160641660000
160641670000
160641680000
160641690000
160641700000
160641710000
160641720000
160641730000
160641740000
160641750000
160641760000
160641770000
160641780000
160641790000
160641800000
160641810000
160641820000
160641830000
160641840000
160641850000
160641860000
160641870000
160641880000
160641890000
160641900000
160641910000
160641920000
160641930000
160641940000
160641950000
160641960000
160641970000
160641980000
160641990000
160642000000
160642010000
160642020000
160642030000
160642040000
160642050000
160642060000
160642070000
160642080000
160642090000
160642100000
160642110000
160642120000
160642130000
160642140000
160642150000
160642160000
160642170000
160642180000
160642190000
160642200000
160642210000
160642220000
160642230000
160642240000
160642250000
160642260000
160642270000
160642280000
160642290000
160642300000
160642310000
160642320000
160642330000
160642340000
160642350000
160642360000
160642370000
160642380000
160642390000
160642400000
160642410000
160642420000
160642430000
160642440000
160642450000
160642460000
160642470000
160642480000
160642490000
160642500000
160642510000
160642520000
160642530000
160642540000
160642550000
160642560000
160642570000
160642580000
160642590000
160642600000
160642610000
160642620000
160642630000
160642640000
160642650000
160642660000
160642670000
160642680000
160642690000
160642700000
160642710000
160642720000
160642730000
160642740000
160642750000
160642760000
160642770000
160642780000
160642790000
160642800000
160642810000
160642820000
160642830000
160642840000
160642850000
160642860000
160642870000
160642880000
160642890000
160650010000
160650020000
160650030000
160650040000
160650050000
160650060000
160650070000
160650080000
160650090000
160650100000
160650110000
160650120000
160650130000
160650140000
160650150000
160650160000
160650170000
160650180000
160650190000
160650200000
160650210000
160650220000
160650230000
160650240000
160650250000
160650260000
160650270000
160650280000
160650290000
160650300000
160650310000
160650320000
160650330000
160650340000
160650350000
160650360000
160650370000
160650380000
160650390000
160650400000
160650410000
160650420000
160650430000
160650440000
160650450000
160650460000
160650470000
160650480000
160650490000
160650500000
160650510000
160650520000
160650530000
160650540000
160650550000
160650560000
160650570000
160650580000
160650590000
160650600000
160650610000
160650620000
160650630000
160650640000
160650650000
160650660000
160650670000
160650680000
160650690000
160650700000
160650710000
160650720000
160650730000
160650740000
160650750000
160650760000
160650770000
160650780000
160650790000
160650800000
160650810000
160650820000
160650830000
160650840000
160650850000
160650860000
160650870000
160650880000
160650890000
160650900000
160650910000
160650920000
160650930000
160650940000
160650950000
160650960000
160650970000
160650980000
160650990000
160651000000
160651010000
160651020000
160651030000
160651040000
160651050000
160651060000
160651070000
160651080000
160651090000
160660010000
160660020000
160660030000
160660040000
160660050000
160660060000
160660070000
160660080000
160660090000
160660100000
160660110000
160660120000
160660130000
160660140000
160660150000
160660160000
160660170000
160660180000
160660190000
160660200000
160660210000
160660220000
160660230000
160660240000
160660250000
160660260000
160660270000
160660280000
160660290000
160660300000
160660310000
160660320000
160660330000
160660340000
160660350000
160660360000
160660370000
160660380000
160660390000
160660400000
160660410000
160660420000
160660430000
160660440000
160660450000
160660460000
160660470000
160660480000
160660490000
160660500000
160660510000
160660520000
160660530000
160660540000
160660550000
160660560000
160660570000
160660580000
160660590000
160660600000
160660610000
160660620000
160660630000
160660640000
160660650000
160660660000
160660670000
160660680000
160660690000
160660700000
160660710000
160660720000
160660730000
160660740000
160660750000
160660760000
160660770000
160660780000
160660790000
160660800000
160660810000
160660820000
160660830000
160660840000
160660850000
160660860000
160660870000
160660880000
160660890000
160660900000
160660910000
160660920000
160660930000
160660940000
160660950000
160660960000
160660970000
160660980000
160660990000
160661000000
160661010000
160661020000
160661030000
160661040000
160661050000
160661060000
160661070000
160661080000
160670010000
160670020000
160670030000
160670040000
160670050000
160670060000
160670070000
160670080000
160670090000
160670100000
160670110000
160670120000
160670130000
160670140000
160670150000
160670160000
160670170000
160670180000
160670190000
160670200000
160670210000
160670220000
160670230000
160670240000
160670250000
160670260000
160670270000
160670280000
160670290000
160670300000
160670310000
160670320000
160670330000
160670340000
160670350000
160670360000
160670370000
160670380000
160670390000
160670400000
160670410000
160670420000
160670430000
160670440000
160670450000
160670460000
160670470000
160670480000
160670490000
160670500000
160670510000
160670520000
160670530000
160670540000
160670550000
160670560000
160670570000
160670580000
160670590000
160670600000
160670610000
160670620000
160670630000
160670640000
160670650000
160670660000
160670670000
160670680000
160670690000
160670700000
160670710000
160670720000
160670730000
160670740000
160670750000
160670760000
160670770000
160670780000
160670790000
160670800000
160670810000
160670820000
160670830000
160670840000
160670850000
160670860000
160670870000
160670880000
160670890000
160670900000
160670910000
160670920000
160670930000
160670940000
160670950000
160670960000
160670970000
160670980000
160670990000
160671000000
160671010000
160671020000
160671030000
160671040000
160671050000
160671060000
160671070000
160671080000
160680010000
160680020000
160680030000
160680040000
160680050000
160680060000
160680070000
160680080000
160680090000
160680100000
160680110000
160680120000
160680130000
160680140000
160680150000
160680160000
160680170000
160680180000
160680190000
160680200000
160680210000
160680220000
160680230000
160680240000
160680250000
160680260000
160680270000
160680280000
160680290000
160680300000
160680310000
160680320000
160680330000
160680340000
160680350000
160680360000
160680370000
160680380000
160680390000
160680400000
160680410000
160680420000
160680430000
160680440000
160680450000
160680460000
160680470000
160680480000
160680490000
160680500000
160680510000
160680520000
160680530000
160680540000
160680550000
160680560000
160680570000
160680580000
160680590000
160680600000
160680610000
160680620000
160680630000
160680640000
160680650000
160680660000
160680670000
160680680000
160680690000
160680700000
160680710000
160680720000
160680730000
160680740000
160680750000
160680760000
160680770000
160680780000
160680790000
160680800000
160680810000
160680820000
160680830000
160680840000
160680850000
160680860000
160680870000
160680880000
160680890000
160680900000
160680910000
160690010000
160690020000
160690030000
160690040000
160690050000
160690060000
160690070000
160690080000
160690090000
160690100000
160690110000
160690120000
160690130000
160690140000
160690150000
160690160000
160690170000
160690180000
160690190000
160690200000
160690210000
160690220000
160690230000
160690240000
160690250000
160690260000
160690270000
160690280000
160690290000
160690300000
160690310000
160690320000
160690330000
160690340000
160690350000
160690360000
160690370000
160690380000
160690390000
160690400000
160690410000
160690420000
160690430000
160690440000
160690450000
160690460000
160690470000
160690480000
160690490000
160690500000
160690510000
160690520000
160690530000
160690540000
160690550000
160690560000
160690570000
160690580000
160690590000
160690600000
160690610000
160690620000
160690630000
160690640000
160690650000
160690660000
160690670000
160690680000
160690690000
160690700000
160690710000
160690720000
160690730000
160690740000
160690750000
160690760000
160690770000
160690780000
160690790000
160690800000
160690810000
160690820000
160690830000
160690840000
160690850000
160690860000
160690870000
160690880000
160690890000
160690900000
160690910000
160690920000
160690930000
160690940000
160690950000
160690960000
160690970000
160690980000
160690990000
160691000000
160691010000
160691020000
160691030000
160691040000
160691050000
160691060000
160691070000
160691080000
160691090000
160691100000
160691110000
160691120000
160691130000
160691140000
160691150000
160691160000
160691170000
160691180000
160691190000
160691200000
160700010000
160700020000
160700030000
160700040000
160700050000
160700060000
160700070000
160700080000
160700090000
160700100000
160700110000
160700120000
160700130000
160700140000
160700150000
160700160000
160700170000
160700180000
160700190000
160700200000
160700210000
160700220000
160700230000
160700240000
160700250000
160700260000
160700270000
160700280000
160700290000
160700300000
160700310000
160700320000
160700330000
160700340000
160700350000
160700360000
160700370000
160700380000
160700390000
160700400000
160700410000
160700420000
160700430000
160700440000
160700450000
160700460000
160700470000
160700480000
160700490000
160700500000
160700510000
160700520000
160700530000
160700540000
160700550000
160700560000
160700570000
160700580000
160700590000
160700600000
160700610000
160700620000
160700630000
160700640000
160700730000
160700820000
160700830000
160700840000
160700850000
160700860000
160700870000
160700970000
160700980000
160700990000
160701000000
160701010000
160701020000
160701030000
160701040000
160701050000
160701060000
160701070000
160701080000
160701090000
160701100000
160701110000
160701120000
160701130000
160701140000
160701150000
160701160000
160701170000
160701180000
160701190000
160701200000
160710010000
160710020000
160710030000
160710040000
160710050000
160710060000
160710070000
160710080000
160710090000
160710100000
160710110000
160710120000
160710130000
160710140000
160710150000
160710160000
160710170000
160710180000
160710190000
160710200000
160710210000
160710220000
160710230000
160710240000
160710250000
160710260000
160710270000
160710280000
160710290000
160710300000
160710310000
160710320000
160710330000
160710340000
160710350000
160710360000
160710370000
160710380000
160710390000
160710400000
160710410000
160710420000
160710430000
160710440000
160710450000
160710460000
160710470000
160710480000
160710490000
160710500000
160710510000
160710520000
160710530000
160710540000
160710550000
160710560000
160710570000
160710580000
160710590000
160710600000
160710620000
160710630000
160710640000
160710650000
160710660000
160710670000
160710680000
160710690000
160710700000
160710710000
160710720000
160710730000
160710740000
160710750000
160710760000
160710770000
160710780000
160710790000
160710800000
160710810000
160710820000
160710830000
160710860000
160710870000
160710880000
160710890000
160710900000
160710910000
160710920000
160710930000
160710940000
160710950000
160710960000
160710970000
160710980000
160710990000
160711000000
160711010000
160711020000
160711030000
160711040000
160711050000
160711060000
160711070000
160711080000
160711090000
160711100000
160711110000
160711120000
160711130000
160711140000
160711150000
160711160000
160711170000
160711180000
160711190000
160711200000
160720010000
160720020000
160720030000
160720040000
160720050000
160720060000
160720070000
160720080000
160720090000
160720100000
160720110000
160720120000
160720130000
160720140000
160720150000
160720160000
160720170000
160720180000
160720190000
160720200000
160720210000
160720220000
160720230000
160720240000
160720250000
160720260000
160720270000
160720280000
160720290000
160720300000
160720310000
160720320000
160720330000
160720340000
160720350000
160720360000
160720370000
160720380000
160720390000
160720400000
160720410000
160720420000
160720430000
160720440000
160720450000
160720460000
160720470000
160720480000
160720490000
160720500000
160720510000
160720520000
160720530000
160720540000
160720550000
160720560000
160720570000
160720580000
160720590000
160720600000
160720610000
160720620000
160720630000
160720640000
160720650000
160720660000
160720670000
160720680000
160720690000
160720700000
160720710000
160720720000
160720730000
160720740000
160720750000
160720760000
160720770000
160720780000
160720790000
160720800000
160720810000
160720820000
160720830000
160720840000
160720850000
160720860000
160720870000
160720880000
160720890000
160720900000
160720910000
160720920000
160720930000
160720940000
160720950000
160720960000
160720970000
160720980000
160720990000
160721000000
160721010000
160730010000
160730020000
160730030000
160730040000
160730050000
160730060000
160730070000
160730080000
160730090000
160730100000
160730110000
160730120000
160730130000
160730140000
160730150000
160730160000
160730170000
160730180000
160730190000
160730200000
160730210000
160730220000
160730230000
160730240000
160730250000
160730260000
160730270000
160730280000
160730290000
160730300000
160730310000
160730320000
160730330000
160730340000
160730350000
160730360000
160730370000
160730380000
160730390000
160730400000
160730410000
160730420000
160730430000
160730440000
160730450000
160730460000
160730470000
160730480000
160730490000
160730500000
160730510000
160730520000
160730530000
160730540000
160730550000
160730560000
160730570000
160730580000
160730590000
160730600000
160730610000
160730620000
160730630000
160730640000
160730650000
160730660000
160730670000
160730680000
160730690000
160730700000
160730710000
160730720000
160730730000
160730740000
160730750000
160730760000
160730770000
160730780000
160730790000
160730800000
160730810000
160730820000
160730830000
160730840000
160730850000
160730860000
160730870000
160730880000
160730890000
160730900000
160730910000
160730920000
160730930000
160730940000
160730950000
160730960000
160730970000
160730980000
160730990000
160731000000
160731010000
160731020000
160731030000
160731040000
160731050000
160731060000
160731070000
160731080000
160731090000
160731100000
160731110000
160731120000
160731130000
160731140000
160731150000
160731160000
160731170000
160731180000
160731190000
160731200000
160740010000
160740020000
160740030000
160740040000
160740050000
160740060000
160740070000
160740080000
160740090000
160740100000
160740110000
160740120000
160740130000
160740140000
160740150000
160740160000
160740170000
160740180000
160740190000
160740200000
160740210000
160740220000
160740230000
160740240000
160740250000
160740260000
160740270000
160740280000
160740290000
160740300000
160740310000
160740320000
160740330000
160740340000
160740350000
160740360000
160740370000
160740380000
160740390000
160740400000
160740410000
160740420000
160740430000
160740440000
160740450000
160740460000
160740470000
160740480000
160740490000
160740500000
160740510000
160740520000
160740530000
160740540000
160740550000
160740560000
160740570000
160740580000
160740590000
160740600000
160740610000
160740620000
160740630000
160740640000
160740650000
160740660000
160740670000
160740680000
160740690000
160740700000
160740710000
160740720000
160740730000
160740740000
160740750000
160740760000
160740770000
160740780000
160740790000
160740800000
160740810000
160740820000
160740830000
160740840000
160740850000
160740860000
160740870000
160740880000
160740890000
160740900000
160740910000
160740920000
160740930000
160740940000
160740950000
160740960000
160740970000
160740980000
160740990000
160741000000
160741010000
160741020000
160741030000
160741040000
160741050000
160741060000
160741070000
160741080000
160741090000
160741100000
160741110000
160741120000
160741130000
160741140000
160741150000
160741160000
160741170000
160741180000
160741190000
160741200000
160750010000
160750020000
160750030000
160750040000
160750050000
160750060000
160750070000
160750080000
160750090000
160750100000
160750110000
160750120000
160750130000
160750140000
160750150000
160750160000
160750170000
160750180000
160750190000
160750200000
160750210000
160750220000
160750230000
160750240000
160750250000
160750260000
160750270000
160750280000
160750290000
160750300000
160750310000
160750320000
160750330000
160750340000
160750350000
160750360000
160750370000
160750380000
160750390000
160750400000
160750410000
160750420000
160750430000
160750440000
160750450000
160750460000
160750470000
160750480000
160750490000
160750500000
160750510000
160750520000
160750530000
160750540000
160750550000
160750560000
160750570000
160750580000
160750590000
160750600000
160750610000
160750620000
160750630000
160750640000
160750650000
160750660000
160750670000
160750680000
160750690000
160750700000
160750710000
160750720000
160750730000
160750740000
160750750000
160750760000
160750770000
160750780000
160750790000
160750800000
160750810000
160750820000
160750830000
160750840000
160750850000
160750860000
160750870000
160750880000
160750890000
160750900000
160750910000
160750920000
160750930000
160750940000
160750950000
160750960000
160750970000
160750980000
160750990000
160751000000
160751010000
160751020000
160751030000
160751040000
160751050000
160751060000
160751070000
160751080000
160751090000
160751100000
160751110000
160751120000
160751130000
160751140000
160751150000
160751160000
160751170000
160751180000
160751190000
160751200000
160760010000
160760020000
160760030000
160760040000
160760050000
160760060000
160760070000
160760080000
160760090000
160760100000
160760110000
160760120000
160760130000
160760140000
160760150000
160760160000
160760170000
160760180000
160760190000
160760200000
160760210000
160760220000
160760230000
160760240000
160760250000
160760260000
160760270000
160760280000
160760290000
160760300000
160760310000
160760320000
160760330000
160760340000
160760350000
160760360000
160760370000
160760380000
160760390000
160760400000
160760410000
160760420000
160760430000
160760440000
160760450000
160760460000
160760470000
160760480000
160760490000
160760500000
160760510000
160760520000
160760530000
160760540000
160760550000
160760560000
160760570000
160760580000
160760590000
160760600000
160760610000
160760620000
160760630000
160760640000
160760650000
160760660000
160760670000
160760680000
160760690000
160760700000
160760710000
160760720000
160760730000
160760740000
160760750000
160760760000
160760770000
160760780000
160760790000
160760800000
160760810000
160760820000
160760830000
160760840000
160760850000
160760860000
160760870000
160760880000
160760890000
160760900000
160760910000
160760920000
160760930000
160760940000
160760950000
160760960000
160760970000
160760980000
160760990000
160761000000
160761010000
160770010000
160770020000
160770030000
160770040000
160770050000
160770060000
160770070000
160770080000
160770090000
160770100000
160770110000
160770120000
160770130000
160770140000
160770150000
160770160000
160770170000
160770180000
160770190000
160770200000
160770210000
160770220000
160770230000
160770240000
160770250000
160770260000
160770270000
160770280000
160770290000
160770300000
160770310000
160770320000
160770330000
160770340000
160770350000
160770360000
160770370000
160770380000
160770390000
160770400000
160770410000
160770420000
160770430000
160770440000
160770450000
160770460000
160770470000
160770480000
160770490000
160770500000
160770510000
160770520000
160770530000
160770540000
160770550000
160770560000
160770570000
160770580000
160770590000
160770600000
160770610000
160770620000
160770630000
160770640000
160770650000
160770660000
160770670000
160770680000
160770690000
160770700000
160770710000
160770720000
160770730000
160770740000
160770750000
160770760000
160770770000
160770780000
160770790000
160770800000
160770810000
160770820000
160770830000
160770840000
160770850000
160770860000
160770870000
160770880000
160770890000
160770900000
160770910000
160770920000
160770930000
160770940000
160770950000
160770960000
160770970000
160770980000
160770990000
160771000000
160771010000
160771020000
160771030000
160771040000
160771050000
160771060000
160771070000
160771080000
160771090000
160771100000
160771110000
160771120000
160771130000
160771140000
160771150000
160771160000
160771170000
160771180000
160771190000
160771200000
160780010000
160780020000
160780030000
160780040000
160780050000
160780060000
160780070000
160780080000
160780090000
160780100000
160780110000
160780120000
160780130000
160780140000
160780150000
160780160000
160780250000
160780340000
160780350000
160780360000
160780370000
160780380000
160780390000
160780490000
160780500000
160780510000
160780520000
160780530000
160780540000
160780550000
160780560000
160780570000
160780580000
160780590000
160780600000
160780610000
160780620000
160780630000
160780640000
160780650000
160780660000
160780670000
160780680000
160780690000
160780700000
160780710000
160780720000
160780730000
160780740000
160780750000
160780760000
160780770000
160780780000
160780790000
160780800000
160780810000
160780820000
160780830000
160780840000
160780850000
160780860000
160780870000
160780880000
160780890000
160780900000
160780910000
160780920000
160780930000
160780940000
160780950000
160780960000
160780970000
160780980000
160780990000
160781000000
160781010000
160781020000
160781030000
160781040000
160781050000
160781060000
160781070000
160781080000
160781090000
160781100000
160781110000
160781120000
160781130000
160781140000
160781150000
160781160000
160781170000
160781180000
160781190000
160781200000
160790010000
160790020000
160790030000
160790040000
160790050000
160790060000
160790070000
160790080000
160790090000
160790100000
160790110000
160790120000
160790140000
160790150000
160790160000
160790170000
160790180000
160790190000
160790200000
160790210000
160790220000
160790230000
160790240000
160790250000
160790260000
160790270000
160790280000
160790290000
160790300000
160790310000
160790320000
160790340000
160790350000
160790380000
160790390000
160790400000
160790410000
160790420000
160790430000
160790440000
160790450000
160790460000
160790470000
160790480000
160790490000
160790500000
160790510000
160790520000
160790530000
160790540000
160790550000
160790560000
160790570000
160790580000
160790590000
160790600000
160790610000
160790620000
160790630000
160790640000
160790650000
160790660000
160790670000
160790680000
160790690000
160790700000
160790710000
160790720000
160790730000
160790740000
160790750000
160790760000
160790770000
160790780000
160790790000
160790800000
160790810000
160790820000
160790830000
160790840000
160790850000
160790860000
160790870000
160790880000
160790890000
160790900000
160790910000
160790920000
160790930000
160790940000
160790950000
160790960000
160790970000
160790980000
160790990000
160791000000
160791010000
160791020000
160791030000
160791040000
160791050000
160791060000
160791070000
160791080000
160791090000
160791100000
160791110000
160791120000
160791130000
160791140000
160791150000
160791160000
160791170000
160791180000
160791190000
160791200000
160800010000
160800020000
160800030000
160800040000
160800050000
160800060000
160800070000
160800080000
160800090000
160800100000
160800110000
160800120000
160800130000
160800140000
160800150000
160800160000
160800170000
160800180000
160800190000
160800200000
160800210000
160800220000
160800230000
160800240000
160800250000
160800260000
160800270000
160800280000
160800290000
160800300000
160800310000
160800320000
160800330000
160800340000
160800350000
160800360000
160800370000
160800380000
160800390000
160800400000
160800410000
160800420000
160800430000
160800440000
160800450000
160800460000
160800470000
160800480000
160800490000
160800500000
160800510000
160800520000
160800530000
160800540000
160800550000
160800560000
160800570000
160800580000
160800590000
160800600000
160800610000
160800620000
160800630000
160800640000
160800650000
160800660000
160800670000
160800680000
160800690000
160800700000
160800710000
160800720000
160800730000
160800740000
160800750000
160800760000
160800770000
160800780000
160800790000
160800800000
160800810000
160800820000
160800830000
160800840000
160800850000
160800860000
160800870000
160800880000
160800890000
160800900000
160800910000
160800920000
160800930000
160800940000
160800950000
160800960000
160800970000
160800980000
160800990000
160801000000
160801010000
160810010000
160810020000
160810030000
160810040000
160810050000
160810060000
160810070000
160810080000
160810090000
160810100000
160810110000
160810120000
160810130000
160810140000
160810150000
160810160000
160810170000
160810180000
160810190000
160810200000
160810210000
160810220000
160810230000
160810240000
160810250000
160810260000
160810270000
160810280000
160810290000
160810300000
160810310000
160810320000
160810330000
160810340000
160810350000
160810360000
160810370000
160810380000
160810390000
160810400000
160810410000
160810420000
160810430000
160810440000
160810450000
160810460000
160810470000
160810480000
160810490000
160810500000
160810510000
160810520000
160810530000
160810540000
160810550000
160810560000
160810570000
160810580000
160810590000
160810600000
160810610000
160810620000
160810630000
160810640000
160810650000
160810660000
160810670000
160810680000
160810690000
160810700000
160810710000
160810720000
160810730000
160810740000
160810750000
160810760000
160810770000
160810780000
160810790000
160810800000
160810810000
160810820000
160810830000
160810840000
160810850000
160810860000
160810870000
160810880000
160810890000
160810900000
160810910000
160810920000
160810930000
160810940000
160810950000
160810960000
160810970000
160810980000
160810990000
160811000000
160811010000
160811020000
160811030000
160811040000
160820010000
160820020000
160820030000
160820040000
160820050000
160820060000
160820070000
160820080000
160820090000
160820100000
160820110000
160820120000
160820130000
160820140000
160820150000
160820160000
160820170000
160820180000
160820190000
160820200000
160820210000
160820220000
160820230000
160820240000
160820250000
160820260000
160820270000
160820280000
160820290000
160820300000
160820310000
160820320000
160820330000
160820340000
160820350000
160820360000
160820370000
160820380000
160820390000
160820400000
160820410000
160820420000
160820430000
160820440000
160820450000
160820460000
160820470000
160820480000
160820490000
160820500000
160820510000
160820520000
160820530000
160820540000
160820550000
160820560000
160820570000
160820580000
160820590000
160820600000
160820610000
160820620000
160820630000
160820640000
160820650000
160820660000
160820670000
160820680000
160820690000
160820700000
160820710000
160820720000
160820730000
160820740000
160820750000
160820760000
160820770000
160820780000
160820790000
160820800000
160820810000
160820820000
160820830000
160820840000
160820850000
160820860000
160820870000
160820880000
160820890000
160820900000
160820910000
160820920000
160820930000
160820940000
160820950000
160820960000
160820970000
160820980000
160820990000
160821010000
160821020000
160821030000
160821040000
160821050000
160821060000
160821070000
160821080000
160821090000
160821100000
160821110000
160821120000
160821130000
160821140000
160821150000
160821160000
160821170000
160821180000
160821190000
160821200000
160830010000
160830020000
160830030000
160830040000
160830050000
160830060000
160830070000
160830080000
160830090000
160830100000
160830110000
160830120000
160830130000
160830140000
160830150000
160830160000
160830170000
160830180000
160830190000
160830200000
160830210000
160830220000
160830230000
160830240000
160830250000
160830260000
160830270000
160830280000
160830290000
160830300000
160830310000
160830320000
160830330000
160830340000
160830350000
160830360000
160830370000
160830380000
160830390000
160830400000
160830410000
160830420000
160830430000
160830440000
160830450000
160830460000
160830470000
160830480000
160830490000
160830500000
160830510000
160830520000
160830530000
160830540000
160830550000
160830560000
160830570000
160830580000
160830590000
160830600000
160830610000
160830620000
160830630000
160830640000
160830650000
160830660000
160830670000
160830680000
160830690000
160830700000
160830710000
160830720000
160830730000
160830740000
160830750000
160830760000
160830770000
160830780000
160830790000
160830800000
160830810000
160830820000
160830830000
160830840000
160830850000
160830860000
160830870000
160830880000
160830890000
160830900000
160830910000
160830920000
160830930000
160830940000
160830950000
160830960000
160830970000
160830980000
160830990000
160831000000
160831010000
160831020000
160831030000
160831040000
160831050000
160831060000
160831070000
160831080000
160831090000
160831100000
160831110000
160831120000
160831130000
160831140000
160831150000
160831160000
160831170000
160831180000
160831190000
160831200000
160840010000
160840020000
160840030000
160840040000
160840050000
160840060000
160840070000
160840080000
160840090000
160840100000
160840110000
160840120000
160840130000
160840140000
160840150000
160840160000
160840170000
160840180000
160840190000
160840200000
160840210000
160840220000
160840230000
160840240000
160840250000
160840260000
160840270000
160840280000
160840290000
160840300000
160840310000
160840320000
160840330000
160840340000
160840350000
160840360000
160840370000
160840380000
160840390000
160840400000
160840410000
160840420000
160840430000
160840440000
160840450000
160840460000
160840470000
160840480000
160840490000
160840500000
160840510000
160840520000
160840530000
160840540000
160840550000
160840560000
160840570000
160840580000
160840590000
160840600000
160840610000
160840620000
160840630000
160840640000
160840650000
160840660000
160840670000
160840680000
160840690000
160840700000
160840710000
160840720000
160840730000
160840740000
160840750000
160840760000
160840770000
160840780000
160840790000
160840800000
160840810000
160840820000
160840830000
160840840000
160840850000
160840860000
160840870000
160840880000
160840890000
160840900000
160840910000
160840920000
160840930000
160840940000
160840950000
160840960000
160840970000
160840980000
160840990000
160841000000
160841010000
160841020000
160841030000
160841040000
160841050000
160841060000
160841070000
160841080000
160841090000
160841100000
160841110000
160841120000
160841130000
160841140000
160841150000
160841160000
160841170000
160841180000
160841190000
160841200000
160841210000
160850010000
160850020000
160850030000
160850040000
160850050000
160850060000
160850070000
160850080000
160850090000
160850100000
160850110000
160850120000
160850130000
160850140000
160850150000
160850160000
160850170000
160850180000
160850190000
160850200000
160850210000
160850220000
160850230000
160850240000
160850250000
160850260000
160850270000
160850280000
160850290000
160850300000
160850310000
160850320000
160850330000
160850340000
160850350000
160850360000
160850370000
160850380000
160850390000
160850400000
160850410000
160850420000
160850430000
160850440000
160850450000
160850460000
160850470000
160850480000
160850490000
160850500000
160850510000
160850520000
160850530000
160850540000
160850550000
160850560000
160850570000
160850580000
160850590000
160850600000
160850610000
160850620000
160850630000
160850640000
160850650000
160850660000
160850670000
160850680000
160850690000
160850700000
160850710000
160850720000
160850730000
160850740000
160860010000
160860020000
160860030000
160860040000
160860050000
160860060000
160860070000
160860080000
160860090000
160860100000
160860110000
160860120000
160860130000
160860140000
160860150000
160860160000
160860170000
160860180000
160860190000
160860200000
160860210000
160860220000
160860230000
160860240000
160860250000
160860260000
160860270000
160860280000
160860290000
160860300000
160860310000
160860320000
160860330000
160860340000
160860350000
160860360000
160860370000
160860380000
160860390000
160860400000
160860410000
160860420000
160860430000
160860440000
160860450000
160860460000
160860470000
160860480000
160860490000
160860500000
160860510000
160860520000
160860530000
160860540000
160860550000
160860560000
160860570000
160860580000
160860590000
160860600000
160860610000
160860620000
160860630000
160860640000
160860650000
160860660000
160860670000
160860680000
160860690000
160860700000
160860710000
160860720000
160860730000
160860740000
160860750000
160860760000
160860770000
160860780000
160860790000
160860800000
160860810000
160860820000
160860830000
160860840000
160860850000
160860860000
160860870000
160860880000
160860890000
160860900000
160860910000
160870010000
160870020000
160870030000
160870040000
160870050000
160870060000
160870070000
160870080000
160870090000
160870100000
160870110000
160870120000
160870130000
160870140000
160870150000
160870160000
160870170000
160870180000
160870190000
160870200000
160870210000
160870220000
160870230000
160870240000
160870250000
160870260000
160870270000
160870280000
160870300000
160870310000
160870320000
160870330000
160870340000
160870350000
160870360000
160870370000
160870380000
160870390000
160870400000
160870410000
160870420000
160870430000
160870440000
160870450000
160870460000
160870470000
160870480000
160870490000
160870500000
160870510000
160870520000
160870530000
160870540000
160870550000
160870560000
160870570000
160870580000
160870590000
160870600000
160870610000
160870620000
160870630000
160870640000
160870650000
160870660000
160870670000
160870680000
160870690000
160870700000
160870710000
160870720000
160870730000
160870740000
160870750000
160870760000
160870770000
160870780000
160870790000
160870800000
160870810000
160870820000
160870830000
160870840000
160870850000
160870860000
160870870000
160870880000
160870890000
160870900000
160870910000
160870920000
160880010000
160880020000
160880030000
160880040000
160880050000
160880060000
160880070000
160880080000
160880090000
160880100000
160880110000
160880120000
160880130000
160880140000
160880150000
160880160000
160880170000
160880180000
160880190000
160880200000
160880210000
160880220000
160880230000
160880240000
160880250000
160880260000
160880270000
160880280000
160880290000
160880300000
160880310000
160880320000
160880330000
160880340000
160880350000
160880360000
160880370000
160880380000
160880390000
160880400000
160880410000
160880420000
160880430000
160880440000
160880450000
160880460000
160880470000
160880480000
160880490000
160880500000
160880510000
160880520000
160880530000
160880540000
160880550000
160880560000
160880570000
160880580000
160880590000
160880600000
160880610000
160880620000
160880630000
160880640000
160880650000
160880660000
160880670000
160880680000
160880690000
160880700000
160880710000
160890010000
160890020000
160890030000
160890040000
160890050000
160890060000
160890070000
160890080000
160890090000
160890100000
160890110000
160890120000
160890130000
160890140000
160890150000
160890160000
160890170000
160890180000
160890190000
160890200000
160890210000
160890220000
160890230000
160890240000
160890250000
160890260000
160890270000
160890280000
160890290000
160890300000
160890310000
160890320000
160890330000
160890340000
160890350000
160890360000
160890370000
160890380000
160890390000
160890400000
160890410000
160890420000
160890430000
160890440000
160890450000
160890460000
160890470000
160890480000
160890490000
160890500000
160890510000
160890520000
160890530000
160890540000
160890550000
160890560000
160890570000
160890580000
160890590000
160890600000
160890610000
160890620000
160890630000
160890640000
160890650000
160890660000
160890670000
160890680000
160890690000
160890700000
160890710000
160890720000
160890730000
160890740000
160890750000
160890760000
160890770000
160890780000
160890790000
160890800000
160890810000
160890820000
160890830000
160890840000
160890850000
160890860000
160890870000
160890880000
160890890000
160890900000
160890910000
160890920000
160890930000
160890940000
160890950000
160890960000
160890970000
160890980000
160890990000
160891000000
160891010000
160891020000
160891030000
160891040000
160891050000
160891060000
160891070000
160891080000
160891090000
160891100000
160891110000
160891120000
160891130000
160891140000
160891150000
160891160000
160891170000
160900010000
160900020000
160900030000
160900040000
160900050000
160900060000
160900070000
160900080000
160900090000
160900100000
160900110000
160900120000
160900130000
160900140000
160900150000
160900160000
160900170000
160900180000
160900190000
160900200000
160900210000
160900220000
160900230000
160900240000
160900250000
160900260000
160900270000
160900280000
160900290000
160900300000
160900310000
160900320000
160900330000
160900340000
160900350000
160900360000
160900370000
160900380000
160900390000
160900400000
160900410000
160900420000
160900430000
160900440000
160900450000
160900460000
160900470000
160900480000
160900490000
160900500000
160900510000
160900520000
160900530000
160900540000
160900550000
160900560000
160900570000
160900580000
160900590000
160900600000
160900610000
160900620000
160900630000
160900640000
160900650000
160900660000
160900670000
160900680000
160900690000
160900700000
160900710000
160900720000
160900730000
160900740000
160900750000
160900760000
160900770000
160900780000
160900790000
160900800000
160900810000
160900820000
160900830000
160900840000
160900850000
160900860000
160900870000
160900880000
160900890000
160900900000
160900910000
160900920000
160900930000
160900940000
160900950000
160900960000
160900970000
160900980000
160900990000
160901000000
160901010000
160901020000
160901030000
160901040000
160901050000
160901060000
160901070000
160901080000
160901090000
160901100000
160901110000
160901120000
160901130000
160901140000
160901150000
160901160000
160901170000
160901180000
160901190000
160901200000
160901210000
160901220000
160901230000
160901240000
160901250000
160901260000
160901270000
160901280000
160901290000
160901300000
160910010000
160910020000
160910030000
160910040000
160910050000
160910060000
160910070000
160910080000
160910090000
160910100000
160910110000
160910120000
160910130000
160910140000
160910150000
160910160000
160910170000
160910180000
160910190000
160910200000
160910210000
160910220000
160910230000
160910240000
160910250000
160910260000
160910270000
160910280000
160910290000
160910300000
160910310000
160910320000
160910330000
160910340000
160910350000
160910360000
160910370000
160910380000
160910390000
160910400000
160910410000
160910420000
160910430000
160910440000
160910450000
160910460000
160910470000
160910480000
160910490000
160910500000
160910510000
160910520000
160910530000
160910540000
160910550000
160910560000
160910570000
160910580000
160910590000
160910600000
160910610000
160910620000
160910630000
160910640000
160910650000
160910660000
160910670000
160910680000
160910690000
160910700000
160910710000
160910720000
160910730000
160910740000
160910750000
160910760000
160910770000
160910780000
160910790000
160910800000
160910810000
160910820000
160910830000
160910840000
160910850000
160910860000
160910870000
160910880000
160910890000
160910900000
160910910000
160910920000
160910930000
160910940000
160910950000
160910960000
160910970000
160910980000
160910990000
160911000000
160911010000
160911020000
160911030000
160911040000
160911050000
160911060000
160920010000
160920020000
160920030000
160920040000
160920050000
160920060000
160920070000
160920080000
160920090000
160920100000
160920110000
160920120000
160920130000
160920140000
160920150000
160920160000
160920170000
160920180000
160920190000
160920200000
160920210000
160920220000
160920230000
160920240000
160920250000
160920260000
160920270000
160920280000
160920290000
160920300000
160920310000
160920410000
160920610000
160920620000
160920630000
160920640000
160920650000
160920660000
160920670000
160920680000
160920690000
160920700000
160920710000
160920720000
160920730000
160920740000
160920750000
160920760000
160920770000
160920780000
160920790000
160920800000
160920810000
160920820000
160920830000
160920840000
160920850000
160920860000
160920870000
160920880000
160920890000
160920900000
160920910000
160920920000
160920930000
160920940000
160920950000
160920960000
160920970000
160920980000
160920990000
160921000000
160930010000
160930020000
160930030000
160930040000
160930050000
160930060000
160930070000
160930080000
160930090000
160930100000
160930110000
160930120000
160930130000
160930140000
160930150000
160930160000
160930170000
160930180000
160930190000
160930200000
160930210000
160930220000
160930230000
160930240000
160930250000
160930260000
160930270000
160930280000
160930290000
160930300000
160930310000
160930320000
160930330000
160930340000
160930350000
160930360000
160930370000
160930380000
160930390000
160930400000
160930410000
160930420000
160930430000
160930440000
160930450000
160930460000
160930470000
160930480000
160930490000
160930500000
160930510000
160930520000
160930530000
160930540000
160930550000
160930560000
160930570000
160930580000
160930590000
160930600000
160930610000
160930620000
160930630000
160930640000
160930650000
160930660000
160930670000
160930680000
160930690000
160930700000
160930710000
160930720000
160930730000
160930740000
160930750000
160930760000
160930770000
160930780000
160930790000
160930800000
160930810000
160930820000
160930830000
160930840000
160930850000
160930860000
160930870000
160930880000
160930890000
160930900000
160930910000
160930920000
160930930000
160930940000
160930950000
160930960000
160930970000
160930980000
160930990000
160931000000
160931010000
160931020000
160931030000
160931040000
160931050000
160931060000
160931070000
160931080000
160931090000
160931100000
160940010000
160940020000
160940030000
160940040000
160940050000
160940060000
160940070000
160940080000
160940090000
160940100000
160940110000
160940120000
160940130000
160940140000
160940150000
160940160000
160940170000
160940180000
160940190000
160940200000
160940210000
160940220000
160940230000
160940240000
160940250000
160940260000
160940270000
160940280000
160940290000
160940300000
160940310000
160940320000
160940330000
160940340000
160940350000
160940360000
160940370000
160940380000
160940390000
160940400000
160940410000
160940420000
160940430000
160940440000
160940450000
160940460000
160940470000
160940480000
160940490000
160940500000
160940510000
160940520000
160940530000
160940540000
160940550000
160940560000
160940570000
160940580000
160940590000
160940600000
160940610000
160940620000
160940630000
160940640000
160940650000
160940660000
160940670000
160940680000
160940690000
160950010000
160950020000
160950030000
160950040000
160950050000
160950060000
160950070000
160950080000
160950090000
160950100000
160950110000
160950120000
160950130000
160950140000
160950150000
160950160000
160950170000
160950180000
160950190000
160950200000
160950210000
160950220000
160950230000
160950240000
160950250000
160950260000
160950270000
160950280000
160950290000
160950300000
160950310000
160950320000
160950330000
160950340000
160950350000
160950360000
160950370000
160950380000
160950390000
160950400000
160950410000
160950420000
160950430000
160950440000
160950450000
160950460000
160950470000
160950480000
160950490000
160950500000
160950510000
160950520000
160950530000
160950540000
160950550000
160950560000
160950570000
160950580000
160950590000
160950600000
160950610000
160950620000
160950630000
160950640000
160950650000
160950660000
160950670000
160950680000
160950690000
160950700000
160950710000
160950720000
160950730000
160950740000
160950750000
160950760000
160950770000
160950780000
160950790000
160950800000
160950810000
160950820000
160950830000
160950840000
160950850000
160950860000
160950870000
160950880000
160950890000
160950900000
160950910000
160950920000
160950930000
160950940000
160950950000
160950960000
160950970000
160950980000
160950990000
160951000000
160951010000
160951020000
160951030000
160951040000
160951050000
160951060000
160951070000
160951080000
160951090000
160951100000
160951110000
160951120000
160951130000
160951140000
160951150000
160951160000
160951170000
160951180000
160951190000
160951200000
160951210000
160951220000
160951230000
160951240000
160951250000
160951260000
160951270000
160951280000
160951290000
160951300000
160960010000
160960020000
160960030000
160960040000
160960050000
160960060000
160960070000
160960080000
160960090000
160960100000
160960110000
160960120000
160960130000
160960140000
160960150000
160960160000
160960170000
160960180000
160960190000
160960200000
160960210000
160960220000
160960230000
160960240000
160960250000
160960260000
160960270000
160960280000
160960290000
160960300000
160960310000
160960320000
160960330000
160960340000
160960350000
160960360000
160960370000
160960380000
160960390000
160960400000
160960410000
160960420000
160960430000
160960440000
160960450000
160960460000
160960470000
160960480000
160960490000
160960500000
160960510000
160960520000
160960530000
160960540000
160960550000
160960560000
160960570000
160960580000
160960590000
160960600000
160960610000
160960620000
160960630000
160960640000
160960650000
160960660000
160960670000
160960680000
160960690000
160960700000
160960710000
160960720000
160960730000
160960740000
160960750000
160960760000
160960770000
160960780000
160960790000
160960800000
160960810000
160960820000
160960830000
160960840000
160960850000
160960860000
160960870000
160960880000
160960890000
160960900000
160960910000
160960920000
160970010000
160970020000
160970030000
160970040000
160970050000
160970060000
160970070000
160970080000
160970090000
160970100000
160970110000
160970120000
160970130000
160970140000
160970150000
160970160000
160970170000
160970180000
160970190000
160970200000
160970210000
160970220000
160970230000
160970240000
160970250000
160970260000
160970270000
160970280000
160970290000
160970300000
160970310000
160970320000
160970330000
160970340000
160970350000
160970360000
160970370000
160970380000
160970390000
160970400000
160970410000
160970420000
160970430000
160970440000
160970450000
160970460000
160970470000
160970480000
160970490000
160970500000
160970510000
160970520000
160970530000
160970540000
160970550000
160970560000
160970570000
160970580000
160970590000
160970600000
160970610000
160970620000
160970630000
160970640000
160970650000
160970660000
160970670000
160970680000
160970690000
160970700000
160970710000
160970720000
160970730000
160970740000
160970750000
160970760000
160970770000
160980010000
160980020000
160980030000
160980040000
160980050000
160980060000
160980070000
160980080000
160980090000
160980100000
160980110000
160980120000
160980130000
160980140000
160980150000
160980160000
160980170000
160980180000
160980190000
160980200000
160980210000
160980220000
160980230000
160980240000
160980250000
160980260000
160980270000
160980280000
160980290000
160980300000
160980310000
160980320000
160980330000
160980340000
160980350000
160980360000
160980370000
160980380000
160980390000
160980400000
160980410000
160980420000
160980430000
160980440000
160980450000
160980460000
160990010000
160990020000
160990030000
160990040000
160990050000
160990060000
160990070000
160990080000
160990090000
160990100000
160990110000
160990120000
160990130000
160990140000
160990150000
160990160000
160990170000
160990180000
160990190000
160990200000
160990210000
160990220000
160990230000
160990240000
160990250000
160990260000
160990270000
160990280000
160990290000
160990300000
160990310000
160990320000
160990330000
160990340000
160990350000
160990360000
160990370000
160990380000
160990390000
160990400000
160990410000
160990420000
160990430000
160990440000
160990450000
160990460000
160990470000
160990480000
160990490000
160990500000
160990510000
160990520000
160990530000
160990540000
160990550000
160990560000
160990570000
160990580000
160990590000
160990600000
160990610000
160990620000
160990630000
160990640000
160990650000
160990660000
160990670000
161000010000
161000020000
161000030000
161000040000
161000050000
161000060000
161000070000
161000080000
161000090000
161000100000
161000110000
161000120000
161000130000
161000140000
161000150000
161000160000
161000170000
161000180000
161000190000
161000200000
161000210000
161000220000
161000230000
161000240000
161000250000
161000260000
161000270000
161000280000
161000290000
161000300000
161000310000
161000320000
161000330000
161000340000
161000350000
161000360000
161000370000
161000380000
161000390000
161000400000
161000410000
161000420000
161000430000
161000440000
161000450000
161000460000
161000470000
161000480000
161000490000
161000500000
161000510000
161000520000
161000530000
161000540000
161000550000
161000560000
161000570000
161000580000
161000590000
161000600000
161000610000
161000620000
161000630000
161000640000
161000650000
161000660000
161000670000
161000680000
161000690000
161000700000
161000710000
161000720000
161000730000
161000740000
161000750000
161000760000
161000770000
161000780000
161000790000
161000800000
161000810000
161010010000
161010020000
161010030000
161010040000
161010050000
161010060000
161010070000
161010080000
161010090000
161010100000
161010110000
161010120000
161010130000
161010140000
161010150000
161010160000
161010170000
161010180000
161010190000
161010200000
161010210000
161010220000
161010230000
161010240000
161010250000
161010260000
161010270000
161010280000
161010290000
161010300000
161010310000
161010320000
161010330000
161010340000
161010350000
161010360000
161010370000
161010380000
161010390000
161010400000
161010410000
161010420000
161010430000
161010440000
161010450000
161010460000
161010470000
161010480000
161010490000
161010500000
161010510000
161010520000
161010530000
161010540000
161010550000
161010560000
161010570000
161010580000
161010590000
161010600000
161010610000
161010620000
161010630000
161010640000
161010650000
161010660000
161010670000
161010680000
161010690000
161010700000
161010710000
161010720000
161010730000
161010740000
161010750000
161010760000
161010770000
161010780000
161010790000
161010800000
161010810000
161010820000
161010830000
161010840000
161010850000
161010860000
161010870000
161010880000
161010890000
161020010000
161020020000
161020030000
161020040000
161020050000
161020060000
161020070000
161020080000
161020090000
161020100000
161020110000
161020120000
161020130000
161020140000
161020150000
161020160000
161020170000
161020180000
161020190000
161020200000
161020210000
161020220000
161020230000
161020240000
161020250000
161020260000
161020270000
161020280000
161020290000
161020300000
161020310000
161020320000
161020330000
161020340000
161020350000
161020360000
161020370000
161020380000
161020390000
161020400000
161020410000
161020420000
161020430000
161020440000
161020450000
161020460000
161020470000
161020480000
161020490000
161020500000
161020510000
161020520000
161020530000
161020540000
161020550000
161020560000
161020570000
161020580000
161020590000
161020600000
161020610000
161020620000
161020630000
161020640000
161020650000
161020660000
161020670000
161020680000
161020690000
161020700000
161020710000
161020720000
161020730000
161020740000
161020750000
161020760000
161020770000
161020780000
161020790000
161020800000
161020810000
161020820000
161020830000
161020840000
161020850000
161020860000
161020870000
161020880000
161020890000
161020900000
161020910000
161020920000
161020930000
161020940000
161020950000
161020960000
161020970000
161020980000
161020990000
161021000000
161021010000
161021020000
161021040000
161021050000
161021060000
161021070000
161021080000
161021090000
161021100000
161021110000
161021120000
161021130000
161021140000
161021150000
161021160000
161021170000
161021180000
161021190000
161021200000
161021210000
161021220000
161021230000
161021240000
161021250000
161021260000
161021270000
161021280000
161021290000
161021300000
161021310000
161021320000
161021330000
161021340000
161021350000
161021360000
161021370000
161021380000
161021390000
161021400000
161021410000
161021420000
161021430000
161021440000
161021450000
161021460000
161021470000
161021480000
161021490000
161021500000
161021510000
161021520000
161021530000
161021540000
161021550000
161021560000
161021570000
161021580000
161021590000
161021600000
161021610000
161021620000
161021630000
161021640000
161021650000
161021660000
161021670000
161021680000
161021690000
161021700000
161021710000
161030010000
161030020000
161030030000
161030040000
161030050000
161030060000
161030070000
161030080000
161030090000
161030100000
161030110000
161030120000
161030130000
161030140000
161030150000
161030160000
161030170000
161030180000
161030190000
161030200000
161030210000
161030220000
161030230000
161030240000
161030250000
161030260000
161030270000
161030280000
161030290000
161030300000
161030310000
161030320000
161030330000
161030340000
161030350000
161030360000
161030370000
161030380000
161030390000
161030400000
161030410000
161030420000
161030430000
161030440000
161030450000
161030460000
161030470000
161030480000
161030490000
161030500000
161030510000
161030520000
161030530000
161030540000
161030550000
161030560000
161030570000
161030580000
161030590000
161030600000
161030610000
161030620000
161030630000
161030640000
161030650000
161030660000
161030670000
161030680000
161030690000
161030700000
161030710000
161030720000
161030730000
161030740000
161030750000
161030760000
161030770000
161030780000
161030790000
161030800000
161030810000
161030820000
161030830000
161030840000
161030850000
161030860000
161030870000
161030880000
161030890000
161030900000
161030910000
161030920000
161030930000
161030940000
161030950000
161030960000
161030970000
161030980000
161030990000
161031000000
161031010000
161031020000
161031030000
161031040000
161031050000
161031060000
161031070000
161031080000
161031090000
161031100000
161031110000
161031120000
161031130000
161031140000
161031150000
161031160000
161031170000
161031180000
161031190000
161031200000
161031210000
161031220000
161031230000
161031240000
161031250000
161031260000
161031270000
161031280000
161031290000
161031300000
161031310000
161031320000
161031330000
161031340000
161031350000
161031360000
161031370000
161031380000
161031390000
161031400000
161031410000
161031420000
161031430000
161031440000
161031450000
161031460000
161031470000
161031480000
161031490000
161031500000
161031510000
161031520000
161031530000
161031540000
161040010000
161040020000
161040030000
161040040000
161040050000
161040060000
161040070000
161040080000
161040090000
161040100000
161040110000
161040120000
161040130000
161040140000
161040150000
161040160000
161040170000
161040180000
161040190000
161040200000
161040210000
161040220000
161040230000
161040240000
161040250000
161040260000
161040270000
161040280000
161040290000
161040300000
161040310000
161040320000
161040330000
161040340000
161040350000
161040360000
161040370000
161040380000
161040390000
161040400000
161040410000
161040420000
161040430000
161040440000
161040450000
161040460000
161040470000
161040480000
161040490000
161040500000
161040510000
161040520000
161040530000
161040540000
161040550000
161040560000
161040570000
161040580000
161040590000
161040600000
161040610000
161040620000
161040630000
161040640000
161040650000
161040660000
161040670000
161040680000
161040690000
161040700000
161040710000
161040720000
161040730000
161040740000
161040750000
161040760000
161040770000
161040780000
161040790000
161040800000
161040810000
161040820000
161040830000
161040840000
161040850000
161040860000
161040870000
161040880000
161040890000
161040900000
161040910000
161040920000
161040930000
161040940000
161040950000
161040960000
161040970000
161040980000
161040990000
161041000000
161041010000
161041020000
161041030000
161041040000
161041050000
161041060000
161041070000
161041080000
161041090000
161041100000
161041110000
161041120000
161041130000
161041140000
161041150000
161041160000
161041170000
161041180000
161041190000
161041200000
161041210000
161050010000
161050020000
161050030000
161050040000
161050050000
161050060000
161050070000
161050080000
161050090000
161050100000
161050110000
161050120000
161050130000
161050140000
161050150000
161050160000
161050170000
161050180000
161050190000
161050200000
161050210000
161050220000
161050230000
161050240000
161050250000
161050260000
161050270000
161050280000
161050290000
161050300000
161050310000
161050320000
161050330000
161050340000
161050350000
161050360000
161050370000
161050380000
161050390000
161050400000
161050410000
161050420000
161050430000
161050440000
161050450000
161050460000
161050470000
161050480000
161050490000
161050500000
161050510000
161050520000
161050530000
161050540000
161050550000
161050560000
161050570000
161050580000
161050590000
161050600000
161050610000
161050620000
161050630000
161050640000
161050650000
161050660000
161050670000
161050680000
161050690000
161050700000
161050710000
161050720000
161050730000
161050740000
161050750000
161050760000
161050770000
161050780000
161050790000
161050800000
161050810000
161050820000
161050830000
161050840000
161050850000
161050860000
161050870000
161050880000
161050890000
161050900000
161050910000
161050920000
161050930000
161050940000
161050950000
161050960000
161050970000
161050980000
161050990000
161051000000
161051010000
161051020000
161051030000
161051040000
161051050000
161051060000
161051070000
161051080000
161051090000
161051100000
161051110000
161051120000
161051130000
161051140000
161051150000
161051160000
161051170000
161051180000
161051190000
161051200000
161051210000
161060010000
161060020000
161060030000
161060040000
161060050000
161060060000
161060070000
161060080000
161060090000
161060100000
161060110000
161060120000
161060130000
161060140000
161060150000
161060160000
161060170000
161060180000
161060190000
161060200000
161060210000
161060220000
161060230000
161060240000
161060250000
161060260000
161060270000
161060280000
161060290000
161060300000
161060310000
161060320000
161060330000
161060340000
161060350000
161060360000
161060370000
161060380000
161060390000
161060400000
161060410000
161060420000
161060430000
161060440000
161060450000
161060460000
161060470000
161060480000
161060490000
161060500000
161060510000
161060520000
161060530000
161060540000
161060550000
161060560000
161060570000
161060580000
161060590000
161060600000
161060610000
161060620000
161060630000
161060640000
161060650000
161060660000
161060670000
161060680000
161060690000
161060700000
161060710000
161060720000
161060730000
161060740000
161060750000
161060760000
161060770000
161060780000
161060790000
161060800000
161060810000
161060820000
161060830000
161060840000
161060850000
161060860000
161060870000
161060880000
161060890000
161060900000
161060910000
161060920000
161060930000
161060940000
161060950000
161060960000
161060970000
161060980000
161060990000
161061000000
161061010000
161061020000
161061030000
161061040000
161061050000
161061060000
161061070000
161061080000
161061090000
161061100000
161061110000
161061120000
161061130000
161061140000
161061150000
161061160000
161061170000
161061180000
161061190000
161061200000
161061210000
161061220000
161061230000
161410010000
161410020000
161410030000
161410040000
161410050000
161410060000
161410070000
161410080000
161410090000
161410100000
161410110000
161410120000
161410130000
161410140000
161410150000
161410160000
161410170000
161410180000
161410190000
161410200000
161410210000
161410220000
161410230000
161410240000
161410260000
161410270000
161410280000
161420010000
161420020000
161420030000
161420040000
161420050000
161420060000
161420070000
161420080000
161420090000
161420100000
161420110000
161420120000
161420130000
161420140000
161420150000
161420160000
161420170000
161420180000
161420200000
161420210000
161420220000
161420230000
161420240000
161420250000
161420260000
161420270000
161420280000
161420290000
161420300000
161420310000
161420320000
161420330000
161420340000
161420350000
161420360000
161420370000
161420380000
161420390000
161420400000
161420410000
161420420000
161420430000
161420440000
161420450000
161420460000
161420470000
161420480000
161420490000
161420500000
161420510000
161420520000
161420530000
161420540000
161420550000
161420560000
161420570000
161420580000
161420590000
161420600000
161420610000
161420620000
161420630000
161420640000
161420650000
161420660000
161420670000
161420680000
161420690000
161420700000
161420710000
161420720000
161420730000
161420740000
161420750000
161420760000
161430010000
161430020000
161430030000
161430050000
161430070000
161430080000
161430090000
161430100000
161430130000
161430150000
161430160000
161430170000
161430180000
161430220000
161430230000
161430240000
161430280000
161430290000
161430300000
161430310000
161430320000
161430330000
161430340000
161430350000
161430360000
161430370000
161430380000
161430390000
161430410000
161430420000
161440010000
161440020000
161440030000
161440040000
161440050000
161440060000
161440070000
161440080000
161440090000
161440100000
161440110000
161440120000
161440130000
161440140000
161440150000
161440160000
161440170000
161440180000
161440190000
161440200000
161440210000
161440220000
161440230000
161440240000
161440250000
161440260000
161440270000
161440280000
161440290000
161440300000
161440310000
161440320000
161440330000
161440340000
161440350000
161440360000
161440370000
161440380000
161440390000
161440400000
161440410000
161440420000
161440440000
161440450000
161440460000
161440470000
161440480000
161440490000
161440500000
161440510000
161440520000
161440530000
161440540000
161450010000
161450020000
161450030000
161450040000
161450050000
161450060000
161450070000
161450080000
161450090000
161450100000
161450110000
161450120000
161450130000
161450140000
161450150000
161450160000
161450170000
161450180000
161450190000
161450200000
161450210000
161450220000
161450230000
161450240000
161450250000
161450260000
161450280000
161450290000
161450300000
161450310000
161450320000
161450330000
161450340000
161450350000
161450360000
161450370000
161450380000
161450390000
161450400000
161450410000
161450420000
161450430000
161450440000
161450450000
161450460000
161450470000
161450480000
161450490000
161450500000
161450510000
161450520000
161450530000
161450540000
161450550000
161450560000
161460010000
161460020000
161460030000
161460040000
161460050000
161460060000
161460070000
161460080000
161460090000
161460100000
161460110000
161460120000
161460130000
161460140000
161460150000
161460160000
161460170000
161460180000
161460190000
161460210000
161460220000
161460230000
161460240000
161460250000
161460260000
161460270000
161460280000
161460290000
161460300000
161460310000
161460320000
161460330000
161460340000
161460350000
161460360000
161460370000
161460380000
161460390000
161460400000
161460410000
161460430000
161460440000
161460450000
161460460000
161460470000
161460480000
161460490000
161460500000
161460510000
161460520000
161460530000
161460540000
161460560000
161460570000
161470010000
161470020000
161470030000
161470040000
161470050000
161470060000
161470070000
161470080000
161470090000
161470100000
161470110000
161470120000
161470130000
161470140000
161470150000
161470160000
161470170000
161470180000
161470190000
161470200000
161470210000
161470220000
161470230000
161470240000
161470250000
161470260000
161470270000
161470280000
161470290000
161470300000
161470310000
161470320000
161470330000
161470340000
161470350000
161470360000
161470370000
161470380000
161470390000
161470400000
161470410000
161470420000
161470430000
161470440000
161470450000
161470460000
161470470000
161470480000
161470490000
161470500000
161470510000
161470520000
161470530000
161470540000
161470550000
161470560000
161470570000
161470580000
161470590000
161480010000
161480020000
161480030000
161480040000
161480050000
161480060000
161480070000
161480080000
161480090000
161480100000
161480110000
161480120000
161480130000
161480140000
161480150000
161480160000
161480170000
161480180000
161480190000
161480200000
161480210000
161480220000
161480230000
161480240000
161480250000
161480260000
161480270000
161480280000
161480290000
161480310000
161480320000
161480330000
161480340000
161480350000
161480360000
161480370000
161480380000
161490010000
161490020000
161490030000
161490040000
161490050000
161490060000
161490070000
161490080000
161490090000
161490100000
161490110000
161490120000
161490130000
161490140000
161490150000
161490160000
161490170000
161490180000
161490190000
161490200000
161490210000
161490220000
161490230000
161490240000
161490250000
161490260000
161490270000
161490280000
161490290000
161490300000
161490310000
161490320000
161490330000
161490340000
161490350000
161490360000
161490370000
161490380000
161490390000
161490400000
161490410000
161490420000
161490430000
161490440000
161490450000
161490460000
161490470000
161490480000
161490490000
161490500000
161490510000
161500010000
161500020000
161500030000
161500040000
161500050000
161500060000
161500070000
161500080000
161500090000
161500100000
161500110000
161500120000
161500130000
161500140000
161500150000
161500160000
161500170000
161500180000
161500190000
161500200000
161500210000
161500220000
161500230000
161500240000
161500250000
161500260000
161500270000
161500280000
161500290000
161500300000
161500310000
161500320000
161500330000
161500340000
161500350000
161500360000
161500370000
161500380000
161500390000
161500400000
161500410000
161500420000
161500430000
161510010000
161510020000
161510030000
161510040000
161510050000
161510060000
161510070000
161510080000
161510090000
161510100000
161510110000
161510120000
161510130000
161510140000
161510150000
161510160000
161510170000
161510180000
161510190000
161510200000
161510210000
161510230000
161520020000
161520030000
161520050000
161520060000
161520070000
161520080000
161520090000
161520100000
161520110000
161520120000
161520130000
161520140000
161520160000
161520170000
161520180000
161520190000
161520200000
161520210000
161520220000
161520230000
161520240000
161520250000
170010010000
170010020000
170010030000
170010040000
170010050000
170010060000
170010070000
170010080000
170010090000
170010100000
170010110000
170010120000
170010130000
170010140000
170010160000
170010170000
170010180000
170010190000
170010200000
170010210000
170010220000
170010230000
170010240000
170010250000
170010280000
170010290000
170010300000
170010320000
170010330000
170010340000
170010350000
170010360000
170010370000
170010380000
170010390000
170010400000
170010420000
170010490000
170010500000
170010520000
170010530000
170010550000
170010560000
170010570000
170010580000
170010590000
170010610000
170010620000
170010630000
170010640000
170010650000
170010660000
170010670000
170010680000
170010690000
170010700000
170010710000
170010720000
170020010000
170020020000
170020030000
170020040000
170020050000
170020060000
170020070000
170020080000
170020090000
170020100000
170020120000
170020130000
170020140000
170020150000
170020160000
170020170000
170020180000
170020190000
170020200000
170020210000
170020240000
170020250000
170020260000
170020270000
170020280000
170020290000
170020300000
170020310000
170020320000
170020330000
170020340000
170020350000
170020360000
170020370000
170020380000
170020390000
170030010000
170030020000
170030030000
170030040000
170030050000
170030060000
170030070000
170030080000
170030090000
170030100000
170030110000
170030120000
170030130000
170030140000
170030150000
170030160000
170030170000
170030190000
170030200000
170030210000
170030220000
170030230000
170030240000
170030250000
170030260000
170030270000
170030280000
170030290000
170030300000
170030310000
170030320000
170030330000
170030340000
170030350000
170030360000
170030370000
170030380000
170030390000
170030400000
170030410000
170030420000
170030430000
170030440000
170030450000
170030460000
170030470000
170030480000
170030490000
170030500000
170030510000
170030520000
170030530000
170030540000
170030550000
170040010000
170040020000
170040030000
170040040000
170040050000
170040060000
170040070000
170040080000
170040090000
170040100000
170040120000
170040130000
170040140000
170040160000
170040170000
170040180000
170040190000
170040200000
170040210000
170040220000
170040230000
170040240000
170040250000
170040260000
170040270000
170040280000
170040290000
170040300000
170040310000
170040320000
170040330000
170050010000
170050020000
170050030000
170050040000
170050050000
170050060000
170050070000
170050080000
170050090000
170050100000
170050110000
170050120000
170050130000
170050140000
170050150000
170050160000
170050170000
170050180000
170050190000
170050200000
170050210000
170050220000
170050230000
170050240000
170050250000
170050260000
170050270000
170050280000
170050300000
170050320000
170050330000
170050340000
170050350000
170050360000
170050370000
170050380000
170050390000
170050400000
170050410000
170050420000
170050430000
170050440000
170050450000
170050460000
170050470000
170050480000
170050490000
170050500000
170050510000
170050520000
170060010000
170060020000
170060030000
170060040000
170060050000
170060070000
170060080000
170060090000
170060100000
170060110000
170060120000
170060130000
170060140000
170060150000
170060160000
170060170000
170060180000
170060190000
170060200000
170060210000
170060220000
170060230000
170060240000
170060250000
170060260000
170060270000
170060280000
170060300000
170060310000
170060330000
170060350000
170060360000
170060370000
170060380000
170060390000
170060400000
170060420000
170070010000
170070020000
170070030000
170070040000
170070050000
170070060000
170070070000
170070080000
170070090000
170070100000
170070110000
170070120000
170070130000
170070140000
170070150000
170070160000
170070170000
170070180000
170070190000
170070200000
170070210000
170070220000
170070230000
170070240000
170070250000
170070280000
170070290000
170070350000
170070360000
170070390000
170070400000
170070410000
170070420000
170070430000
170070440000
170070450000
170070460000
170070470000
170070480000
170070490000
170070500000
170070510000
170080010000
170080020000
170080030000
170080040000
170080050000
170080060000
170080070000
170080080000
170080090000
170080100000
170080110000
170080120000
170080130000
170080140000
170080170000
170080180000
170080190000
170080200000
170080210000
170080220000
170080230000
170080240000
170080250000
170080260000
170080270000
170080280000
170080290000
170080300000
170080310000
170080320000
170080330000
170080340000
170080350000
170080360000
170080370000
170080380000
170080390000
170080400000
170080410000
170080420000
170080430000
170080440000
170080450000
170080460000
170080470000
170080480000
170080490000
170090010000
170090020000
170090030000
170090050000
170090070000
170090080000
170090100000
170090110000
170090120000
170090130000
170090140000
170090150000
170090160000
170090190000
170090210000
170090220000
170090230000
170090240000
170090250000
170090260000
170090270000
170090280000
170090290000
170090300000
170100010000
170100020000
170100030000
170100040000
170100050000
170100070000
170100080000
170100090000
170100100000
170100110000
170100120000
170100130000
170100140000
170100150000
170100160000
170100170000
170100180000
170100190000
170100200000
170100210000
170110010000
170110020000
170110030000
170110040000
170110050000
170110060000
170110070000
170110080000
170110090000
170110100000
170110110000
170110120000
170110130000
170110140000
170110150000
170110160000
170110170000
170110180000
170110190000
170110200000
170110210000
170110220000
170110230000
170110240000
170110250000
170110260000
170110280000
170110300000
170110310000
170110320000
170110330000
170110340000
170110350000
170110360000
170110370000
170120010000
170120020000
170120030000
170120040000
170120050000
170120060000
170120070000
170120080000
170120090000
170120100000
170120110000
170120120000
170120130000
170120160000
170120170000
170120180000
170130010000
170130030000
170130040000
170130060000
170130080000
170130130000
170130140000
170130150000
170130160000
170130170000
170130180000
170130190000
170130200000
170130210000
170130220000
170130280000
170130290000
170130300000
170130310000
170130340000
170130350000
170130360000
170130370000
170130380000
170130390000
170130400000
170130410000
170130420000
170130440000
170130450000
170130460000
170130470000
170130530000
170130540000
170130550000
170130560000
170130580000
170130600000
170130640000
170130650000
170130660000
170130670000
170130680000
170130690000
170130700000
170130710000
170130720000
170130730000
170130740000
170130750000
170130760000
170130770000
170130780000
170130790000
170130800000
170130810000
170130820000
170130830000
170130840000
170130850000
170130860000
170130870000
170130880000
170130890000
170130900000
170130910000
170130920000
170130930000
170130940000
170130950000
170130960000
170130970000
170130980000
170130990000
170131000000
170131010000
170131020000
170131030000
170131040000
170131050000
170131060000
170131070000
170131080000
170131090000
170131100000
170131110000
170131120000
170131130000
170131140000
170131150000
170131160000
170131170000
170131180000
170131190000
170131200000
170131210000
170131220000
170131230000
170131240000
170131250000
170131260000
170140020000
170140050000
170140070000
170140080000
170140090000
170140100000
170140110000
170140120000
170140130000
170140140000
170140150000
170140160000
170140170000
170140180000
170140190000
170140200000
170140210000
170140220000
170140240000
170140250000
170150010000
170150030000
170150040000
170150050000
170150060000
170150070000
170150080000
170150090000
170150100000
170150110000
170150120000
170150130000
170150140000
170150150000
170150160000
170150170000
170150180000
170150190000
170150210000
170150220000
170150230000
170150240000
170150250000
170150260000
170150270000
170150280000
170150290000
170150300000
170150310000
170150320000
170150330000
170150340000
170160010000
170160020000
170160040000
170160050000
170160060000
170160080000
170160090000
170160100000
170160110000
170160120000
170160130000
170160140000
170160150000
170160160000
170160170000
170160180000
170160190000
170160200000
170160210000
170160220000
170160230000
170160240000
170160250000
170160260000
170160270000
170160280000
170160290000
170160310000
170160320000
170160330000
170160360000
170160370000
170160380000
170160410000
170160420000
170160430000
170160440000
170160450000
170160460000
170160470000
170160480000
170160500000
170160510000
170160520000
170160530000
170160540000
170160550000
170160560000
170170020000
170170030000
170170140000
170170150000
170170160000
170170170000
170170180000
170170190000
170170200000
170170210000
170170220000
170170230000
170170240000
170170250000
170170260000
170170270000
170170280000
170170290000
170170300000
170170310000
170170320000
170170330000
170170380000
170170410000
170170610000
170170620000
170170630000
170170640000
170170650000
170170660000
170170670000
170170680000
170170690000
170170700000
170170710000
170170720000
170170730000
170170740000
170170750000
170170760000
170170770000
170170780000
170170790000
170170800000
170170810000
170170820000
170170830000
170170840000
170170850000
170170860000
170170870000
170170880000
170170890000
170170900000
170170910000
170170920000
170170930000
170170940000
170170950000
170170960000
170170970000
170170980000
170170990000
170171000000
170171010000
170171020000
170171030000
170171040000
170171050000
170171060000
170171070000
170171080000
170171090000
170171120000
170171220000
170171230000
170171240000
170171260000
170171270000
170171280000
170171290000
170171300000
170171310000
170171320000
170171330000
170171340000
170171350000
170171360000
170171370000
170171380000
170171390000
170171400000
170171410000
170171420000
170171430000
170171440000
170171450000
170171460000
170171470000
170171480000
170171490000
170171500000
170171510000
170171520000
170171530000
170171540000
170171550000
170171560000
170171570000
170171580000
170171590000
170171600000
170171610000
170171620000
170171630000
170171640000
170171650000
170171660000
170171670000
170171680000
170171690000
170171700000
170171710000
170171720000
170171730000
170171740000
170171750000
170171760000
170171770000
170171780000
170171790000
170171800000
170171810000
170171820000
170171830000
170171840000
170171850000
170171860000
170171870000
170171880000
170180010000
170180020000
170180030000
170180040000
170180050000
170180060000
170180070000
170180080000
170180090000
170180100000
170180110000
170180120000
170180130000
170180140000
170180150000
170180160000
170180170000
170180180000
170180190000
170180200000
170180210000
170180220000
170180230000
170180240000
170180250000
170180260000
170180270000
170180280000
170190010000
170190020000
170190030000
170190040000
170190060000
170190070000
170190090000
170190100000
170190110000
170190120000
170190130000
170190140000
170190150000
170190160000
170190170000
170190180000
170190190000
170190200000
170190210000
170190220000
170190230000
170190240000
170190250000
170190260000
170190270000
170190280000
170190290000
170190300000
170200010000
170200020000
170200030000
170200040000
170200050000
170200060000
170200070000
170200080000
170200090000
170200100000
170200110000
170200120000
170200130000
170200140000
170200150000
170200160000
170200170000
170200180000
170200190000
170200200000
170200210000
170200220000
170200230000
170200240000
170200250000
170200260000
170200270000
170200280000
170200300000
170200310000
170200320000
170210010000
170210020000
170210030000
170210040000
170210050000
170210060000
170210070000
170210080000
170210090000
170210110000
170210120000
170210130000
170210140000
170210150000
170210160000
170210170000
170210180000
170210190000
170210200000
170210210000
170210220000
170210230000
170210240000
170210250000
170210260000
170210270000
170210280000
170210290000
170210300000
170210310000
170220010000
170220020000
170220030000
170220040000
170220050000
170220060000
170220070000
170220090000
170220100000
170220110000
170220120000
170220130000
170220140000
170220150000
170220160000
170220170000
170220180000
170220190000
170220200000
170220210000
170220220000
170220230000
170220240000
170220250000
170220260000
170220270000
170220280000
170220290000
170220300000
170220320000
170220330000
170220340000
170220350000
170220360000
170220370000
170220380000
170220390000
170220410000
170220420000
170220440000
170220480000
170220490000
170220500000
170220510000
170220530000
170220540000
170220550000
170220560000
170220570000
170220580000
170220590000
170220600000
170220610000
170220620000
170220630000
170220640000
170220650000
170220660000
170220670000
170220680000
170220690000
170220700000
170220710000
170220720000
170220730000
170220740000
170220750000
170220760000
170220770000
170230010000
170230040000
170230050000
170230060000
170230070000
170230080000
170230090000
170230100000
170230110000
170230120000
170230130000
170230140000
170230150000
170230160000
170230170000
170230180000
170230190000
170240010000
170240020000
170240030000
170240040000
170240050000
170240070000
170240080000
170240090000
170240100000
170240110000
170240120000
170240150000
170240160000
170240170000
170240190000
170240200000
170240220000
170240240000
170240250000
170240260000
170240270000
170240280000
170240290000
170240300000
170240310000
170240330000
170240340000
170240350000
170240360000
170240370000
170240380000
170240390000
170240400000
170240410000
170240420000
170240430000
170240440000
170240450000
170240460000
170240470000
170240480000
170240490000
170240500000
170240510000
170240520000
170240530000
170240540000
170240550000
170240560000
170240570000
170240580000
170240590000
170240600000
170240610000
170240620000
170240630000
170240640000
170240650000
170240660000
170240670000
170250010000
170250020000
170250030000
170250040000
170250050000
170250060000
170250080000
170250090000
170250100000
170250110000
170250120000
170250130000
170250140000
170250160000
170250170000
170250180000
170250190000
170250210000
170250220000
170250230000
170250240000
170250250000
170250260000
170250270000
170250280000
170250290000
170250300000
170250310000
170250320000
170250330000
170250340000
170250350000
170250360000
170250370000
170250380000
170260010000
170260040000
170260050000
170260060000
170260070000
170260080000
170260090000
170260100000
170260110000
170260120000
170260130000
170260140000
170260150000
170260160000
170260170000
170260180000
170260190000
170260210000
170260220000
170260230000
170260240000
170260250000
170260260000
170260270000
170260300000
170260310000
170260320000
170260330000
170260340000
170260350000
170260360000
170260370000
170260380000
170260390000
170260400000
170260410000
170260420000
170260430000
170260440000
170260450000
170260460000
170260490000
170260510000
170260530000
170260540000
170260550000
170270010000
170270020000
170270030000
170270040000
170270050000
170270060000
170270070000
170270080000
170270090000
170270100000
170270110000
170270120000
170270130000
170270140000
170270150000
170270160000
170270170000
170270180000
170270190000
170270200000
170270210000
170270220000
170270230000
170270240000
170270250000
170270260000
170270270000
170270280000
170270290000
170270300000
170270310000
170270320000
170270330000
170270340000
170270350000
170270360000
170270370000
170270380000
170270390000
170270400000
170270410000
170270420000
170270430000
170270440000
170270450000
170270460000
170270470000
170270480000
170270490000
170270500000
170270510000
170270520000
170270530000
170270540000
170270550000
170270560000
170270570000
170270580000
170270590000
170270600000
170270610000
170270620000
170270630000
170270640000
170270650000
170270660000
170270670000
170270680000
170270690000
170270700000
170270710000
170270720000
170270730000
170270740000
170270750000
170270760000
170270770000
170270780000
170270790000
170270800000
170270810000
170270820000
170270830000
170270840000
170270850000
170270860000
170270870000
170270880000
170270890000
170270900000
170270910000
170270920000
170270930000
170270940000
170270950000
170270960000
170270970000
170270980000
170270990000
170271000000
170271010000
170271020000
170271030000
170271040000
170271050000
170271060000
170271070000
170271080000
170271090000
170271100000
170271110000
170271120000
170271130000
170271140000
170271150000
170271160000
170271170000
170271180000
170271190000
170271200000
170271210000
170271220000
170271230000
170271240000
170271250000
170271260000
170271270000
170271280000
170271290000
170271300000
170271310000
170271320000
170271330000
170271340000
170271350000
170271360000
170271370000
170271380000
170271390000
170271400000
170271410000
170271420000
170271430000
170271440000
170271450000
170271460000
170271470000
170271480000
170271490000
170271500000
170271510000
170271520000
170271530000
170271540000
170271550000
170271560000
170271570000
170271580000
170271590000
170271600000
170271610000
170271620000
170271630000
170271640000
170271650000
170271660000
170271670000
170271680000
170271690000
170271700000
170271710000
170271720000
170271730000
170271740000
170271750000
170271760000
170271770000
170271780000
170271790000
170271800000
170271810000
170271820000
170271830000
170271840000
170271850000
170271860000
170271870000
170271880000
170271890000
170271900000
170271910000
170271920000
170271930000
170271940000
170271950000
170271960000
170271970000
170271980000
170271990000
170272000000
170272010000
170272020000
170272030000
170272040000
170272050000
170272060000
170272070000
170272080000
170272090000
170272100000
170272110000
170272120000
170272130000
170272140000
170272150000
170272170000
170272180000
170272190000
170272200000
170272210000
170272220000
170280010000
170280020000
170280030000
170280040000
170280050000
170280060000
170280070000
170280080000
170280090000
170280100000
170280110000
170280120000
170280130000
170280140000
170280150000
170280160000
170280170000
170280180000
170280190000
170280200000
170280210000
170280220000
170280230000
170280240000
170280250000
170280260000
170280270000
170280280000
170280290000
170280300000
170280310000
170280320000
170280330000
170280340000
170280350000
170280360000
170280370000
170280380000
170280390000
170280400000
170280410000
170280420000
170280430000
170280440000
170280450000
170280460000
170280470000
170280480000
170290010000
170290020000
170290030000
170290040000
170290050000
170290060000
170290070000
170290080000
170290090000
170290100000
170290110000
170290120000
170290130000
170290140000
170290150000
170290160000
170290170000
170290180000
170290190000
170290200000
170290210000
170290220000
170290230000
170290240000
170290250000
170290260000
170290270000
170290280000
170290290000
170290300000
170290310000
170290320000
170290330000
170290340000
170290350000
170290360000
170290370000
170290380000
170290390000
170290400000
170290410000
170290420000
170290430000
170290440000
170290450000
170300010000
170300020000
170300030000
170300040000
170300050000
170300060000
170300070000
170300080000
170300090000
170300100000
170300110000
170300120000
170300130000
170300140000
170300150000
170300160000
170300170000
170300180000
170300190000
170300200000
170300210000
170300220000
170300230000
170300240000
170300250000
170300260000
170300270000
170300280000
170300290000
170300300000
170300310000
170300320000
170300330000
170300340000
170300350000
170300360000
170300370000
170300380000
170300390000
170300400000
170300410000
170300420000
170300430000
170300440000
170300450000
170300460000
170300470000
170300480000
170300490000
170300500000
170300510000
170300520000
170300530000
170300540000
170300550000
170300560000
170300570000
170300580000
170300590000
170300600000
170300610000
170300620000
170300630000
170300640000
170300650000
170300660000
170300670000
170300680000
170300690000
170300700000
170300710000
170300720000
170300730000
170300740000
170300750000
170300760000
170300770000
170300780000
170300790000
170300800000
170300810000
170300820000
170300830000
170300840000
170300850000
170300860000
170300870000
170300880000
170300890000
170300900000
170300910000
170300920000
170300930000
170300940000
170300950000
170300960000
170300970000
170300980000
170300990000
170301000000
170301010000
170301020000
170301030000
170301040000
170301050000
170301060000
170301070000
170301080000
170301090000
170301100000
170301110000
170301120000
170301130000
170301140000
170301150000
170301160000
170301170000
170301180000
170301190000
170301200000
170301210000
170301220000
170301230000
170310010000
170310020000
170310030000
170310040000
170310050000
170310060000
170310070000
170310080000
170310090000
170310100000
170310110000
170310120000
170310130000
170310140000
170310150000
170310160000
170310170000
170310180000
170310190000
170310200000
170310210000
170310220000
170310230000
170310240000
170310250000
170310260000
170310270000
170310280000
170310290000
170310300000
170310310000
170310320000
170310330000
170310340000
170310350000
170310360000
170310370000
170310380000
170310390000
170310400000
170310410000
170320010000
170320020000
170320030000
170320040000
170320050000
170320060000
170320070000
170320080000
170320090000
170320100000
170320110000
170320120000
170320130000
170320140000
170320150000
170320160000
170320170000
170320180000
170320190000
180010010000
180010020000
180010030000
180010040000
180010050000
180010060000
180010070000
180010080000
180010110000
180010120000
180010130000
180010140000
180010150000
180010160000
180010170000
180010180000
180010190000
180010200000
180010210000
180010220000
180010230000
180010240000
180010250000
180010270000
180010290000
180010300000
180010310000
180010330000
180010340000
180010350000
180010360000
180010370000
180010390000
180010400000
180010410000
180010420000
180010430000
180010440000
180010450000
180010460000
180010470000
180010480000
180010490000
180010500000
180020010000
180020020000
180020030000
180020040000
180020050000
180020060000
180020070000
180020080000
180020090000
180020100000
180020110000
180020130000
180020140000
180020150000
180020160000
180020170000
180020180000
180020190000
180020200000
180020230000
180020250000
180020260000
180020280000
180020290000
180020310000
180020330000
180020340000
180020360000
180020370000
180020380000
180020420000
180020430000
180020440000
180020450000
180020460000
180020470000
180020480000
180020490000
180020500000
180020510000
180020520000
180020530000
180020540000
180020550000
180020560000
180020570000
180020580000
180020590000
180020600000
180020610000
180020620000
180020630000
180020640000
180020650000
180020660000
180030010000
180030020000
180030030000
180030040000
180030050000
180030060000
180030070000
180030080000
180030090000
180030100000
180030110000
180030120000
180030130000
180030140000
180030150000
180030160000
180030170000
180030180000
180030190000
180030200000
180030210000
180030220000
180030230000
180030250000
180030260000
180030270000
180030280000
180030290000
180030300000
180040060000
180040070000
180040080000
180040090000
180040100000
180040110000
180040120000
180040130000
180040140000
180040150000
180040160000
180040170000
180040200000
180040220000
180040230000
180040240000
180040250000
180040260000
180040270000
180040280000
180040290000
180040300000
180040340000
180040350000
180040370000
180040380000
180040390000
180040810000
180040820000
180040830000
180040840000
180040850000
180040860000
180040870000
180040880000
180040890000
180040900000
180040910000
180040920000
180040930000
180040950000
180040960000
180040970000
180040980000
180040990000
180041000000
180041010000
180041020000
180041030000
180041040000
180041050000
180041060000
180041070000
180041080000
180041090000
180041100000
180041110000
180041120000
180041130000
180041140000
180041150000
180041160000
180041170000
180041180000
180041190000
180041200000
180041210000
180041220000
180050010000
180050040000
180050050000
180050110000
180050120000
180050130000
180050140000
180050150000
180050160000
180050180000
180050190000
180050210000
180050220000
180050230000
180050240000
180050250000
180050260000
180050270000
180050280000
180050290000
180050300000
180050320000
180050340000
180050350000
180050360000
180050410000
180050430000
180050450000
180050460000
180050470000
180050480000
180050490000
180050500000
180050510000
180050590000
180050600000
180050610000
180050620000
180050630000
180050640000
180050650000
180050660000
180050670000
180050680000
180050690000
180050700000
180050710000
180050720000
180050750000
180050760000
180050770000
180050780000
180050790000
180050800000
180050810000
180050820000
180050830000
180050840000
180050850000
180050860000
180050870000
180050880000
180050890000
180050900000
180050910000
180050920000
180050930000
180050940000
180050950000
180050960000
180050970000
180050980000
180050990000
180051000000
180051010000
180051020000
180051030000
180051040000
180051050000
180051060000
180051070000
180051080000
180051090000
180051100000
180051110000
180051120000
180051130000
180051140000
180051150000
180051160000
180051170000
180051180000
180051190000
180051200000
180051210000
180051220000
180051230000
180051240000
180051250000
180051260000
180051270000
180051280000
180051290000
180051300000
180051310000
180051320000
180051330000
180051340000
180051350000
180051360000
180051370000
180051380000
180051390000
180051400000
180051410000
180051420000
180051430000
180051440000
180051450000
180051460000
180051470000
180051480000
180051490000
180051500000
180051510000
180051520000
180051530000
180051540000
180051550000
180051560000
180051570000
180051580000
180051590000
180051600000
180051610000
180051620000
180051630000
180051640000
180051650000
180051660000
180051670000
180051680000
180051690000
180051700000
180051710000
180051720000
180051730000
180051740000
180051750000
180051760000
180051770000
180051780000
180051790000
180051800000
180051810000
180051820000
180051830000
180060010000
180060050000
180060070000
180060080000
180060090000
180060110000
180060120000
180060130000
180060140000
180060190000
180060200000
180060210000
180060220000
180060230000
180060260000
180060270000
180060280000
180060290000
180060310000
180060330000
180060340000
180060360000
180060370000
180060380000
180060390000
180060400000
180060410000
180060420000
180060430000
180060440000
180060450000
180060460000
180060470000
180060480000
180060490000
180060510000
180060550000
180060560000
180060570000
180060600000
180060610000
180060620000
180060630000
180060640000
180060650000
180060660000
180060670000
180060680000
180060690000
180060770000
180060780000
180060860000
180060870000
180060880000
180060920000
180060940000
180060970000
180060980000
180061010000
180061020000
180061030000
180061040000
180061060000
180061080000
180061140000
180061150000
180061160000
180061170000
180061180000
180061190000
180061200000
180061210000
180061220000
180061230000
180061240000
180061250000
180061280000
180061290000
180061300000
180061310000
180061320000
180061330000
180061340000
180061350000
180061360000
180061370000
180061380000
180061390000
180061400000
180061410000
180061420000
180061430000
180061440000
180061450000
180061460000
180061470000
180061480000
180061490000
180061500000
180061550000
180061570000
180061580000
180061600000
180061610000
180061630000
180061640000
180061650000
180061670000
180061680000
180061700000
180061710000
180061720000
180061730000
180061740000
180061750000
180061760000
180061770000
180061800000
180061810000
180061840000
180061850000
180061990000
180062000000
180062010000
180062020000
180062030000
180062040000
180062050000
180062070000
180062080000
180062090000
180070020000
180070030000
180070040000
180070050000
180070070000
180070110000
180070130000
180070140000
180070150000
180070160000
180070170000
180070180000
180070190000
180070250000
180070310000
180070320000
180070340000
180070360000
180070380000
180070390000
180070400000
180070440000
180070450000
180070460000
180070470000
180070480000
180070490000
180070510000
180070520000
180070530000
180070540000
180070550000
180070560000
180070570000
180070580000
180070590000
180070600000
180070610000
180070620000
180070630000
180070640000
180070650000
180070660000
180070670000
180070680000
180070690000
180070700000
180070710000
180070720000
180070730000
180070740000
180070750000
180070760000
180070770000
180070780000
180070790000
180070800000
180070810000
180070820000
180070830000
180070840000
180070850000
180070860000
180070870000
180070880000
180070890000
180070900000
180070910000
180070920000
180070930000
180070940000
180080010000
180080020000
180080030000
180080040000
180080050000
180080060000
180080070000
180080080000
180080090000
180080100000
180080110000
180080120000
180080140000
180080150000
180080160000
180080170000
180080180000
180080190000
180080200000
180080210000
180080220000
180080230000
180080240000
180080250000
180080260000
180080270000
180080280000
180080290000
180080300000
180080310000
180080320000
180080330000
180080340000
180080350000
180080360000
180080370000
180080380000
180080390000
180080400000
180080410000
180080420000
180080430000
180080440000
180080450000
180080460000
180080470000
180080480000
180080490000
180080500000
180080510000
180080520000
180080530000
180080540000
180080550000
180080560000
180080570000
180080580000
180080590000
180080600000
180080610000
180080620000
180080630000
180090010000
180090020000
180090030000
180090040000
180090050000
180090060000
180090070000
180090080000
180090090000
180090100000
180090110000
180090120000
180090130000
180090140000
180090150000
180090160000
180090170000
180090180000
180090190000
180090200000
180090210000
180090220000
180090230000
180090240000
180090250000
180090260000
180090270000
180090280000
180090290000
180090300000
180090310000
180090320000
180090330000
180090340000
180090350000
180090360000
180090370000
180090380000
180090390000
180090400000
180090410000
180090420000
180090430000
180090440000
180090450000
180090460000
180090470000
180090480000
180090490000
180090500000
180090510000
180090520000
180090530000
180090540000
180090550000
180090560000
180090570000
180090580000
180090590000
180090600000
180090610000
180090620000
180090630000
180090640000
180090650000
180090660000
180090670000
180090680000
180100010000
180100040000
180100050000
180100060000
180100070000
180100080000
180100090000
180100100000
180100110000
180100120000
180100130000
180100140000
180100160000
180100170000
180100180000
180100190000
180100200000
180100210000
180100220000
180100230000
180100240000
180100250000
180100260000
180100270000
180100280000
180100290000
180100300000
180100310000
180100320000
180100330000
180100340000
180100350000
180100360000
180100370000
180100380000
180100390000
180100400000
180100410000
180100420000
180100430000
180100440000
180100450000
180100460000
180100470000
180100490000
180100500000
180100510000
180100520000
180100530000
180100540000
180100550000
180100560000
180100580000
180100590000
180100600000
180100620000
180100630000
180100640000
180100650000
180100660000
180100670000
180100680000
180100690000
180100700000
180100710000
180100720000
180100740000
180100750000
180100760000
180100770000
180100780000
180100790000
180100800000
180100810000
180100820000
180100830000
180100840000
180100850000
180100860000
180100870000
180100880000
180100890000
180100900000
180100910000
180100920000
180100930000
180100940000
180100950000
180100960000
180100970000
180100980000
180100990000
180101000000
180101010000
180101020000
180101030000
180101040000
180101050000
180101060000
180101070000
180101080000
180101090000
180101100000
180110010000
180110020000
180110030000
180110050000
180110110000
180110120000
180110130000
180110140000
180110150000
180110160000
180110170000
180110180000
180110190000
180110200000
180110210000
180110220000
180110230000
180110240000
180110250000
180110330000
180110340000
180110350000
180110360000
180110370000
180110380000
180110390000
180110400000
180110410000
180110420000
180110440000
180110540000
180110560000
180110630000
180110640000
180110650000
180110660000
180110670000
180110780000
180110790000
180110800000
180110810000
180110820000
180110830000
180110840000
180110900000
180110910000
180110920000
180110970000
180120010000
180120030000
180130010000
180130030000
180130040000
180130050000
180130060000
180130070000
180130080000
180130100000
180130110000
180130120000
180130130000
180130140000
180130150000
180130160000
180130170000
180130180000
180130190000
180130200000
180130210000
180130220000
180130230000
180130240000
180130250000
180130260000
180130270000
180130280000
180130290000
180140010000
180140020000
180140030000
180140040000
180140050000
180140060000
180140070000
180140080000
180140090000
180140100000
180140110000
180140120000
180140130000
180140140000
180140150000
180140160000
180140170000
180140180000
180140190000
180140200000
180140210000
180140220000
180140230000
180140240000
180140250000
180140260000
180140270000
180140280000
180140290000
180140300000
180140310000
180140320000
180140330000
180140340000
180140350000
180140360000
180140370000
180140380000
180140390000
180140400000
180140410000
180140420000
180140430000
180140440000
180140450000
180140460000
180140470000
180140480000
180140490000
180140500000
180140510000
180140520000
180140530000
180140540000
180140550000
180140560000
180140570000
180140580000
180140590000
180140600000
180140610000
180140620000
180140630000
180140640000
180140650000
180140660000
180140670000
180140680000
180140690000
180140700000
180140710000
180140720000
180140730000
180140740000
180140750000
180140760000
180140770000
180140780000
180140790000
180140800000
180140810000
180150010000
180150020000
180150030000
180150040000
180150050000
180150060000
180150070000
180150080000
180150090000
180150100000
180150110000
180150120000
180150130000
180150140000
180150150000
180150160000
180150170000
180150180000
180150190000
180150200000
180150210000
180150220000
180150230000
180150240000
180150250000
180150260000
180150270000
180150280000
180150290000
180150300000
180150310000
180150320000
180150330000
180150340000
180150350000
180150360000
180150370000
180150380000
180150390000
180150400000
180150410000
180150420000
180150430000
180150440000
180150450000
180150460000
180150470000
180150480000
180150490000
180150500000
180150510000
180150520000
180150530000
180150540000
180150550000
180150560000
180150570000
180150580000
180150590000
180150600000
180150610000
180150620000
180150630000
180150640000
180160010000
180160020000
180160030000
180160040000
180160050000
180160060000
180160070000
180160080000
180160090000
180160100000
180160110000
180160120000
180160130000
180160140000
180160150000
180160160000
180160170000
180160180000
180160190000
180160200000
180160210000
180160220000
180160230000
180160240000
180160250000
180160260000
180160270000
180160280000
180160290000
180160300000
180160310000
180160320000
180160330000
180160340000
180160350000
180160360000
180160370000
180160380000
180160390000
180160400000
180160410000
180160420000
180160430000
180160440000
180160450000
180160460000
180160470000
180160480000
180160490000
180160500000
180160510000
180160520000
180160530000
180160540000
180160550000
180160560000
180160570000
180160580000
180160590000
180160600000
180160610000
180160620000
180160630000
180160640000
180160650000
180160660000
180160670000
180160680000
180160690000
180160700000
180160710000
180160720000
180160730000
180160740000
180160750000
180160760000
180160770000
180160780000
180160790000
180160800000
180170010000
180170020000
180170030000
180170040000
180170050000
180170070000
180170090000
180170100000
180170110000
180170120000
180170130000
180170140000
180170150000
180170160000
180170170000
180170180000
180170190000
180170200000
180170210000
180170220000
180170230000
180170240000
180170250000
180170260000
180170270000
180170280000
180170290000
180170300000
180170310000
180170320000
180170330000
180170340000
180170350000
180170360000
180170370000
180170380000
180170390000
180170400000
180170410000
180170420000
180170430000
180170440000
180170450000
180170460000
180170470000
180170480000
180170490000
180170500000
180170510000
180170520000
180170530000
180170540000
180170550000
180170560000
180170570000
180170580000
180170590000
180170600000
180170610000
180170620000
180170630000
180170640000
180170650000
180170660000
180170670000
180170680000
180170690000
180170700000
180170710000
180170720000
180170730000
180170740000
180170750000
180170760000
180170770000
180170780000
180170790000
180170800000
180170810000
180180010000
180180020000
180180030000
180180040000
180180050000
180180060000
180180070000
180180080000
180180090000
180180100000
180180110000
180180120000
180180130000
180180140000
180180150000
180180160000
180180170000
180180180000
180180190000
180180200000
180180210000
180180220000
180180230000
180180240000
180180250000
180180260000
180180270000
180180280000
180180290000
180180300000
180180310000
180180320000
180180330000
180180340000
180180350000
180180370000
180180380000
180180390000
180180400000
180180410000
180180420000
180180430000
180180440000
180180450000
180180460000
180180470000
180180480000
180180490000
180180500000
180180510000
180180520000
180180530000
180180540000
180180550000
180180560000
180180570000
180180580000
180180590000
180180600000
180180610000
180180620000
180180630000
180180640000
180190010000
180190020000
180190030000
180190040000
180190050000
180190060000
180190070000
180190080000
180190090000
180190100000
180190110000
180190120000
180190130000
180190140000
180190150000
180190160000
180190170000
180190180000
180190190000
180190200000
180190210000
180190220000
180190230000
180190240000
180190250000
180190260000
180190270000
180190280000
180190290000
180190300000
180190310000
180190320000
180190330000
180190340000
180190350000
180190360000
180190370000
180190380000
180190390000
180190400000
180190410000
180190420000
180190430000
180190440000
180190450000
180190460000
180190470000
180190480000
180190490000
180190500000
180190510000
180190520000
180190530000
180190540000
180190550000
180190560000
180190570000
180190580000
180190590000
180190600000
180190610000
180190620000
180190630000
180190640000
180190650000
180190660000
180190670000
180190680000
180190690000
180190700000
180190710000
180190720000
180190730000
180190740000
180190750000
180190760000
180190770000
180190780000
180190790000
180190800000
180200010000
180200020000
180200030000
180200040000
180200050000
180200060000
180200070000
180200080000
180200090000
180200100000
180200110000
180200120000
180200130000
180200140000
180200150000
180200170000
180210010000
180210020000
180210030000
180210040000
180210050000
180210060000
180210070000
180210080000
180210090000
180210100000
180210110000
180210120000
180210130000
180210140000
180210150000
180210160000
180210170000
180210180000
180210190000
180210200000
180210210000
180210220000
180210230000
180210240000
180210250000
180210260000
180210270000
180210290000
180210300000
180210310000
180210320000
180210330000
180210340000
180210350000
180210360000
180210370000
180210380000
180210390000
180210400000
180210410000
180210420000
180210430000
180210440000
180210450000
180210460000
180210470000
180210480000
180210490000
180210500000
180210510000
180210520000
180210530000
180210540000
180210550000
180210560000
180210570000
180210580000
180210590000
180210600000
180210610000
180220010000
180220020000
180220030000
180220040000
180220050000
180220060000
180220070000
180220080000
180220090000
180220100000
180220110000
180220120000
180220130000
180220140000
180220150000
180220160000
180220170000
180220180000
180220190000
180220200000
180220210000
180220220000
180220230000
180220240000
180220250000
180220260000
180220270000
180220280000
180220290000
180220300000
180220310000
180220320000
180220330000
180220340000
180220350000
180220360000
180220370000
180220380000
180220390000
180220400000
180220410000
180220420000
180220430000
180220440000
180220450000
180220460000
180220470000
180220480000
180220490000
180220500000
180220510000
180220520000
180220530000
180220540000
180220550000
180220560000
180220570000
180220580000
180220590000
180230010000
180230020000
180230030000
180230040000
180230050000
180230060000
180230070000
180230080000
180230090000
180230100000
180230110000
180230120000
180230130000
180230140000
180230150000
180230160000
180230170000
180230180000
180230190000
180230200000
180230210000
180230220000
180230230000
180230240000
180230250000
180230260000
180230270000
180230280000
180230290000
180230300000
180230310000
180230320000
180230330000
180230340000
180230350000
180230360000
180230370000
180230380000
180230390000
180230400000
180230410000
180230420000
180230430000
180230440000
180230450000
180230460000
180230470000
180230480000
180230490000
180230500000
180230510000
180230520000
180230530000
180230540000
180230550000
180230560000
180230570000
180230580000
180230590000
180230600000
180230610000
180240010000
180240020000
180240030000
180240040000
180240050000
180240060000
180240070000
180240080000
180240090000
180240100000
180240110000
180240120000
180240130000
180240140000
180240150000
180240160000
180240170000
180240180000
180240190000
180240200000
180240210000
180240220000
180240230000
180240240000
180240250000
180240260000
180240270000
180240280000
180240290000
180240300000
180240310000
180240320000
180240330000
180240340000
180240350000
180240360000
180240370000
180240380000
180240390000
180240400000
180240410000
180240420000
180240430000
180240440000
180240450000
180240460000
180240470000
180240480000
180240490000
180240500000
180240510000
180240520000
180240530000
180240540000
180240550000
180240560000
180240570000
180240580000
180240590000
180250010000
180250020000
180250030000
180250040000
180250050000
180250060000
180250070000
180250080000
180250090000
180250100000
180250110000
180250120000
180250130000
180250140000
180250150000
180250160000
180250170000
180250180000
180250190000
180250200000
180250210000
180250220000
180250230000
180250240000
180250250000
180250260000
180250270000
180250280000
180250290000
180250300000
180250310000
180250320000
180250330000
180250340000
180250350000
180250360000
180250370000
180250380000
180250390000
180250400000
180250410000
180250420000
180250430000
180250440000
180250450000
180250460000
180250470000
180250480000
180250490000
180250500000
180250510000
180250520000
180250530000
180250540000
180250550000
180250560000
180250570000
180250580000
180260010000
180260020000
180260030000
180260040000
180260050000
180260060000
180260070000
180260080000
180260090000
180260100000
180260110000
180260120000
180260130000
180260140000
180260150000
180260160000
180260170000
180260180000
180260190000
180260200000
180260210000
180260220000
180260230000
180260240000
180260250000
180260260000
180260270000
180260280000
180260380000
180260390000
180260400000
180260410000
180260420000
180260430000
180260440000
180260450000
180260460000
180260470000
180260480000
180260490000
180260500000
180260510000
180260520000
180260530000
180260540000
180260550000
180260560000
180260570000
180260580000
180260590000
180260600000
180260610000
180260620000
180260630000
180260640000
180260650000
180260660000
180260670000
180260680000
180260690000
180260700000
180260710000
180260720000
180260730000
180260740000
180270010000
180270020000
180270030000
180270040000
180270050000
180270060000
180270070000
180270080000
180270090000
180270100000
180270110000
180270120000
180270130000
180270140000
180270150000
180270160000
180270170000
180270180000
180270190000
180270200000
180270210000
180270220000
180270230000
180270240000
180270250000
180270260000
180270270000
180270280000
180270290000
180270300000
180270310000
180270320000
180270330000
180270340000
180270350000
180270360000
180270370000
180270380000
180270390000
180270400000
180270410000
180270420000
180270430000
180270440000
180270450000
180270460000
180270470000
180270480000
180270490000
180270500000
180270510000
180270520000
180270530000
180270540000
180270550000
180270560000
180270570000
180270580000
180270590000
180270600000
180270610000
180270620000
180270630000
180270640000
180270650000
180270660000
180270670000
180270680000
180270690000
180270700000
180280010000
180280020000
180280030000
180280040000
180280050000
180280060000
180280070000
180280080000
180280090000
180280100000
180280110000
180280120000
180280130000
180280140000
180280150000
180280160000
180280170000
180280180000
180280190000
180280200000
180280210000
180280220000
180280230000
180280240000
180280250000
180280260000
180280270000
180280280000
180280290000
180280300000
180280310000
180280320000
180280330000
180280340000
180280350000
180280360000
180280370000
180280380000
180280390000
180280410000
180280420000
180280430000
180280440000
180280450000
180280460000
180280470000
180280480000
180280490000
180280500000
180280510000
180280520000
180280530000
180280540000
180280550000
180280560000
180280570000
180280580000
180280590000
180280600000
180280610000
180280630000
180280640000
180280650000
180280660000
180280670000
180290010000
180290020000
180290030000
180290040000
180290050000
180290060000
180290070000
180290080000
180290090000
180290100000
180290110000
180290120000
180290130000
180290140000
180290150000
180290160000
180290170000
180290180000
180290190000
180290200000
180290210000
180290220000
180290230000
180290240000
180290250000
180290260000
180290270000
180290280000
180290290000
180290300000
180290310000
180290320000
180290330000
180290340000
180290350000
180290360000
180290370000
180290380000
180290390000
180290400000
180290410000
180290420000
180290430000
180290440000
180290450000
180290460000
180290470000
180290480000
180290490000
180290500000
180290510000
180290520000
180290530000
180290540000
180290550000
180290560000
180290570000
180290580000
180290590000
180290600000
180290610000
180290620000
180290630000
180290640000
180300010000
180300020000
180300030000
180300040000
180300050000
180300060000
180300070000
180300080000
180300090000
180300100000
180300110000
180300120000
180300130000
180300140000
180300150000
180300160000
180300170000
180300180000
180300190000
180300200000
180300210000
180300220000
180300230000
180300240000
180300250000
180300260000
180300270000
180300280000
180300290000
180300300000
180300310000
180300320000
180300330000
180300340000
180300350000
180300360000
180300370000
180300380000
180300390000
180300400000
180300410000
180300420000
180300430000
180300440000
180300450000
180300460000
180300470000
180300480000
180300490000
180300500000
180300510000
180300520000
180300530000
180300540000
180300550000
180300560000
180300570000
180300580000
180300590000
180300600000
180300610000
180310010000
180310020000
180310030000
180310040000
180310050000
180310060000
180310070000
180310080000
180310090000
180310100000
180310110000
180310120000
180310130000
180310140000
180310150000
180310160000
180310170000
180310180000
180310190000
180310200000
180310210000
180310220000
180310230000
180310240000
180310250000
180310260000
180310270000
180310280000
180310290000
180310300000
180310310000
180310320000
180310330000
180310340000
180310350000
180310360000
180310370000
180310380000
180310390000
180310400000
180310410000
180310420000
180310430000
180310440000
180310450000
180310460000
180310470000
180310480000
180310490000
180310500000
180310510000
180310520000
180310530000
180310540000
180310550000
180310560000
180310570000
180320010000
180320020000
180320030000
180320040000
180320050000
180320060000
180320070000
180320080000
180320090000
180320100000
180320110000
180320120000
180320130000
180320140000
180320150000
180320160000
180320170000
180320180000
180320190000
180320200000
180320210000
180320220000
180320230000
180320240000
180320250000
180320260000
180320270000
180320280000
180320290000
180320300000
180320310000
180320320000
180320330000
180320340000
180320350000
180320360000
180320370000
180320380000
180320390000
180320400000
180320410000
180320420000
180320430000
180320440000
180320450000
180320460000
180320470000
180320480000
180320490000
180320500000
180320520000
180320530000
180320540000
180330010000
180330020000
180330030000
180330040000
180330050000
180330060000
180330070000
180330080000
180330090000
180330100000
180330110000
180330120000
180330130000
180330140000
180330150000
180330160000
180330170000
180330180000
180330190000
180330200000
180330210000
180330220000
180330230000
180330240000
180330250000
180330260000
180330270000
180330280000
180330290000
180330300000
180330310000
180330320000
180330330000
180330340000
180330350000
180330360000
180330370000
180330380000
180330390000
180330400000
180330410000
180330420000
180330430000
180330440000
180330450000
180330460000
180330470000
180330480000
180330490000
180330500000
180330510000
180340010000
180340020000
180340030000
180340040000
180340050000
180340060000
180340070000
180340080000
180340090000
180340100000
180340110000
180340120000
180340130000
180340140000
180340150000
180340160000
180340170000
180340180000
180340190000
180340200000
180340210000
180340220000
180340230000
180340240000
180340250000
180340260000
180340270000
180340280000
180340290000
180340300000
180340310000
180340320000
180340330000
180340340000
180340350000
180340360000
180340370000
180340380000
180340390000
180340400000
180340410000
180340420000
180340430000
180340440000
180340450000
180340460000
180340470000
180340480000
180350010000
180350020000
180350030000
180350040000
180350050000
180350060000
180350070000
180350080000
180350090000
180350100000
180350110000
180350120000
180350130000
180350140000
180350150000
180350160000
180350170000
180350180000
180350190000
180350200000
180350210000
180350220000
180350230000
180350240000
180350250000
180350260000
180350270000
180350280000
180350290000
180350300000
180350310000
180350320000
180350330000
180350340000
180350350000
180350360000
180350370000
180350380000
180350390000
180350400000
180350410000
180350420000
180350430000
180350440000
180350450000
180350460000
180350470000
180350480000
180350490000
180350500000
180350510000
180350520000
180350530000
180350540000
180350550000
180350560000
180350570000
180350580000
180350590000
180350600000
180350610000
180350620000
180350630000
180350640000
180350650000
180350660000
180350670000
180350680000
180350690000
180350700000
180350710000
180350720000
180350730000
180350740000
180350750000
180350760000
180350770000
180350780000
180350790000
180350800000
180350810000
180350820000
180480010000
180480020000
180480030000
180480040000
180480050000
180480070000
180480080000
180480090000
180480100000
180480110000
180480120000
180480130000
180480140000
180480150000
180480160000
180480170000
180480190000
180480200000
180480210000
180480220000
180480230000
180480240000
180480250000
180480260000
180480270000
180480280000
180480290000
180480300000
180480310000
180480320000
180480330000
180480340000
180480350000
180480360000
180480370000
180480380000
180480390000
180480400000
180480410000
180480420000
180480430000
180480440000
180480450000
180480460000
180480470000
180480480000
180480490000
180480510000
180480520000
180480530000
180480540000
180480550000
180480560000
180480570000
180480580000
180480590000
180480620000
180480630000
180480640000
180480650000
180480660000
180480670000
180480680000
180480690000
180480700000
180490010000
180490020000
180490030000
180490040000
180490050000
180490060000
180490070000
180490080000
180490090000
180490100000
180490110000
180490120000
180490130000
180490140000
180490150000
180490160000
180490170000
180490190000
180490200000
180490210000
180490220000
180490230000
180490240000
180490250000
180490260000
180490270000
180490280000
180490290000
180490300000
180490310000
180490320000
180490330000
180490340000
180490350000
180490360000
180490370000
180490380000
180490390000
180490400000
180490410000
180490420000
180490430000
180490440000
180490450000
180490460000
180490470000
180490480000
180490490000
180490510000
180490520000
180490530000
180490540000
180490550000
180490560000
180490570000
180490580000
180490590000
180490600000
180490610000
180490620000
180490630000
180490640000
180490650000
180490660000
180500010000
180500020000
180500030000
180500040000
180500050000
180500060000
180500070000
180500080000
180500090000
180500100000
180500110000
180500120000
180500130000
180500140000
180500150000
180500160000
180500170000
180500180000
180500190000
180500200000
180500210000
180500220000
180500230000
180500240000
180500250000
180500260000
180500270000
180500280000
180500290000
180500300000
180500310000
180500320000
180500330000
180500340000
180500350000
180500360000
180500510000
180500520000
180500530000
180500540000
180500550000
180500560000
180500570000
180500580000
180500590000
180500600000
180500610000
180500620000
180500630000
180500640000
180500650000
180500660000
180500680000
180510010000
180510020000
180510030000
180510040000
180510050000
180510060000
180510070000
180510080000
180510090000
180510100000
180510110000
180510120000
180510130000
180510140000
180510150000
180510160000
180510170000
180510180000
180510190000
180510200000
180510210000
180510220000
180510230000
180510240000
180510250000
180510260000
180510270000
180510280000
180510290000
180510300000
180510310000
180510320000
180510330000
180510340000
180510350000
180510360000
180510370000
180510380000
180510390000
180510400000
180510410000
180510420000
180510430000
180510440000
180510450000
180510460000
180510470000
180510480000
180510490000
180510500000
180510510000
180510520000
180510530000
180510540000
180510550000
180510560000
180510570000
180510580000
180510590000
180510600000
180510610000
180510620000
180510630000
180510640000
180510650000
180510660000
180510670000
180520010000
180520020000
180520030000
180520040000
180520050000
180520060000
180520070000
180520080000
180520090000
180520100000
180520110000
180520120000
180520130000
180520140000
180520150000
180520160000
180520170000
180520180000
180520190000
180520200000
180520210000
180520220000
180520230000
180520240000
180520250000
180520260000
180520270000
180520280000
180520290000
180520300000
180520310000
180520320000
180520330000
180520340000
180520350000
180520360000
180520370000
180520380000
180520390000
180520400000
180520410000
180520420000
180520430000
180520440000
180520450000
180520460000
180520470000
180520480000
180520490000
180520500000
180520510000
180520520000
180520530000
180520540000
180520550000
180520560000
180520570000
180520580000
180520590000
180520600000
180520610000
180520620000
180520630000
180520640000
180520650000
180520660000
180530010000
180530020000
180530030000
180530040000
180530050000
180530060000
180530070000
180530080000
180530090000
180530100000
180530110000
180530120000
180530130000
180530140000
180530150000
180530160000
180530170000
180530180000
180530190000
180530200000
180530210000
180530220000
180530230000
180530240000
180530250000
180530260000
180530270000
180530280000
180530290000
180530300000
180530310000
180530320000
180530330000
180530340000
180530350000
180530360000
180530370000
180530380000
180530390000
180530400000
180530410000
180530420000
180530430000
180530440000
180530450000
180530460000
180530470000
180530480000
180530490000
180530500000
180530510000
180530520000
180530530000
180530540000
180530550000
180530560000
180530570000
180530580000
180530590000
180530600000
180530610000
180530620000
180530630000
180530640000
180530650000
180530660000
180540010000
180540020000
180540030000
180540040000
180540050000
180540060000
180540070000
180540080000
180540090000
180540100000
180540110000
180540120000
180540130000
180540140000
180540150000
180540160000
180540170000
180540180000
180540190000
180540200000
180540210000
180540220000
180540230000
180540240000
180540250000
180540260000
180540270000
180540280000
180540290000
180540300000
180540310000
180540320000
180540330000
180540340000
180540350000
180540360000
180540370000
180540380000
180540390000
180540400000
180540410000
180540420000
180540430000
180540440000
180540450000
180540460000
180540470000
180540480000
180540490000
180540500000
180540510000
180540520000
180540530000
180540540000
180540550000
180540560000
180540570000
180540580000
180540590000
180540600000
180540610000
180540620000
180540630000
180540640000
180540650000
180540660000
180550010000
180550020000
180550030000
180550040000
180550050000
180550060000
180550070000
180550080000
180550090000
180550100000
180550110000
180550120000
180550130000
180550140000
180550150000
180550160000
180550170000
180550180000
180550190000
180550200000
180550210000
180550220000
180550230000
180550240000
180550250000
180550260000
180550270000
180550280000
180550290000
180550300000
180550310000
180550320000
180550330000
180550340000
180550350000
180550360000
180550370000
180550380000
180550390000
180550400000
180550410000
180550420000
180550430000
180550440000
180550450000
180550460000
180550470000
180550480000
180550490000
180550500000
180550510000
180550520000
180550530000
180550540000
180550550000
180550560000
180550570000
180550580000
180550590000
180550600000
180550610000
180550620000
180550630000
180550640000
180550650000
180550660000
180560010000
180560020000
180560030000
180560040000
180560050000
180560060000
180560070000
180560080000
180560090000
180560100000
180560110000
180560120000
180560130000
180560140000
180560150000
180560160000
180560170000
180560180000
180560190000
180560200000
180560210000
180560220000
180560230000
180560240000
180560250000
180560260000
180560270000
180560280000
180560290000
180560300000
180560310000
180560320000
180560330000
180560340000
180560350000
180560360000
180560370000
180560380000
180560390000
180560400000
180560410000
180560420000
180560430000
180560440000
180560450000
180560460000
180560470000
180560480000
180560490000
180560500000
180560510000
180560520000
180560530000
180560540000
180560550000
180560560000
180560570000
180560580000
180560590000
180560600000
180560610000
180560620000
180560630000
180560640000
180560650000
180560660000
180570010000
180570020000
180570030000
180570040000
180570050000
180570060000
180570070000
180570080000
180570090000
180570100000
180570110000
180570120000
180570130000
180570140000
180570150000
180570160000
180570170000
180570180000
180570190000
180570200000
180570210000
180570220000
180570230000
180570240000
180570250000
180570260000
180570270000
180570280000
180570290000
180570300000
180570310000
180570320000
180570330000
180570340000
180570350000
180570360000
180570370000
180570380000
180570390000
180570400000
180570410000
180570420000
180570430000
180570440000
180570450000
180570460000
180570470000
180570480000
180570490000
180570500000
180570510000
180570520000
180570530000
180570540000
180570550000
180570560000
180570570000
180570580000
180570590000
180570600000
180570610000
180570620000
180570630000
180570640000
180570650000
180570660000
180570670000
180580010000
180580020000
180580030000
180580040000
180580050000
180580060000
180580070000
180580080000
180580090000
180580100000
180580110000
180580120000
180580130000
180580140000
180580150000
180580160000
180580170000
180580180000
180580190000
180580200000
180580210000
180580220000
180580230000
180580240000
180580250000
180580260000
180580270000
180580280000
180580290000
180580300000
180580310000
180580320000
180580330000
180580340000
180580350000
180580360000
180580370000
180580380000
180580390000
180580400000
180580410000
180580420000
180580430000
180580440000
180580450000
180580460000
180580470000
180580480000
180580490000
180580500000
180580510000
180580520000
180580530000
180580540000
180580550000
180580560000
180580570000
180580580000
180580590000
180580600000
180580610000
180580620000
180580630000
180580640000
180580650000
180580660000
180590010000
180590020000
180590030000
180590040000
180590050000
180590060000
180590070000
180590080000
180590090000
180590100000
180590110000
180590120000
180590130000
180590140000
180590150000
180590160000
180590170000
180590180000
180590190000
180590200000
180590210000
180590220000
180590230000
180590240000
180590250000
180590260000
180590270000
180590280000
180590290000
180590300000
180590310000
180590320000
180590330000
180590340000
180590350000
180590360000
180590370000
180590380000
180590390000
180590400000
180590410000
180590420000
180590430000
180590440000
180590450000
180590460000
180590470000
180590480000
180590490000
180590500000
180590510000
180590520000
180590530000
180590540000
180590550000
180590560000
180590570000
180590580000
180590590000
180590600000
180590610000
180590620000
180590630000
180590640000
180590650000
180590660000
180600010000
180600030000
180600040000
180600050000
180600060000
180600070000
180600080000
180600090000
180600100000
180600110000
180600120000
180600130000
180600140000
180600150000
180600160000
180600170000
180600180000
180600190000
180600200000
180600210000
180600220000
180600230000
180600240000
180600280000
180600290000
180600300000
180600310000
180600320000
180600330000
180600350000
180600360000
180600370000
180600380000
180600390000
180600400000
180600410000
180600420000
180600430000
180600440000
180600450000
180600460000
180600470000
180600480000
180600490000
180600500000
180600510000
180600520000
180600530000
180600540000
180600550000
180600560000
180600570000
180600580000
180600590000
180600600000
180600610000
180600620000
180600630000
180600640000
180600650000
180610010000
180610020000
180610030000
180610040000
180610050000
180610060000
180610070000
180610090000
180610110000
180610120000
180610140000
180610160000
180610170000
180610180000
180610190000
180610200000
180610210000
180610220000
180610230000
180610240000
180610260000
180610270000
180610280000
180610290000
180610310000
180610320000
180610330000
180610340000
180610350000
180610360000
180610370000
180610380000
180610390000
180610400000
180610410000
180610420000
180610430000
180610440000
180610450000
180610460000
180610470000
180610480000
180610490000
180610500000
180610510000
180610520000
180610530000
180610540000
180610550000
180610560000
180610570000
180610580000
180610590000
180610600000
180610610000
180610620000
180610630000
180610640000
180620010000
180620020000
180620030000
180620040000
180620050000
180620060000
180620070000
180620080000
180620090000
180620100000
180620110000
180620120000
180620130000
180620140000
180620150000
180620160000
180620170000
180620180000
180620190000
180620200000
180620210000
180620220000
180620230000
180620240000
180620250000
180620260000
180620270000
180620280000
180620290000
180620300000
180620310000
180620320000
180620330000
180620340000
180620350000
180620360000
180620370000
180620380000
180620390000
180620400000
180620410000
180620420000
180620430000
180620440000
180620450000
180620460000
180620470000
180620480000
180620490000
180620500000
180620510000
180620520000
180620530000
180620540000
180620550000
180620560000
180620570000
180620590000
180620600000
180620610000
180620620000
180620630000
180620640000
180630010000
180630070000
180630080000
180630090000
180630100000
180630110000
180630120000
180630130000
180630140000
180630150000
180630160000
180630170000
180630180000
180630190000
180630200000
180630210000
180630220000
180630230000
180630240000
180630250000
180630260000
180630270000
180630280000
180630290000
180630300000
180630310000
180630320000
180630330000
180630340000
180630350000
180630360000
180630380000
180630390000
180630400000
180630410000
180640010000
180640020000
180640030000
180640040000
180640050000
180640060000
180640070000
180640080000
180640090000
180640100000
180640110000
180640120000
180640130000
180640140000
180640150000
180640160000
180640170000
180640180000
180640190000
180640200000
180640210000
180640220000
180640230000
180640240000
180640250000
180640260000
180640270000
180640280000
180640290000
180640300000
180640310000
180640320000
180640330000
180640340000
180640350000
180640360000
180640370000
180640380000
180640390000
180640400000
180640410000
180640420000
180640430000
180640440000
180640450000
180640460000
180640470000
180640480000
180640490000
180640500000
180640510000
180640520000
180640530000
180640540000
180640550000
180640560000
180640570000
180640580000
180640590000
180640600000
180640610000
180640620000
180640630000
180640640000
180640650000
180640660000
180650010000
180650030000
180650040000
180650050000
180650060000
180650070000
180650080000
180650090000
180650100000
180650110000
180650120000
180650130000
180650140000
180650150000
180650160000
180650170000
180650180000
180650190000
180650200000
180650210000
180650220000
180650230000
180650240000
180650250000
180650260000
180650270000
180650280000
180650290000
180650300000
180650310000
180650320000
180650330000
180650340000
180650350000
180650360000
180650370000
180650380000
180650390000
180650400000
180650410000
180650420000
180650430000
180650440000
180650450000
180650460000
180650470000
180650480000
180650490000
180650500000
180650510000
180650520000
180650530000
180650540000
180650550000
180650560000
180650570000
180650580000
180650590000
180650600000
180650610000
180650620000
180650630000
180650640000
180650650000
180650660000
180660010000
180660020000
180660030000
180660040000
180660050000
180660060000
180660070000
180660080000
180660090000
180660100000
180660110000
180660120000
180660130000
180660140000
180660150000
180660160000
180660170000
180660180000
180660190000
180660200000
180660210000
180660220000
180660230000
180660240000
180660250000
180660260000
180660270000
180660290000
180660300000
180660310000
180660320000
180660330000
180660340000
180660350000
180660360000
180660370000
180660380000
180660390000
180660400000
180660410000
180660420000
180660430000
180660440000
180660450000
180660460000
180660470000
180660480000
180660490000
180660500000
180660510000
180660520000
180660530000
180660540000
180660550000
180660560000
180660570000
180660580000
180660590000
180660600000
180660610000
180660620000
180660630000
180660640000
180660650000
180660660000
180660670000
180660680000
180660690000
180660700000
180660710000
180660720000
180660730000
180660740000
180660750000
180660760000
180660770000
180660780000
180670010000
180670020000
180670030000
180670040000
180670050000
180670060000
180670070000
180670080000
180670090000
180670100000
180670110000
180670120000
180670130000
180670140000
180670150000
180670160000
180670170000
180670180000
180670190000
180670200000
180670210000
180670220000
180670230000
180670240000
180670250000
180670260000
180670270000
180670280000
180670290000
180680010000
180680020000
180680030000
180680040000
180680050000
180680060000
180680080000
180680090000
180680100000
180680110000
180680120000
180680130000
180680140000
180680150000
180680160000
180680170000
180680180000
180680190000
180680200000
180680230000
180680240000
180680250000
180680260000
180680270000
180680280000
180680290000
180680300000
180680310000
180680320000
180680330000
180680340000
180680350000
180680360000
180680370000
180680380000
180680390000
180680400000
180680420000
180680430000
180690010000
180690020000
180690030000
180690040000
180690050000
180690060000
180690070000
180690080000
180690090000
180690100000
180690110000
180690120000
180690130000
180690140000
180690150000
180690160000
180690170000
180690180000
180690190000
180690200000
180690210000
180690220000
180690230000
180690240000
180690250000
180690260000
180690270000
180690280000
180690290000
180690300000
180690310000
180690320000
180690330000
180690340000
180690350000
180690360000
180690370000
180690380000
180690390000
180690400000
180690410000
180690420000
180690430000
180690440000
180690450000
180690460000
180690470000
180690480000
180690490000
180690500000
180690510000
180690520000
180690530000
180690540000
180690550000
180690560000
180690570000
180690580000
180690590000
180690600000
180690610000
180690620000
180690630000
180690640000
180690650000
180690660000
180690670000
180690680000
180690690000
180690700000
180690710000
180690720000
180690730000
180690740000
180690750000
180690760000
180690770000
180690780000
180690790000
180690800000
180690810000
180690820000
180690830000
180690840000
180690850000
180690860000
180690870000
180690880000
180690890000
180690900000
180690910000
180690920000
180690930000
180690940000
180690950000
180690960000
180690970000
180690980000
180690990000
180691000000
180691010000
180691020000
180691030000
180691040000
180691050000
180691060000
180691070000
180691080000
180691090000
180691100000
180700010000
180700020000
180700030000
180700040000
180700050000
180700060000
180700070000
180700080000
180700090000
180700100000
180700110000
180700120000
180700130000
180700140000
180700150000
180700160000
180700170000
180700180000
180700190000
180700200000
180700210000
180700220000
180700230000
180700240000
180700250000
180700260000
180700270000
180700280000
180700290000
180700300000
180700310000
180700320000
180700330000
180700340000
180700350000
180700360000
180700370000
180700380000
180700390000
180700400000
180700410000
180700420000
180700430000
180700440000
180700450000
180700460000
180700470000
180700480000
180700490000
180700500000
180700510000
180700520000
180700530000
180700540000
180700550000
180700560000
180700570000
180700580000
180700590000
180700600000
180700610000
180700620000
180700630000
180700640000
180700650000
180700660000
180700670000
180700680000
180700690000
180700700000
180700710000
180700720000
180700730000
180700740000
180700750000
180700760000
180700770000
180700780000
180700790000
180700800000
180700810000
180700820000
180700830000
180700840000
180700850000
180700860000
180700870000
180700880000
180700890000
180700900000
180700910000
180700920000
180700930000
180700940000
180700950000
180700960000
180700970000
180700980000
180700990000
180701000000
180701010000
180701020000
180701030000
180701040000
180701050000
180701060000
180701070000
180701080000
180701090000
180701100000
180710010000
180710020000
180710030000
180710040000
180710050000
180710060000
180710070000
180710080000
180710090000
180710100000
180710110000
180710120000
180710130000
180710140000
180710150000
180710160000
180710170000
180710180000
180710190000
180710200000
180710210000
180710220000
180710230000
180710240000
180710250000
180710260000
180710270000
180710280000
180710290000
180710300000
180710310000
180710320000
180710330000
180710340000
180710350000
180710360000
180710370000
180710380000
180710390000
180710400000
180710410000
180710420000
180710430000
180710440000
180710450000
180710460000
180710470000
180710480000
180710490000
180710500000
180710510000
180710520000
180710530000
180710540000
180710550000
180710560000
180710570000
180710580000
180710590000
180710600000
180710610000
180710620000
180710630000
180710640000
180710650000
180710660000
180710670000
180710680000
180710690000
180710700000
180710710000
180710720000
180710730000
180710740000
180710750000
180710760000
180710770000
180710780000
180710790000
180710800000
180710810000
180710820000
180710830000
180710840000
180710850000
180710860000
180710870000
180710880000
180710890000
180710900000
180710910000
180710920000
180710930000
180710940000
180710950000
180710960000
180710970000
180710980000
180710990000
180711000000
180711010000
180711020000
180711030000
180711040000
180711050000
180711060000
180711070000
180711080000
180711090000
180711100000
180720010000
180720020000
180720030000
180720040000
180720050000
180720060000
180720070000
180720080000
180720090000
180720100000
180720110000
180720120000
180720130000
180720140000
180720150000
180720160000
180720170000
180720180000
180720190000
180720200000
180720210000
180720220000
180720230000
180720240000
180720250000
180720260000
180720270000
180720280000
180720290000
180720300000
180720310000
180720320000
180720330000
180720340000
180720350000
180720360000
180720370000
180720380000
180720390000
180720400000
180720410000
180720420000
180720430000
180720440000
180720450000
180720460000
180720470000
180720480000
180720490000
180720500000
180720510000
180720520000
180720530000
180720540000
180720550000
180720560000
180720570000
180720580000
180720590000
180720600000
180720610000
180720620000
180720630000
180720640000
180720650000
180720660000
180720670000
180720680000
180720690000
180720700000
180720710000
180720720000
180720740000
180720750000
180720760000
180720770000
180720780000
180720790000
180720800000
180720810000
180720820000
180720830000
180720840000
180720850000
180720860000
180720870000
180720880000
180720890000
180720900000
180720910000
180720920000
180720930000
180720940000
180720950000
180720960000
180720970000
180730010000
180730020000
180730030000
180730040000
180730050000
180730060000
180730070000
180730080000
180730090000
180730100000
180730110000
180730120000
180730130000
180730140000
180730150000
180730160000
180730170000
180730180000
180730190000
180730200000
180730210000
180730220000
180730230000
180730240000
180730250000
180730270000
180730290000
180730300000
180730310000
180730320000
180730330000
180730340000
180730350000
180730360000
180730370000
180730380000
180730390000
180730400000
180730410000
180730420000
180730430000
180730440000
180730450000
180730460000
180730470000
180730480000
180730490000
180730500000
180730510000
180730520000
180730530000
180730540000
180730550000
180730560000
180730570000
180730580000
180730590000
180730600000
180730610000
180730620000
180730630000
180730640000
180730650000
180730660000
180730670000
180740010000
180740020000
180740030000
180740040000
180740050000
180740060000
180740070000
180740080000
180740090000
180740100000
180740110000
180740120000
180740130000
180740140000
180740150000
180740160000
180740170000
180740180000
180740190000
180740200000
180740210000
180740220000
180740230000
180740240000
180740250000
180740260000
180740270000
180740280000
180740290000
180740300000
180740310000
180740320000
180740330000
180740340000
180740350000
180740360000
180740370000
180740380000
180740390000
180740400000
180740410000
180740420000
180740430000
180740440000
180740450000
180740460000
180740470000
180740480000
180740490000
180740500000
180740510000
180740520000
180740530000
180740540000
180740550000
180740560000
180740570000
180740580000
180740590000
180740600000
180740610000
180740620000
180740630000
180740640000
180740650000
180740660000
180740670000
180740680000
180740690000
180740700000
180740710000
180750010000
180750020000
180750040000
180750050000
180750060000
180750070000
180750080000
180750090000
180750100000
180750110000
180750120000
180750130000
180750140000
180750150000
180750160000
180750170000
180750180000
180750190000
180750200000
180750210000
180760010000
180760020000
180760030000
180760040000
180760050000
180760060000
180760070000
180760080000
180760090000
180760100000
180760110000
180760120000
180760130000
180760140000
180760150000
180760160000
180760170000
180770010000
180770020000
180770030000
180770040000
180770050000
180770060000
180770070000
180770080000
180770090000
180770100000
180770110000
180770120000
180770130000
180780010000
180780020000
180780030000
180780040000
180780050000
180780060000
180780070000
180780080000
180780090000
180780100000
180780110000
180780120000
180780130000
180780140000
180780150000
180780160000
180780170000
180780180000
180780190000
180780200000
180780210000
180780220000
180780230000
180780240000
180780250000
180780260000
180780270000
180790010000
180790020000
180790030000
180790040000
180790050000
180790060000
180790070000
180790080000
180790090000
180790100000
180790110000
180790120000
180790130000
180790140000
180790150000
180790160000
180790170000
180790180000
180790190000
180790200000
180790210000
180790220000
180790230000
180790240000
180790250000
180790260000
180790270000
180790280000
180790290000
180790300000
180790310000
180790320000
180790330000
180790340000
180790350000
180790360000
180790370000
180790380000
180790390000
180790400000
180790410000
180790420000
180790430000
180800010000
180800020000
180800030000
180800040000
180800050000
180800060000
180800070000
180800080000
180800090000
180800100000
180800110000
180800120000
180800130000
180800140000
180800150000
180800160000
180800170000
180800180000
180800190000
180800200000
180800210000
180800220000
180800230000
180800240000
180800250000
180800260000
180800270000
180800280000
180800290000
180800300000
180800310000
180800320000
180800330000
180800340000
180800350000
180800360000
180800370000
180800380000
180800390000
180800400000
180800410000
180800420000
180800430000
180800440000
180800450000
180800460000
180800470000
180800480000
180800490000
180800500000
180800510000
180800520000
180800530000
180800540000
180800550000
180800560000
180800570000
180800580000
180800590000
180800600000
180800610000
180800620000
180800630000
180800640000
180800650000
180800660000
180800670000
180800680000
180800690000
180800700000
180800710000
180800720000
180800730000
180800740000
180800750000
180800760000
180800770000
180800780000
180800790000
180800800000
180800810000
180800820000
180800830000
180800840000
180800850000
180800860000
180800870000
180800880000
180800890000
180800900000
180800910000
180810010000
180810020000
180810030000
180810040000
180810050000
180810060000
180810070000
180810080000
180810090000
180810100000
180810110000
180810120000
180810130000
180810140000
180810150000
180810160000
180810170000
180810180000
180810190000
180810200000
180810210000
180810220000
180810230000
180810240000
180810250000
180810260000
180810270000
180810280000
180810290000
180810300000
180810310000
180810320000
180810330000
180810340000
180810350000
180810360000
180810370000
180810380000
180810390000
180810400000
180810410000
180810420000
180810430000
180810440000
180810450000
180810460000
180810470000
180810480000
180810490000
180810500000
180810510000
180810520000
180810530000
180810540000
180810550000
180810560000
180810570000
180810580000
180810590000
180810600000
180810610000
180810620000
180810630000
180810640000
180810650000
180810660000
180810670000
180810680000
180810690000
180810700000
180810710000
180810720000
180810730000
180810740000
180810750000
180810760000
180810770000
180810780000
180810790000
180810800000
180810810000
180810820000
180810830000
180810840000
180810850000
180810860000
180820010000
180820020000
180820030000
180820040000
180820050000
180820060000
180820070000
180820080000
180820090000
180820100000
180820110000
180820120000
180820130000
180820140000
180820150000
180820160000
180820170000
180820180000
180820190000
180820200000
180820210000
180820220000
180820230000
180820240000
180820250000
180820260000
180820270000
180820280000
180820290000
180820300000
180820310000
180820320000
180820330000
180820340000
180820350000
180820360000
180820370000
180820380000
180820390000
180820400000
180820410000
180820420000
180820430000
180820440000
180820450000
180820460000
180820470000
180820480000
180820490000
180820500000
180820510000
180820520000
180820530000
180820540000
180820550000
180820560000
180820570000
180820580000
180820590000
180820600000
180820610000
180820620000
180820630000
180820640000
180820650000
180820660000
180820670000
180820680000
180820690000
180820700000
180820710000
180820720000
180820730000
180820740000
180820750000
180820760000
180820770000
180820780000
180820790000
180820800000
180820810000
180820820000
180820830000
180820840000
180830010000
180830020000
180830030000
180830040000
180830050000
180830060000
180830070000
180830080000
180830090000
180830100000
180830110000
180830120000
180830130000
180830140000
180830150000
180830160000
180830170000
180830180000
180830190000
180830200000
180830210000
180830220000
180830230000
180830240000
180830250000
180830260000
180830270000
180830280000
180830290000
180830300000
180830310000
180830320000
180830330000
180830340000
180830350000
180830360000
180830370000
180830380000
180830390000
180830400000
180830410000
180830420000
180830430000
180830440000
180830450000
180830460000
180830470000
180830480000
180830490000
180830500000
180830510000
180830520000
180840010000
180840020000
180840030000
180840040000
180840050000
180840060000
180840070000
180840080000
180840090000
180840100000
180840110000
180840120000
180840130000
180840140000
180840150000
180840160000
180840170000
180840180000
180840190000
180840200000
180840210000
180840220000
180840230000
180840240000
180840250000
180840260000
180840270000
180840280000
180840290000
180840300000
180840310000
180840320000
180840330000
180840340000
180840350000
180840360000
180840370000
180840380000
180840390000
180840400000
180840410000
180840420000
180840430000
180840440000
180840450000
180840460000
180840470000
180840480000
180840490000
180840500000
180840510000
180840520000
180840530000
180840540000
180840550000
180840560000
180840570000
180840580000
180840590000
180840600000
180840610000
180840620000
180840630000
180840640000
180840650000
180840660000
180840670000
180840680000
180840690000
180840700000
180840710000
180840720000
180840730000
180840740000
180840750000
180840760000
180840770000
180840780000
180840790000
180840800000
180840810000
180840820000
180840830000
180840840000
180840850000
180840860000
180840870000
180840880000
180840890000
180840900000
180840910000
180840920000
180850010000
180850020000
180850030000
180850040000
180850050000
180850060000
180850070000
180850080000
180850090000
180850100000
180850110000
180850120000
180850130000
180850140000
180850150000
180850160000
180850170000
180850180000
180850190000
180850200000
180850210000
180850220000
180850230000
180850240000
180850250000
180850260000
180850270000
180850280000
180850290000
180850300000
180850310000
180850320000
180850330000
180850340000
180850350000
180850360000
180850370000
180850380000
180850390000
180850400000
180850410000
180850420000
180850430000
180850440000
180850450000
180850460000
180850470000
180850480000
180850490000
180850500000
180850510000
180850520000
180850530000
180850540000
180850550000
180850560000
180850570000
180850580000
180850590000
180850600000
180850610000
180850620000
180850630000
180850640000
180850650000
180850660000
180850670000
180850680000
180850690000
180850700000
180850710000
180850720000
180850730000
180850740000
180850750000
180850760000
180850770000
180850780000
180850790000
180850800000
180850810000
180850820000
180850830000
180850840000
180850850000
180850860000
180850870000
180850880000
180850890000
180850900000
180850910000
180850920000
180850930000
180850940000
180850950000
180850960000
180850970000
180850980000
180850990000
180851000000
180851010000
180851020000
180851030000
180851040000
180851050000
180851060000
180851070000
180851080000
180851090000
180851100000
180851110000
180851120000
180851130000
180851140000
180851150000
180851160000
180851170000
180851180000
180851190000
180851200000
180851210000
180851220000
180851230000
180851240000
180851250000
180851260000
180851270000
180851280000
180851290000
180851300000
180860010000
180860020000
180860030000
180860040000
180860050000
180860070000
180860080000
180860090000
180860100000
180860110000
180860120000
180860130000
180860140000
180860150000
180860160000
180860170000
180860180000
180860190000
180860200000
180860210000
180860220000
180860230000
180860240000
180860250000
180860260000
180860270000
180860280000
180860290000
180860300000
180860310000
180860320000
180860330000
180860340000
180860350000
180860360000
180860370000
180860380000
180860390000
180860400000
180860410000
180860420000
180860430000
180860440000
180860450000
180860470000
180860480000
180870010000
180870020000
180870030000
180870040000
180870050000
180870060000
180870070000
180870080000
180870090000
180870100000
180870110000
180870120000
180870130000
180870140000
180870150000
180870160000
180870170000
180870180000
180870190000
180870200000
180870210000
180870220000
180870230000
180870240000
180870250000
180870260000
180870270000
180870280000
180880010000
180880020000
180880030000
180880040000
180880050000
180880060000
180880070000
180880080000
180880090000
180880100000
180880110000
180880120000
180880130000
180880140000
180880150000
180880160000
180880170000
180880180000
180880190000
180880200000
180880210000
180880220000
180880230000
180880240000
180880250000
180880260000
180880270000
180880280000
180890010000
180890020000
180890030000
180890040000
180890050000
180890060000
180890070000
180890080000
180890090000
180890100000
180890110000
180890120000
180890130000
180890140000
180900010000
180900020000
180900030000
180900040000
180900050000
180900060000
180900080000
180900090000
180900100000
180900110000
180900120000
180900130000
180900140000
180900150000
180910010000
180910020000
180910030000
180910040000
180910050000
180910060000
180910070000
180910080000
180910090000
180910100000
180910110000
180910120000
180910130000
180910140000
180910150000
180910160000
180910170000
180910180000
180910190000
180910200000
180910210000
180910220000
180910230000
180910240000
180910250000
180910260000
180920010000
180920020000
180920030000
180920040000
180920050000
180920060000
180920070000
180920080000
180920090000
180920100000
180920110000
180920120000
180920130000
180920140000
180920150000
180920160000
180920170000
180920180000
180920190000
180920200000
180920210000
180920220000
180920230000
180920240000
180920250000
180920270000
180920280000
180920290000
180920300000
180920310000
180920320000
180920330000
180920340000
180920350000
180920360000
180920370000
180920380000
180920390000
180920400000
180920410000
180920420000
180920430000
180920440000
180930010000
180930020000
180930030000
180930040000
180930050000
180930060000
180930070000
180930080000
180930090000
180930100000
180930110000
180930120000
180930130000
180930140000
180930150000
180930160000
180930170000
180930180000
180930190000
180930200000
180930210000
180930220000
180930230000
180930240000
180940010000
180940020000
180940030000
180940040000
180940050000
180940060000
180940070000
180940080000
180940090000
180940100000
180940110000
180940120000
180940130000
180940140000
180940150000
180940160000
180940170000
180940180000
180940190000
180940200000
180940210000
180940220000
180940230000
180940240000
180940250000
180940260000
180940270000
180940280000
180940290000
180940300000
190010010000
190010020000
190010030000
190010040000
190010050000
190010060000
190010070000
190010080000
190010090000
190010100000
190010110000
190010120000
190010130000
190010140000
190010150000
190010160000
190010170000
190010180000
190010190000
190010200000
190010210000
190010220000
190010230000
190010240000
190010250000
190010260000
190010270000
190010280000
190010290000
190010300000
190010310000
190010320000
190010330000
190010340000
190010350000
190010360000
190010370000
190010380000
190010390000
190010420000
190010430000
190010440000
190010450000
190010460000
190010470000
190010480000
190010490000
190010500000
190010510000
190010520000
190010530000
190010540000
190010550000
190010560000
190010570000
190010580000
190010590000
190010600000
190010610000
190010620000
190020010000
190020020000
190020030000
190020040000
190020050000
190020060000
190020070000
190020080000
190020090000
190020100000
190020110000
190020120000
190020130000
190020140000
190020150000
190020160000
190020170000
190020180000
190020190000
190020200000
190020210000
190020220000
190020230000
190030010000
190030020000
190030030000
190030040000
190030050000
190030060000
190030070000
190030080000
190030090000
190030100000
190030110000
190030120000
190030130000
190030140000
190030150000
190030160000
190030170000
190030180000
190030190000
190030200000
190030210000
190030220000
190030230000
190040010000
190040020000
190040030000
190040040000
190040060000
190040070000
190040080000
190040090000
190040100000
190040110000
190040120000
190040130000
190040140000
190040150000
190040160000
190040170000
190040180000
190040190000
190040200000
190040210000
190040220000
190040230000
190040250000
190040260000
190040290000
190040300000
190040310000
190040320000
190040330000
190040340000
190040350000
190040360000
190040370000
190040380000
190040390000
190040400000
190040410000
190040420000
190040430000
190040440000
190040450000
190040460000
190040470000
190040480000
190040490000
190040500000
190040510000
190040520000
190040550000
190040560000
190040570000
190040580000
190040590000
190040600000
190040610000
190040620000
190040630000
190040640000
190040650000
190040660000
190040670000
190040680000
190040690000
190040700000
190040710000
190040720000
190040730000
190040740000
190040750000
190040760000
190040770000
190040780000
190040790000
190040800000
190050010000
190050020000
190050040000
190050050000
190050060000
190050070000
190050080000
190050090000
190050100000
190050110000
190050120000
190050130000
190050140000
190050150000
190050160000
190050170000
190050180000
190050190000
190050200000
190050210000
190050220000
190050230000
190050240000
190050250000
190050260000
190050270000
190050280000
190050290000
190050300000
190050310000
190050320000
190050330000
190050340000
190050350000
190050360000
190050370000
190050380000
190050390000
190050400000
190060010000
190060020000
190060030000
190060050000
190060060000
190060070000
190060080000
190060090000
190060100000
190060110000
190060120000
190060130000
190060140000
190060150000
190060160000
190060170000
190060180000
190060190000
190060200000
190060210000
190060220000
190060230000
190060240000
190060250000
190060260000
190060270000
190060280000
190060290000
190060300000
190060310000
190060320000
190060330000
190060340000
190060350000
190060360000
190060370000
190060380000
190060400000
190060410000
190060420000
190060430000
190060440000
190060450000
190060460000
190060470000
190060480000
190060490000
190060500000
190060510000
190060520000
190060530000
190060540000
190070010000
190070020000
190070030000
190070040000
190070050000
190070060000
190070070000
190070080000
190070090000
190070100000
190070110000
190070120000
190070130000
190070140000
190070150000
190070160000
190070170000
190070180000
190070190000
190070200000
190070210000
190070220000
190070230000
190070240000
190070250000
190070260000
190070270000
190070280000
190070300000
190070310000
190070320000
190070330000
190070340000
190070350000
190070370000
190070380000
190070390000
190070400000
190070410000
190070420000
190070430000
190070440000
190070450000
190070460000
190080010000
190080020000
190080030000
190080040000
190080070000
190080080000
190080090000
190080100000
190080110000
190080120000
190080130000
190080140000
190080150000
190080160000
190080170000
190080180000
190080190000
190080200000
190080210000
190080220000
190080230000
190080240000
190080250000
190080260000
190080270000
190080280000
190080290000
190080300000
190080310000
190080320000
190080330000
190080340000
190080350000
190080360000
190080370000
190080390000
190080400000
190080410000
190080420000
190080430000
190080440000
190080450000
190080460000
190080470000
190080480000
190080490000
190080500000
190080510000
190080520000
190080530000
190080540000
190080550000
190080560000
190080570000
190080580000
190080590000
190080600000
190080610000
190080620000
190080630000
190080640000
190080650000
190080660000
190080670000
190080680000
190080690000
190080700000
190080710000
190080720000
190080730000
190080740000
190080750000
190080760000
190080770000
190080780000
190080790000
190080800000
190080810000
190080820000
190080830000
190080840000
190080850000
190090010000
190090020000
190090040000
190090060000
190090070000
190090080000
190090090000
190090100000
190090110000
190090120000
190090130000
190090140000
190090150000
190090160000
190090170000
190090180000
190090190000
190090200000
190090210000
190090220000
190090230000
190090240000
190090250000
190090260000
190090270000
190090290000
190090300000
190090310000
190090330000
190090350000
190090380000
190090390000
190090400000
190090410000
190090420000
190090430000
190090440000
190090450000
190090460000
190090470000
190090490000
190090520000
190090530000
190090540000
190090550000
190090560000
190090570000
190090580000
190090590000
190090600000
190090610000
190090620000
190090630000
190090640000
190090650000
190090660000
190090670000
190090680000
190090690000
190090700000
190090710000
190090720000
190090730000
190090740000
190090750000
190090760000
190090780000
190090790000
190090800000
190090820000
190090830000
190090840000
190090850000
190090860000
190090870000
190090880000
190090890000
190090900000
190090910000
190090920000
190090930000
190090940000
190090950000
190090960000
190090970000
190090980000
190090990000
190091000000
190091010000
190091020000
190091030000
190091050000
190091060000
190091070000
190091080000
190091090000
190091100000
190091110000
190091120000
190091130000
190091140000
190091150000
190091170000
190091180000
190091190000
190091200000
190091220000
190091230000
190091240000
190091250000
190091260000
190091270000
190091280000
190091290000
190091300000
190091310000
190091320000
190091330000
190091340000
190091350000
190091360000
190091370000
190091390000
190091400000
190091410000
190091420000
190091430000
190091440000
190091470000
190091480000
190091490000
190091500000
190091510000
190091520000
190091530000
190091560000
190091590000
190091600000
190091610000
190091620000
190091630000
190091640000
190091650000
190091660000
190091670000
190091680000
190091720000
190091730000
190091740000
190091780000
190091800000
190091810000
190091820000
190091830000
190091840000
190091860000
190091870000
190091880000
190091890000
190091900000
190091910000
190091920000
190091930000
190091940000
190091950000
190091960000
190091970000
190091980000
190091990000
190092000000
190092020000
190092030000
190092040000
190092050000
190092060000
190092070000
190092080000
190092090000
190092100000
190100020000
190100030000
190100040000
190100050000
190100060000
190100070000
190100080000
190100090000
190100100000
190100130000
190100140000
190100150000
190100160000
190100170000
190100180000
190100190000
190100200000
190100210000
190100220000
190100230000
190100240000
190100270000
190100280000
190100300000
190100310000
190100320000
190100330000
190100340000
190100350000
190100360000
190100370000
190100380000
190100390000
190100410000
190100420000
190100430000
190100440000
190100450000
190100460000
190100470000
190100480000
190100490000
190100500000
190100510000
190100520000
190100530000
190100540000
190100550000
190100560000
190100570000
190100580000
190100590000
190100600000
190100610000
190100630000
190100650000
190100660000
190100670000
190100680000
190100690000
190100700000
190100710000
190100720000
190100730000
190100740000
190100750000
190100760000
190100770000
190100780000
190100790000
190110010000
190110020000
190110030000
190110040000
190110060000
190110070000
190110080000
190110090000
190110100000
190110110000
190110120000
190110130000
190110140000
190110150000
190110160000
190110170000
190110180000
190110190000
190110200000
190110210000
190110220000
190110230000
190110240000
190110250000
190110260000
190110270000
190110280000
190110290000
190110300000
190110310000
190110320000
190110330000
190110350000
190110360000
190110370000
190110400000
190110410000
190110420000
190110430000
190110440000
190110450000
190110460000
190110470000
190110490000
190110500000
190110510000
190110520000
190110530000
190110540000
190110550000
190110560000
190110570000
190110580000
190110590000
190110600000
190110610000
190110620000
190110630000
190110640000
190110650000
190110660000
190110670000
190110680000
190110690000
190110700000
190110710000
190110720000
190110730000
190110740000
190120010000
190120030000
190120050000
190120100000
190120110000
190120120000
190120140000
190120180000
190120190000
190120200000
190120210000
190120220000
190120230000
190120240000
190120250000
190120270000
190120280000
190120290000
190120300000
190120310000
190120330000
190120340000
190120350000
190130010000
190130020000
190130030000
190130040000
190130050000
190130060000
190130070000
190130140000
190130150000
190130160000
190130170000
190130180000
190130320000
190130330000
190130340000
190130350000
190130360000
190130500000
190130510000
190140010000
190140020000
190140030000
190140050000
190140060000
190140070000
190140080000
190140090000
190140100000
190140120000
190140130000
190140140000
190140150000
190140160000
190140170000
190140180000
190140200000
190140210000
190140220000
190140230000
190140240000
190140250000
190140260000
190140270000
190140280000
190140290000
190140300000
190140310000
190140320000
190140330000
190140340000
190140350000
190140360000
190140370000
190140380000
190140390000
190140400000
190140410000
190140420000
190140430000
190140440000
190140450000
190140460000
190140470000
190140490000
190140510000
190140540000
190140550000
190140560000
190140570000
190140580000
190140590000
190140600000
190140610000
190140620000
190140630000
190140640000
190140650000
190140660000
190140670000
190140690000
190150010000
190150020000
190150030000
190150040000
190150050000
190150060000
190150070000
190150080000
190150090000
190150100000
190150110000
190150120000
190150140000
190150150000
190150160000
190150170000
190150180000
190150190000
190150200000
190160010000
190160020000
190160030000
190160040000
190160050000
190160060000
190160070000
190160080000
190160090000
190160100000
190160110000
190160120000
190160130000
190160140000
190160150000
190160160000
190160170000
190160180000
190160190000
190160200000
190160210000
190160220000
190160230000
190160240000
190170010000
190170020000
190170030000
190170040000
190170050000
190170060000
190170070000
190170080000
190170090000
190170100000
190170110000
190170120000
190170130000
190170140000
190170150000
190170160000
190170170000
190170180000
190170190000
190170200000
190170210000
190180010000
190180020000
190180030000
190180040000
190180050000
190180060000
190180070000
190180080000
190180090000
190180100000
190180110000
190180120000
190180130000
190180140000
190180150000
190180160000
190180170000
190180180000
190180190000
190180200000
190180210000
190180220000
190180230000
190180240000
190180250000
190180260000
190180270000
190180280000
190180290000
190180300000
190180310000
190180320000
190180330000
190180340000
190180350000
190180360000
190180370000
190180380000
190180390000
190180400000
190180410000
190180420000
190180430000
190180440000
190180450000
190180460000
190180470000
190180480000
190180490000
190180500000
190180510000
190180520000
190180530000
190180540000
190180550000
190180560000
190180570000
190180580000
190180590000
190180600000
190180610000
190180620000
190180630000
190180640000
190180650000
190180660000
190180670000
190180680000
190180690000
190180700000
190180710000
190180720000
190180730000
190180740000
190180750000
190180760000
190180770000
190180780000
190180790000
190180800000
190180810000
190180820000
190180830000
190180840000
190180850000
190180860000
190180870000
190180890000
190180900000
190180910000
190180920000
190180930000
190180940000
190180950000
190180960000
190180970000
190180990000
190181000000
190181010000
190181020000
190181030000
190181040000
190181050000
190181060000
190181070000
190181080000
190181090000
190181100000
190181110000
190181120000
190181130000
190181140000
190181150000
190181160000
190181170000
190181180000
190181200000
190181210000
190181220000
190181240000
190181250000
190181260000
190181270000
190181280000
190181290000
190181300000
190181310000
190181320000
190181330000
190181340000
190181350000
190181360000
190181370000
190181380000
190181390000
190181400000
190181410000
190181420000
190181430000
190190010000
190190020000
190190030000
190190040000
190190050000
190190060000
190190070000
190190080000
190190090000
190190100000
190190110000
190190120000
190190130000
190190140000
190190150000
190190160000
190190170000
190190180000
190190190000
190190200000
190190210000
190190220000
190190230000
190190240000
190190250000
190190260000
190190270000
190190280000
190190290000
190190300000
190190310000
190190320000
190190330000
190190340000
190190350000
190200010000
190200020000
190200030000
190200040000
190200050000
190200060000
190200070000
190200080000
190200090000
190200100000
190200110000
190200120000
190200130000
190200140000
190200150000
190200160000
190200170000
190200180000
190200190000
190200200000
190200210000
190200220000
190200230000
190200240000
190200250000
190200260000
190200270000
190200280000
190200290000
190200300000
190200310000
190200320000
190200330000
190200340000
190200350000
190200360000
190200370000
190200380000
190200390000
190200400000
190200410000
190200420000
190200430000
190200440000
190200450000
190200460000
190200470000
190200480000
190200490000
190200500000
190200510000
190200520000
190200530000
190200540000
210010120000
210010240000
210011010000
210011020000
210030010000
210030050000
210030080000
210030130000
210030170000
210030180000
210030190000
210030220000
210030240000
210030260000
210030270000
210030280000
210050010000
210050090000
210050120000
210050130000
210050140000
210050160000
210050170000
210050180000
210050200000
210050210000
210050220000
210050270000
210050280000
210050320000
210050330000
210050340000
210050350000
210050390000
210050410000
210050420000
210050450000
210050460000
210050470000
210060010000
210060020000
210060030000
210060040000
210060050000
210060070000
210060080000
210060100000
210060110000
210060120000
210060130000
210060140000
210060150000
210060160000
210060170000
210060180000
210060200000
210060210000
210060220000
210060230000
210060240000
210060290000
210060330000
210060350000
210060380000
210060390000
210060410000
210060420000
210060450000
210060520000
210060540000
210060550000
210060560000
210060570000
210060580000
210060590000
210060600000
210060610000
210060640000
210060660000
210060690000
210060700000
210060710000
210060740000
210060750000
210060760000
210060770000
210060780000
210060790000
210060810000
210060820000
210060830000
210060840000
210060850000
210060860000
210060870000
210060880000
210060890000
210070010000
210070020000
210070030000
210070040000
210070050000
210070070000
210070080000
210070090000
210070110000
210070150000
210070160000
210070190000
210070200000
210070210000
210070220000
210070230000
210070240000
210070250000
210070260000
210070270000
210070280000
210070290000
210070300000
210070310000
210070320000
210070330000
210070340000
210070350000
210070360000
210070370000
210070450000
210070460000
210070470000
210070480000
210070500000
210070510000
210070520000
210070530000
210070540000
210070550000
210070560000
210080060000
210080080000
210080130000
210080150000
210080160000
210080180000
210080200000
210080230000
210080240000
210080250000
210080260000
210080270000
210080280000
210080290000
210090010000
210090020000
210090030000
210090040000
210090050000
210090060000
210090070000
210090080000
210090110000
210090120000
210090260000
210090290000
210090310000
210090370000
210090380000
210090390000
210090400000
210090410000
210090420000
210090430000
210090440000
210090450000
210090470000
210090480000
210090490000
210090500000
210090510000
210090520000
210090530000
210090540000
210090550000
210090560000
210090570000
210090580000
210090590000
210090600000
210090610000
210090620000
210090630000
210090640000
210090650000
210090660000
210097770000
210100030000
210100070000
210100080000
210100090000
210100110000
210100130000
210100160000
210100210000
210100220000
210100230000
210100240000
210100280000
210100330000
210100340000
210100350000
210100360000
210100400000
210100420000
210100430000
210100460000
210110010000
210110020000
210110030000
210110040000
210110050000
210110060000
210110070000
210110100000
210120010000
210120030000
210120040000
210120050000
210120090000
210120220000
210120240000
210120250000
210120260000
210120290000
210120300000
210120410000
210120570000
210120580000
210120630000
210120690000
210120700000
210120710000
210120780000
210120920000
210120930000
210120940000
210120950000
210120960000
210120970000
210120980000
210120990000
210121000000
210121010000
210121020000
210121030000
210121040000
210121050000
210121060000
210121070000
210121080000
210121090000
210121100000
210121110000
210121120000
210121130000
210121140000
210121150000
210121160000
210121170000
210121190000
210121200000
210121210000
210121220000
210121230000
210121240000
210121250000
210121260000
210121270000
210121310000
210121320000
210121400000
210121490000
210130010000
210130020000
210130040000
210130050000
210130060000
210130070000
210130080000
210130090000
210130100000
210130110000
210131420000
210131430000
210131440000
210131450000
210131460000
210131470000
210131480000
210131490000
210131500000
210131510000
210131520000
210131530000
210131540000
210131550000
210131560000
210131570000
210131580000
210131600000
210131610000
210131620000
210131630000
210131640000
210131650000
210131660000
210131670000
210131680000
210131690000
210131700000
210131710000
210140010000
210140020000
210140030000
210140050000
210140060000
210140070000
210140080000
210140090000
210140100000
210140110000
210140130000
210140140000
210140150000
210140160000
210140170000
210140200000
210140210000
210140250000
210140290000
210140300000
210140310000
210140320000
210140330000
210140350000
210140360000
210140370000
210140390000
210140400000
210140410000
210140420000
210140430000
210140440000
210140450000
210140460000
210140470000
210140480000
210140490000
210140510000
210140520000
210140530000
210140540000
210140550000
210140560000
210140570000
210140580000
210140600000
210140620000
210140630000
210140640000
210140650000
210140660000
210140670000
210140680000
210140690000
210140700000
210140710000
210140720000
210140730000
210140740000
210150010000
210150020000
210150030000
210150040000
210150060000
210150070000
210150100000
210150110000
210150120000
210150140000
210150160000
210150170000
210150190000
210150200000
210150210000
210150220000
210150230000
210150240000
210150250000
210150260000
210150270000
210150280000
210150290000
210150310000
210150320000
210150330000
210150340000
210150350000
210150360000
210150370000
210150380000
210150390000
210150400000
210150410000
210150420000
210150430000
210150440000
210150450000
210150460000
210150470000
210150480000
210150490000
210150500000
210150510000
210150520000
210150530000
210150540000
210150550000
210150560000
210160010000
210160020000
210160030000
210160050000
210160060000
210170010000
210170020000
210170030000
210170040000
210170050000
210170060000
210170080000
210170090000
210170100000
210170110000
210170120000
210170130000
210170140000
210170160000
210170170000
210170180000
210170190000
210170200000
210170210000
210170220000
210170230000
210170240000
210170250000
210170260000
210170270000
210170280000
210170290000
210170300000
210170310000
210170320000
210170330000
210170340000
210170350000
210170360000
210170370000
210170380000
210170390000
210170400000
210170410000
210170420000
210170430000
210170440000
210170450000
210170460000
210170470000
210170480000
210170490000
210170500000
210170510000
210170520000
210170530000
210170540000
210170550000
210170560000
210170570000
210170580000
210170590000
210170600000
210170610000
210170620000
210170630000
210170640000
210170650000
210170670000
210170680000
210170690000
210170700000
210170710000
210170720000
210170730000
210170740000
210170750000
210180010000
210180020000
210180030000
210180040000
210180050000
210180060000
210180070000
210180080000
210180090000
210180100000
210180110000
210180120000
210180130000
210180140000
210180150000
210180160000
210180170000
210180180000
210180190000
210180200000
210180210000
210180220000
210180230000
210180240000
210180250000
210180260000
210180270000
210180280000
210180300000
210180320000
210180330000
210180340000
210180370000
210180380000
210190010000
210190020000
210190030000
210190040000
210190050000
210190060000
210190070000
210190080000
210190090000
210190100000
210190130000
210190140000
210190150000
210190160000
210190170000
210190180000
210190190000
210190200000
210190210000
210190220000
210190240000
210190250000
210190260000
210190270000
210190280000
210190290000
210190300000
210190310000
210190320000
210190340000
210190350000
210190360000
210190370000
210190380000
210200010000
210200020000
210200030000
210200040000
210200050000
210200060000
210200070000
210200080000
210200090000
210200100000
210200110000
210200120000
210200130000
210200140000
210200220000
210200230000
210200240000
210200250000
210200260000
210200270000
210200280000
210200290000
210200300000
210200310000
210200320000
210200330000
210200340000
210200350000
210200360000
210200370000
210200380000
210200390000
210200400000
210200410000
210200420000
210200460000
210200470000
210200480000
210200490000
210200500000
210200510000
210200520000
210200530000
210200540000
210200550000
210200560000
210200570000
210200580000
210200590000
210200600000
210200610000
210200620000
210200630000
210200640000
210200650000
210200660000
210200670000
210200680000
210200690000
210200700000
210200710000
210200720000
210200730000
210200740000
210200750000
210200760000
210200770000
210200780000
210200790000
210200800000
210200810000
210200820000
210200830000
210200840000
210200850000
210200860000
210200870000
210200880000
210200890000
210200900000
210200910000
210200920000
210200930000
210200940000
210200950000
210200960000
210200970000
210200990000
210201000000
210201010000
210201020000
210201030000
210201040000
210201050000
210201060000
210201070000
210210010000
210210020000
210210030000
210210040000
210210050000
210210060000
210210070000
210210080000
210210090000
210210100000
210210110000
210210120000
210210130000
210210140000
210210150000
210210160000
210210170000
210210180000
210210190000
210210200000
210210210000
210210220000
210210230000
210210240000
210210250000
210210260000
210210270000
210210280000
210210290000
210210300000
210210310000
210210320000
210210330000
210210340000
210210350000
210210360000
210210370000
210210380000
210210390000
210210400000
210210410000
210210420000
210210430000
210210440000
210210450000
210210460000
210210470000
210210480000
210210490000
210210500000
210210510000
210210520000
210210530000
210210540000
210210550000
210210560000
210210570000
210210580000
210210590000
210210600000
210210610000
210210620000
210210630000
210210640000
210210650000
210210660000
210210670000
210210680000
210210690000
210210700000
210210710000
210210720000
210210730000
210210740000
210210750000
210210760000
210210770000
210210780000
210210790000
210210800000
210210810000
210210820000
210210830000
210210840000
210210850000
210210860000
210210870000
210210880000
210210890000
210210900000
210210910000
210210920000
210210930000
210210940000
210210950000
210210960000
210210970000
210210980000
210210990000
210211000000
210211010000
210211020000
210211030000
210211040000
210211050000
210211060000
210211070000
210211080000
210211090000
210211100000
210211110000
210211120000
210220020000
210220070000
210220080000
210220090000
210220100000
210220160000
210220170000
210220180000
210220190000
210220200000
210220210000
210220220000
210220230000
210220240000
210220300000
210220310000
210220320000
210220330000
210220340000
210220350000
210220360000
210220370000
210220380000
210220390000
210220400000
210220410000
210220420000
210220430000
210220440000
210220450000
210220460000
210220470000
210220530000
210220540000
210220550000
210220560000
210220570000
210220580000
210220590000
210220600000
210220610000
210220620000
210220630000
210220640000
210220650000
210220660000
210220670000
210220680000
210220690000
210220700000
210220710000
210220730000
210220760000
210220770000
210220780000
210220790000
210220800000
210220810000
210220820000
210220830000
210220840000
210220860000
210220880000
210220890000
210220900000
210220910000
210220930000
210220940000
210220950000
210220960000
210220970000
210220980000
210220990000
210221000000
210221010000
210221020000
210221030000
210221040000
210221050000
210221060000
210221070000
210230010000
210230020000
210230030000
210230040000
210230050000
210230060000
210230070000
210230080000
210230090000
210230100000
210230110000
210230120000
210230130000
210230140000
210230150000
210230160000
210230170000
210230180000
210230190000
210230200000
210230250000
210230260000
210230270000
210230280000
210230290000
210230300000
210230310000
210230320000
210230330000
210230340000
210230350000
210230360000
210230370000
210230380000
210230390000
210230400000
210230410000
210230420000
210230430000
210230440000
210230450000
210230470000
210230480000
210230490000
210230500000
210230510000
210230520000
210230530000
210230540000
210230550000
210230560000
210230570000
210230580000
210230590000
210230600000
210230610000
210230620000
210230630000
210230640000
210230650000
210230660000
210230670000
210230680000
210230690000
210230700000
210230710000
210230720000
210230730000
210230740000
210230750000
210230760000
210230770000
210230780000
210230790000
210230800000
210230810000
210230820000
210230830000
210230840000
210230850000
210230860000
210230870000
210230880000
210230890000
210230900000
210230910000
210230920000
210230930000
210230940000
210230950000
210230960000
210230970000
210230980000
210230990000
210231000000
210231010000
210231020000
210231030000
210231040000
210231050000
210231060000
210231070000
210231080000
210231090000
210231100000
210231110000
210231120000
210231130000
210231140000
210231150000
210231160000
210231170000
210231180000
210231190000
210231200000
210231210000
210231220000
210231230000
210231240000
210231250000
210231260000
210231270000
210231280000
210231290000
210231300000
210231310000
210231320000
210231330000
210231340000
210231350000
210231360000
210231370000
210231380000
210231390000
210231400000
210231410000
210231420000
210231430000
210231440000
210231450000
210231460000
210231470000
210231480000
210231490000
210231500000
210231510000
210231520000
210231530000
210231550000
210231560000
210231570000
210231580000
210231590000
210231610000
210231620000
210231630000
210231640000
210231650000
210231660000
210231670000
210231680000
210231690000
210231700000
210231710000
210231720000
210231730000
210231740000
210231750000
210240070000
210240130000
210240140000
210240150000
210240160000
210240270000
210240280000
210240290000
210240300000
210240310000
210240320000
210240330000
210240340000
210240350000
210240360000
210240370000
210240380000
210240390000
210240400000
210240410000
210240420000
210240430000
210240440000
210240450000
210240460000
210240470000
210240580000
210240590000
210240600000
210240610000
210240620000
210240630000
210240640000
210240650000
210240660000
210240670000
210240680000
210240690000
210240700000
210240710000
210240720000
210240730000
210240760000
210250010000
210250020000
210250030000
210250040000
210250050000
210250060000
210250070000
210250080000
210250090000
210250100000
210250110000
210250120000
210250130000
210250140000
210250150000
210250160000
210250170000
210250180000
210250190000
210250200000
210250210000
210250220000
210250230000
210250240000
210250250000
210250260000
210250270000
210250280000
210250290000
210250300000
210250310000
210250320000
210250330000
210250340000
210250350000
210250360000
210250370000
210250380000
210250390000
210250400000
210250410000
210250420000
210250430000
210250440000
210250450000
210250460000
210250470000
210250480000
210250490000
210250500000
210250510000
210250520000
210250530000
210250540000
210250550000
210250560000
210250570000
210250580000
210250590000
210250600000
210250610000
210250620000
210250630000
210250640000
210250650000
210250660000
210250670000
210250680000
210250690000
210250700000
210250710000
210250720000
210250730000
210250740000
210250750000
210250760000
210250770000
210250780000
210250790000
210250800000
210250810000
210250820000
210250830000
210250840000
210250850000
210250860000
210250870000
210250880000
210250890000
210250900000
210250910000
210250920000
210250930000
210250940000
210250950000
210250960000
210250970000
210250980000
210250990000
210251000000
210251010000
210251020000
210251030000
210251040000
210251050000
210251060000
210251070000
210251080000
210251090000
210251100000
210251110000
210251120000
210251130000
210251140000
210251150000
210251160000
210251170000
210251180000
210251190000
210251200000
210251210000
210251220000
210251230000
210251240000
210251250000
210251260000
210251270000
210251280000
210251290000
210251300000
210251310000
210251320000
210251340000
210251350000
210251360000
210251370000
210251380000
210251390000
210251400000
210251410000
210251420000
210251430000
210251440000
210251450000
210251460000
210251470000
210251480000
210251490000
210251500000
210251510000
210251520000
210251530000
210251540000
210251550000
210251560000
210251570000
210251580000
210251590000
210251600000
210251610000
210251620000
210251630000
210251640000
210251650000
210251660000
210251670000
210251680000
210251690000
210251700000
210251710000
210251720000
210251730000
210251740000
210251750000
210251760000
210251770000
210251780000
210251790000
210251800000
210251810000
210251820000
210251830000
210251840000
210251850000
210251860000
210251870000
210251880000
210251890000
210251900000
210251910000
210251920000
210251930000
210251940000
210251950000
210251960000
210251970000
210251980000
210251990000
210252000000
210252010000
210252020000
210252030000
210252040000
210252050000
210252060000
210252070000
210252080000
210252090000
210252100000
210252110000
210252120000
210252130000
210252140000
210252150000
210252160000
210252170000
210252180000
210252190000
210260010000
210260020000
210260030000
210260040000
210260050000
210260060000
210260070000
210260080000
210260090000
210260100000
210260110000
210260120000
210260130000
210260140000
210260150000
210260160000
210260170000
210260180000
210260190000
210260200000
210260210000
210260220000
210260230000
210260240000
210260250000
210260260000
210260270000
220010010000
220010040000
220010060000
220010070000
220010080000
220010100000
220010170000
220010180000
220010190000
220010240000
220010270000
220010300000
220010330000
220010340000
220020010000
220020340000
220020350000
220030030000
220030460000
220040010000
220040020000
220040250000
220040280000
220040350000
220040560000
220040600000
220040640000
220044440000
220050020000
220050040000
220050060000
220060010000
220060210000
220060260000
220060270000
220070010000
220070180000
220070430000
220080010000
220080020000
220080050000
220080060000
220080070000
220080080000
220080090000
220080120000
220080130000
220080140000
220080150000
220080160000
220080180000
220080210000
220080230000
220080250000
220080260000
220080280000
220080300000
220080380000
220080390000
220080400000
220080410000
220080420000
220080460000
220080480000
220080490000
220080500000
220080510000
220080520000
220080530000
220090010000
220090040000
220090070000
220090080000
220090090000
220090100000
220090110000
220090130000
220090140000
220090150000
220090160000
220090180000
220090200000
220090210000
220090220000
220090230000
220090240000
220090250000
220090260000
220090280000
220090430000
220090470000
220090520000
220090530000
220090550000
220090560000
220090580000
220090590000
220090610000
220090620000
220100010000
220100020000
220100030000
220100040000
220100050000
220100060000
220100070000
220100080000
220100090000
220100100000
220100110000
220100120000
220100150000
220100160000
220100170000
220100250000
220100270000
220100290000
220100300000
220110010000
220110410000
220110420000
220110430000
220110440000
220120010000
220120040000
220120120000
220120160000
220130030000
220130140000
220130180000
220140020000
220140100000
220140130000
220140530000
220140720000
220140730000
220150010000
220150330000
220150750000
220150760000
220160010000
220160020000
220160030000
220160040000
220160050000
220160060000
220160070000
220160080000
220160090000
220160100000
220160110000
220160120000
220160130000
220160140000
220160150000
220160160000
220160170000
220160200000
220160210000
220160220000
220160230000
220160240000
220160270000
220160280000
220160290000
220160300000
220160310000
220160320000
220160330000
220160340000
220160350000
220160370000
220160380000
220160390000
220160410000
220170010000
220170030000
220170040000
220170050000
220170060000
220170070000
220170080000
220170090000
220170100000
220170120000
220170130000
220170140000
220170150000
220170160000
220170170000
220170180000
220170190000
220170200000
220170210000
220170220000
220170230000
220170240000
220170270000
220170280000
220170290000
220170300000
220170310000
220170320000
220170330000
220170340000
220170350000
220170360000
220170370000
220170380000
220170390000
220170400000
220170420000
220170430000
220170450000
220170460000
220170470000
220180010000
220180020000
220180030000
220180040000
220180050000
220180060000
220180070000
220180080000
220180090000
220180100000
220180110000
220180120000
220180130000
220180140000
220180150000
220180160000
220180170000
220180190000
220180200000
220180210000
220180220000
220180240000
220180300000
220180310000
220180320000
220180330000
220180340000
220180350000
220180360000
220180370000
220180380000
220180390000
220180400000
220180410000
220180420000
220180430000
220180470000
220180480000
220180510000
220180590000
220180600000
220180620000
220180650000
220180660000
220180670000
220180680000
220180690000
220190010000
220190020000
220190030000
220190040000
220190060000
220190070000
220190080000
220190090000
220190110000
220190120000
220190130000
220190140000
220190150000
220190160000
220190170000
220190180000
220190190000
220190200000
220190230000
220190240000
220190250000
220190260000
220190270000
220190280000
220190290000
220190300000
220190310000
220190320000
220190330000
220190350000
220190360000
220190380000
220190390000
220190400000
220190410000
220190440000
220190450000
220190460000
220190470000
220190480000
220190510000
220190520000
220190550000
220190560000
220190570000
220190580000
220190590000
220190610000
220190620000
220190630000
220190640000
220190650000
220190660000
220190680000
220190710000
220190740000
220190750000
220190760000
220190770000
220190790000
220190800000
220190810000
220190820000
220190840000
220190860000
220190870000
220190880000
220190890000
220190900000
220190910000
220190920000
220190930000
220200010000
220200020000
220200030000
220200040000
220200050000
220200060000
220200070000
220200080000
220200090000
220200110000
220200120000
220200130000
220200140000
220200150000
220200160000
220210010000
220210030000
220210040000
220210050000
220210060000
220210070000
220210080000
220210090000
220210100000
220210110000
220210120000
220210140000
220210150000
220210160000
220210170000
220210180000
220210190000
220210200000
220210210000
220210230000
220210240000
220210250000
220210260000
220210270000
220210280000
220210290000
220210300000
220210310000
220210330000
220210340000
220210350000
220210360000
220210370000
220210380000
220210400000
220210410000
220210420000
220210430000
220210450000
220210470000
220210480000
220220010000
220220020000
220220030000
220220040000
220220050000
220220060000
220220070000
220220080000
220220090000
220220100000
220220110000
220220120000
220220130000
220220140000
220220150000
220220160000
220220180000
220220190000
220220200000
220220210000
220220220000
220220230000
220220240000
220220250000
220220260000
220220270000
220220280000
220220290000
220220400000
220220410000
220230010000
220230020000
220230030000
220230040000
220230050000
220230060000
220230070000
220230080000
220230090000
220230100000
220230110000
220230120000
220230130000
220230140000
220230150000
220230160000
220230170000
220230180000
220230200000
220230210000
220230220000
220230230000
220230240000
220230250000
220230270000
220230280000
220230290000
220230310000
220230330000
220240010000
220240020000
220240030000
220240040000
220240050000
220240060000
220240070000
220240080000
220240090000
220240100000
220240110000
220240120000
220240130000
220240140000
220240150000
220240170000
220240180000
220240190000
220240200000
220240210000
220240220000
220240230000
220240240000
220240250000
220240260000
220240270000
220240280000
220240290000
220240300000
220240310000
220250010000
220250020000
220250030000
220250040000
220250050000
220250060000
220250070000
220250080000
220250090000
220250100000
220250110000
220250120000
220250130000
220250140000
220250150000
220250160000
220250170000
220250180000
220250190000
220250200000
220250210000
220250220000
220250240000
220250250000
220250260000
220250270000
220250300000
220250310000
220250330000
220250340000
220250350000
220250360000
220260010000
220260020000
220260030000
220260040000
220260060000
220260080000
220260090000
220260100000
220260110000
220260120000
220260130000
220260140000
220260150000
220260160000
220260170000
220260180000
220260190000
220260200000
220260210000
220260220000
220260230000
220260240000
220260250000
220260260000
220260270000
220260280000
220260290000
220260300000
220260310000
220260320000
220260330000
220260340000
220260350000
220260360000
220260370000
220260380000
220270010000
220270020000
220270030000
220270040000
220270050000
220270060000
220270070000
220270080000
220270090000
220270100000
220270110000
220270120000
220270130000
220270140000
220270150000
220270160000
220270170000
220270180000
220270190000
220270200000
220270210000
220270220000
220270230000
220270240000
220270250000
220270260000
220270270000
220270280000
220270290000
220270300000
220270310000
220270320000
220270330000
220270340000
220270350000
220270360000
220270370000
220270380000
220270390000
220270410000
220270420000
220270430000
220270440000
220270450000
220270460000
220270470000
220270490000
220270510000
220270520000
220270530000
220270540000
220270550000
220270560000
220270570000
220270580000
220270590000
220270600000
220270610000
220270620000
220270630000
220270640000
220270650000
220270660000
220270670000
220270680000
220270690000
220270700000
220270710000
220270720000
220270730000
220270740000
220270750000
220270760000
220270770000
220270780000
220270790000
220270800000
220270810000
220270820000
220270830000
220270840000
220270850000
220270860000
220270870000
220270880000
220270900000
220270910000
220270920000
220280010000
220280020000
220280030000
220280040000
220280050000
220280060000
220280070000
220280080000
220280090000
220280100000
220280110000
220280120000
220280130000
220280140000
220280150000
220280160000
220280170000
220280190000
220280200000
220280210000
220280220000
220280230000
220280240000
220280250000
220280260000
220280270000
220280280000
220280290000
220280300000
220280310000
220280320000
220280330000
220280340000
220280350000
220280360000
220280370000
220290010000
220290070000
220290080000
220290100000
220290110000
220290130000
220290160000
220290180000
220290190000
220290210000
220290220000
220290230000
220290240000
220290260000
220290270000
220300030000
220300040000
220300050000
220300060000
220300080000
220300090000
220300100000
220300110000
220300120000
220300140000
220300150000
220300160000
220300170000
220300180000
220300190000
220310010000
220310050000
220310100000
220310110000
220310120000
220310140000
220310150000
220310160000
220320030000
220320040000
220320080000
220320100000
220320110000
220320120000
220320140000
220320150000
220320190000
220320200000
220320210000
220320220000
220320230000
220320240000
220320250000
220320300000
220320310000
220320330000
220320340000
220320350000
220320600000
220320620000
220320640000
220320670000
220320680000
220320700000
220320730000
220320740000
220320780000
220320820000
220320840000
220320850000
220320860000
220320870000
220320880000
220320900000
220320910000
220320920000
220320930000
220320940000
220320950000
220320970000
220320980000
220320990000
220321000000
220321010000
220321020000
220321030000
220321040000
220330010000
220330040000
220330110000
220330130000
220330160000
220340010000
220340020000
220340030000
220340040000
220340050000
220340060000
220340070000
220340080000
220340090000
220340100000
220340110000
220340120000
220340130000
220340140000
220340150000
220340160000
220340170000
220340180000
220340190000
220340200000
220340210000
220340220000
220340230000
220340240000
220340250000
220340270000
220340280000
220340290000
220340300000
220340310000
220340320000
220340330000
220340340000
220340350000
220340360000
220340370000
220340380000
220340390000
220340410000
220340420000
220340430000
220340450000
220340460000
220340470000
220340480000
220340490000
220340500000
220340510000
220340520000
220340530000
220340540000
220340550000
220340560000
220340580000
220340590000
220340600000
220340610000
220340620000
220340630000
220340640000
220340650000
220340660000
220340670000
220340700000
220340710000
220340720000
220340730000
220340740000
220340750000
220340780000
220340790000
220340800000
220340810000
220340820000
220340830000
220340850000
220340860000
220340870000
220340880000
220340890000
220340900000
220340910000
220340940000
220340950000
220340970000
220340980000
220340990000
220341000000
220341010000
220341020000
220341030000
220341040000
220341050000
220341070000
220341080000
220341090000
220341100000
220341110000
220341130000
220341140000
220341150000
220341160000
220341170000
220341180000
220341190000
220341200000
220341210000
220341220000
220341230000
220341240000
220350010000
220350020000
220350030000
220350040000
220350050000
220350060000
220350070000
220350080000
220350090000
220350110000
220350120000
220350130000
220350140000
220350150000
220350160000
220350170000
220350180000
220350190000
220350200000
220350210000
220350220000
220350230000
220350240000
220350250000
220350260000
220350270000
220350280000
220350290000
220350300000
220350310000
220350320000
220350330000
220350340000
220350350000
220350360000
220350370000
220350400000
220350410000
220350430000
220350440000
220350450000
220350460000
220350470000
220350490000
220350500000
220350510000
220350520000
220350530000
220350540000
220350550000
220350560000
220350570000
220350580000
220350590000
220350600000
220350610000
220350620000
220350630000
220350640000
220350680000
220350690000
220350700000
220350710000
220350720000
220350730000
220350790000
220350810000
220350820000
220350830000
220350850000
220350860000
220350870000
220350880000
220350890000
220350900000
220350910000
220350920000
220350930000
220350940000
220350960000
220350970000
220350990000
220351000000
220351010000
220351020000
220351040000
220351050000
220351060000
220351090000
220351100000
220351110000
220360010000
220360020000
220360030000
220360040000
220360050000
220360060000
220360070000
220360080000
220360090000
220360100000
220360110000
220360120000
220360130000
220360140000
220360150000
220360160000
220360180000
220360190000
220360200000
220360210000
220360220000
220360230000
220360240000
220360250000
220360260000
220360270000
220360280000
220360290000
220360300000
220360310000
220360320000
220360330000
220360340000
220360350000
220360360000
220360370000
220360380000
220360390000
220360400000
220360410000
220360420000
220360430000
220360440000
220360450000
220360460000
220360470000
220360480000
220360490000
220360500000
220360510000
220360520000
220360530000
220360540000
220360550000
220360560000
220360570000
220360580000
220360590000
220360600000
220360610000
220360620000
220360630000
220360650000
220360760000
220360770000
220360780000
220360790000
220360810000
220360820000
220360830000
220360840000
220360850000
220360860000
220360870000
220360880000
220360890000
220360900000
220360910000
220360920000
220360930000
220360940000
220360950000
220360960000
220360970000
220360980000
220360990000
220361000000
220361010000
220361020000
220361030000
220361050000
220361060000
220361070000
220361090000
220361100000
220361130000
220361200000
220361230000
220361240000
220361250000
220361270000
220361280000
220361310000
220361320000
220361330000
220361340000
220361360000
220361370000
220361380000
220361390000
220361400000
220361410000
220361420000
220361430000
220361440000
220361450000
220361460000
220361470000
220361480000
220361490000
220361500000
220361510000
220361520000
220361530000
220361540000
220361550000
220361560000
220361570000
220361580000
220361590000
220370010000
220370020000
220370030000
220370040000
220370050000
220370060000
220370070000
220370080000
220370090000
220370100000
220370110000
220370120000
220370130000
220370150000
220370160000
220370170000
220370180000
220370190000
220370200000
220370210000
220370220000
220370230000
220370240000
220370250000
220370260000
220370280000
220370290000
220370310000
220370320000
220370330000
220370340000
220370350000
220370360000
220370370000
220370380000
220370390000
220370400000
220370410000
220370470000
220370480000
220370490000
220370500000
220370510000
220370520000
220370530000
220370540000
220370550000
220370560000
220370600000
220370610000
220370630000
220370650000
220370660000
220370720000
220370790000
220370800000
220370810000
220370880000
220370890000
220370920000
220370930000
220370940000
220370960000
220370970000
220370980000
220371220000
220371260000
220371290000
220371300000
220371340000
220371350000
220371370000
220371380000
220371390000
220371400000
220371410000
220371420000
220371430000
220371440000
220371460000
220371470000
220371480000
220371490000
220371500000
220371510000
220371530000
220371540000
220380010000
220380020000
220380030000
220380040000
220380050000
220380060000
220380070000
220380090000
220380100000
220380110000
220380120000
220380130000
220380140000
220380150000
220380160000
220380170000
220380180000
220380190000
220380200000
220380210000
220380220000
220380230000
220380240000
220380250000
220380260000
220380270000
220380280000
220380290000
220380300000
220380310000
220380320000
220380330000
220380340000
220380350000
220380360000
220380370000
220380380000
220380390000
220380400000
220380410000
220380420000
220380430000
220380440000
220380450000
220380460000
220380470000
220380480000
220380490000
220380500000
220380510000
220380520000
220380530000
220380540000
220380550000
220380560000
220380570000
220380580000
220380590000
220380600000
220380610000
220380620000
220380630000
220380640000
220380650000
220380660000
220380670000
220380680000
220380690000
220380700000
220380710000
220380720000
220380730000
220380740000
220380750000
220380760000
220380770000
220380780000
220380790000
220380800000
220380810000
220380820000
220380830000
220380840000
220380850000
220380860000
220380870000
220380890000
220380900000
220380910000
220380920000
220380930000
220380940000
220380950000
220380960000
220380970000
220380980000
220380990000
220381000000
220381010000
220381020000
220381030000
220381040000
220381050000
220381060000
220381070000
220381090000
220381100000
220381110000
220381120000
220381130000
220381140000
220381150000
220381160000
220381170000
220381180000
220381190000
220381200000
220381210000
220381220000
220381230000
220381240000
220381250000
220381260000
220381270000
220381280000
220381290000
220381300000
220381310000
220381320000
220381330000
220381340000
220381350000
220381360000
220381370000
220381380000
220381390000
220381400000
220381410000
220381420000
220381430000
220381440000
220381450000
220381460000
220381470000
220381480000
220381490000
220381500000
220381510000
220381520000
220381530000
220390010000
220390020000
220390030000
220390040000
220390050000
220390060000
220390070000
220390080000
220390090000
220390100000
220390110000
220390130000
220390150000
220390160000
220390170000
220390180000
220390190000
220390200000
220390210000
220390230000
220390240000
220390250000
220390260000
220390270000
220390280000
220390290000
220390300000
220390310000
220390320000
220390330000
220390360000
220390370000
220390380000
220390390000
220390400000
220390410000
220390420000
220390430000
220390440000
220390450000
220390460000
220390470000
220390480000
220390490000
220390500000
220390510000
220390520000
220390530000
220390540000
220390550000
220390560000
220390580000
220390590000
220390600000
220390610000
220390620000
220390630000
220390640000
220390650000
220390660000
220390700000
220390710000
220390720000
220390730000
220390740000
220390750000
220390760000
220390770000
220390780000
220390790000
220390800000
220390810000
220390820000
220390830000
220390840000
220390850000
220390860000
220390870000
220390880000
220390890000
220390900000
220390910000
220390920000
220390930000
220390940000
220390950000
220390960000
220390970000
220390980000
220390990000
220391000000
220391010000
220391020000
220391030000
220391040000
220391050000
220391060000
220391070000
220391080000
220391090000
220391100000
220391110000
220391120000
220391130000
220391150000
220391160000
220391170000
220391180000
220391190000
220391200000
220391210000
220391220000
220391230000
220391240000
220391250000
220391260000
220391270000
220391280000
220391290000
220391320000
220391330000
220391340000
220391350000
220391360000
220391370000
220391380000
220391390000
220391400000
220391410000
220391420000
220391430000
220391440000
220391450000
220391460000
220391470000
220391480000
220391490000
220391500000
220391510000
220391520000
220400010000
220400020000
220400040000
220400050000
220400060000
220400070000
220400090000
220400100000
220400110000
220400120000
220400130000
220400140000
220400150000
220400160000
220400170000
220400180000
220400190000
220400200000
220400210000
220400220000
220400230000
220400240000
220400250000
220400260000
220400270000
220400280000
220400290000
220400300000
220400310000
220400320000
220400330000
220400340000
220400350000
220400360000
220400370000
220400380000
220400390000
220400400000
220400410000
220400420000
220400460000
220400470000
220400480000
220400490000
220400500000
220400510000
220400520000
220400530000
220400540000
220400550000
220400560000
220400570000
220400580000
220400590000
220400600000
220400610000
220400620000
220400630000
220400640000
220400650000
220400660000
220400670000
220400680000
220400700000
220400710000
220400720000
220400730000
220400740000
220400750000
220400760000
220400770000
220400780000
220400790000
220400800000
220400810000
220400820000
220400830000
220400840000
220400850000
220400860000
220400870000
220400880000
220400890000
220400900000
220400910000
220400920000
220400930000
220400940000
220400950000
220400960000
220400970000
220400980000
220400990000
220401000000
220401010000
220401020000
220401030000
220401040000
220401050000
220401060000
220401070000
220401080000
220401090000
220401110000
220401130000
220401140000
220401150000
220401160000
220401170000
220401180000
220401190000
220401200000
220401210000
220401220000
220401230000
220401240000
220401250000
220410010000
220410020000
220410030000
220410040000
220410050000
220410060000
220410070000
220410080000
220410090000
220410100000
220410110000
220410120000
220410130000
220410140000
220410150000
220410160000
220410170000
220410180000
220410190000
220410200000
220410210000
220410220000
220410230000
220410240000
220410250000
220410260000
220410270000
220410280000
220410290000
220410300000
220410310000
220410320000
220410330000
220410340000
220410350000
220410360000
220410370000
220410380000
220410390000
220410400000
220410420000
220410430000
220410440000
220410450000
220410460000
220410470000
220410480000
220410490000
220410500000
220410510000
220410520000
220410530000
220410540000
220410550000
220410560000
220410570000
220410580000
220410590000
220410600000
220410610000
220410620000
220410630000
220410640000
220410650000
220410660000
220410670000
220410680000
220410690000
220410700000
220410710000
220410720000
220410730000
220410740000
220410750000
220410760000
220410770000
220410780000
220410790000
220410800000
220410810000
220410820000
220410830000
220410840000
220410850000
220410860000
220410870000
220410880000
220410890000
220410900000
220410910000
220410920000
220410930000
220410940000
220410950000
220410960000
220410970000
220410980000
220410990000
220411000000
220411010000
220411020000
220411030000
220411040000
220411050000
220411060000
220411070000
220411080000
220411090000
220411100000
220411110000
220411120000
220411140000
220411150000
220411160000
220411170000
220411180000
220411190000
220411200000
220411210000
220411220000
220411230000
220411240000
220411250000
220411260000
220411270000
220411280000
220411290000
220411300000
220411310000
220411330000
220411340000
220411350000
220411360000
220411370000
220411380000
220411390000
220411400000
220411410000
220411420000
220411430000
220411440000
220411450000
220411460000
220411470000
220411480000
220411490000
220411500000
220411510000
220411520000
220411530000
220411540000
220420010000
220420020000
220420030000
220420040000
220420050000
220420060000
220420070000
220420080000
220420090000
220420100000
220420110000
220420120000
220420130000
220420140000
220420150000
220420160000
220420170000
220420250000
220420260000
220420270000
220420280000
220420290000
220420300000
220420310000
220420320000
220420330000
220420340000
220420350000
220420360000
220420370000
220420380000
220420390000
220420400000
220420410000
220420420000
220420430000
220420440000
220420450000
220420460000
220420470000
220420480000
220420490000
220420500000
220420510000
220420520000
220420530000
220420540000
220420550000
220420560000
220420570000
220420580000
220420590000
220420600000
220420610000
220420620000
220420630000
220420640000
220420650000
220420660000
220420670000
220420680000
220420690000
220420700000
220420710000
220420720000
220420730000
220420740000
220420750000
220420760000
220420770000
220420780000
220420790000
220420800000
220420810000
220420820000
220420830000
220420840000
220420850000
220420860000
220420870000
220420880000
220420890000
220420900000
220420910000
220420920000
220420930000
220420940000
220420950000
220420960000
220420970000
220420980000
220420990000
220421000000
220421010000
220421020000
220421030000
220421040000
220421050000
220421060000
220421070000
220421080000
220421090000
220421100000
220421110000
220421120000
220421130000
220421140000
220421150000
220421160000
220421170000
220421180000
220421190000
220421200000
220421210000
220421220000
220421230000
220421240000
220421250000
220421260000
220421270000
220421280000
220421290000
220421300000
220421310000
220421320000
220421330000
220421340000
220421350000
220421360000
220421370000
220421380000
220421390000
220421400000
220421410000
220421420000
220421430000
220421440000
220421450000
220421460000
220421470000
220421480000
220421490000
220421500000
220421510000
220421520000
220430010000
220430020000
220430030000
220430040000
220430050000
220430060000
220430070000
220430080000
220430090000
220430100000
220430110000
220430120000
220430130000
220430140000
220430150000
220430170000
220430180000
220430190000
220430200000
220430210000
220430220000
220430230000
220430240000
220430250000
220430260000
220430270000
220430280000
220430290000
220430300000
220430310000
220430320000
220430330000
220430340000
220430350000
220430360000
220430370000
220430380000
220430390000
220430400000
220430410000
220430420000
220430430000
220430440000
220430450000
220430460000
220430470000
220430480000
220430490000
220430500000
220430510000
220430520000
220430530000
220430540000
220430550000
220430560000
220430570000
220430580000
220430600000
220430620000
220430630000
220430640000
220430650000
220430660000
220430670000
220430680000
220430690000
220430700000
220430710000
220430720000
220430730000
220430740000
220430750000
220430760000
220430770000
220430780000
220430790000
220430800000
220430810000
220430820000
220430830000
220430840000
220430850000
220430860000
220430870000
220430890000
220430900000
220430910000
220430920000
220430930000
220430940000
220430950000
220430960000
220430970000
220430990000
220431000000
220431010000
220431020000
220431030000
220431040000
220431050000
220431060000
220431070000
220431080000
220431090000
220431100000
220431110000
220431120000
220431130000
220431140000
220431150000
220431160000
220431170000
220431180000
220431190000
220431200000
220431210000
220431220000
220431230000
220431240000
220431250000
220431260000
220431270000
220431280000
220440030000
220440040000
220440050000
220440060000
220440070000
220440150000
220440290000
220440300000
220440310000
220440320000
220440330000
220440340000
220440350000
220440370000
220440380000
220440400000
220440410000
220440420000
220440430000
220440440000
220440450000
220440460000
220440470000
220440480000
220440490000
220440500000
220440510000
220440520000
220440530000
220440540000
220440550000
220440560000
220440570000
220440580000
220440590000
220440600000
220440610000
220440620000
220440630000
220440640000
220440650000
220440660000
220440670000
220440680000
220440690000
220440700000
220440710000
220440720000
220440730000
220440740000
220440750000
220440760000
220440770000
220440780000
220440790000
220440800000
220440810000
220440820000
220440830000
220440840000
220440850000
220440860000
220440870000
220440880000
220440890000
220440900000
220440910000
220440920000
220440930000
220440940000
220440950000
220440960000
220440970000
220440980000
220440990000
220441000000
220441010000
220441020000
220441030000
220441040000
220441050000
220441060000
220441070000
220441080000
220441090000
220441100000
220441110000
220441120000
220441130000
220441140000
220441150000
220441160000
220441170000
220441180000
220441190000
220441200000
220441210000
220441220000
220441230000
220441240000
220441250000
220441260000
220441270000
220441280000
220441290000
220441300000
220441310000
220441320000
220441330000
220441340000
220441350000
220441360000
220441370000
220450030000
220450040000
220450050000
220450070000
220450080000
220450090000
220450100000
220450110000
220450120000
220450140000
220450150000
220450160000
220450170000
220450180000
220450190000
220450200000
220450210000
220450220000
220450270000
220450280000
220450290000
220450300000
220450310000
220450320000
220450340000
220450360000
220450370000
220450380000
220450390000
220450400000
220450410000
220450420000
220450430000
220450440000
220450450000
220450460000
220450470000
220450480000
220450490000
220450500000
220450510000
220450520000
220450530000
220450540000
220450550000
220450570000
220450580000
220450600000
220450610000
220450620000
220450630000
220450640000
220450650000
220450660000
220450930000
220451220000
220451240000
220451250000
220451260000
220451270000
220451280000
220451290000
220451300000
220451310000
220451320000
220451330000
220451340000
220451350000
220451360000
220451370000
220451380000
220451390000
220451400000
220451410000
220451430000
220451440000
220451450000
220451460000
220451470000
220451480000
220451490000
220451500000
220451510000
220451520000
220451530000
220451540000
220451550000
220451560000
220451570000
220451580000
220451590000
220451600000
220451610000
220451620000
220451630000
220451640000
220451650000
220451660000
220451670000
220451680000
220451690000
220451700000
220451710000
220451720000
220451730000
220451740000
220451750000
220451760000
220451770000
220451780000
220451790000
220451800000
220451810000
220451820000
220451830000
220451840000
220451850000
220451860000
220451870000
220451880000
220451890000
220451900000
220451910000
220451920000
220460040000
220460050000
220460070000
220460080000
220460090000
220460130000
220460140000
220460170000
220460210000
220460240000
220460250000
220460260000
220460280000
220460290000
220460300000
220460310000
220460320000
220460330000
220460340000
220460350000
220460360000
220460370000
220460380000
220460390000
220460400000
220460410000
220460420000
220460430000
220460440000
220460450000
220460460000
220460470000
220460480000
220460490000
220460510000
220460520000
220460530000
220460540000
220460550000
220460560000
220460570000
220460580000
220460590000
220460600000
220460610000
220460620000
220460630000
220460640000
220460650000
220460660000
220460670000
220460680000
220460690000
220460700000
220460710000
220460720000
220460730000
220460740000
220460750000
220460760000
220460770000
220460780000
220460790000
220460800000
220460820000
220460840000
220460850000
220460860000
220460870000
220460880000
220460890000
220460900000
220460910000
220460920000
220460930000
220460940000
220460950000
220460960000
220460970000
220460980000
220460990000
220461000000
220461010000
220461020000
220461030000
220461040000
220461050000
220461060000
220461070000
220461080000
220461090000
220461100000
220461110000
220461120000
220461130000
220461140000
220461150000
220461160000
220461170000
220461180000
220461190000
220461200000
220461210000
220461220000
220461230000
220461240000
220461250000
220461260000
220470010000
220470040000
220470060000
220470590000
220470600000
220470610000
220470620000
220470630000
220470640000
220470650000
220470660000
220470690000
220470700000
220470720000
220470730000
220470740000
220470750000
220470760000
220480010000
220480050000
220480060000
220480070000
220480080000
220480090000
220480100000
220480110000
220480120000
220480130000
220480140000
220480160000
220480840000
220480870000
220480910000
220480920000
220480930000
220480940000
220480950000
220480960000
220480970000
220480980000
220480990000
220481000000
220481010000
220481020000
220481030000
220481040000
220481050000
220481060000
220481070000
220481080000
220481090000
220481100000
220481110000
220481120000
220481130000
220481140000
220481150000
220481160000
220481170000
220481180000
220481190000
220481200000
220481210000
220481220000
220481230000
220490010000
220490020000
220490030000
220490040000
220490050000
220490060000
220490070000
220490090000
220490100000
220490110000
220490120000
220490130000
220490140000
220490150000
220490160000
220490170000
220490180000
220490190000
220490200000
220490220000
220490230000
220490240000
220490250000
220490260000
220490270000
220490290000
220490300000
220490310000
220500010000
220500020000
220500030000
220500040000
220500050000
220500060000
220500070000
220500080000
220500090000
220500100000
220500110000
220500120000
220500130000
220500140000
220500150000
220500370000
220500380000
220500390000
220500400000
220500410000
220500430000
220500670000
220500680000
220500690000
220500700000
220500710000
220500720000
220500730000
220500740000
220500750000
220500760000
220500770000
220500780000
220500790000
220500800000
220500810000
220500820000
220500830000
220500840000
220500850000
220500860000
220500870000
220500880000
220500890000
220500900000
220500910000
220500920000
220500930000
220500940000
220500950000
220500960000
220500970000
220500980000
220500990000
220501000000
220501010000
220501020000
220501040000
220501050000
220501060000
220510010000
220510020000
220510030000
220510040000
220510050000
220510060000
220510070000
220510080000
220510090000
220510100000
220510110000
220510120000
220510130000
220510140000
220510150000
220510160000
220510170000
220510180000
220510190000
220510200000
220510210000
220510220000
220510230000
220510240000
220510250000
220510260000
220510270000
220510280000
220510290000
220510300000
220510310000
220510320000
220510330000
220510340000
220510350000
220520010000
220520020000
220520030000
220520040000
220520050000
220520060000
220520070000
220520080000
220520090000
220520100000
220520110000
220520120000
220520130000
220520140000
220520150000
220520160000
220520170000
220520180000
220520190000
220520200000
220520210000
220520220000
220520230000
220520240000
220520250000
220520260000
220520270000
220520280000
220520290000
220520300000
220520310000
220520320000
220520330000
220520340000
220520350000
220530010000
220530020000
220530040000
220530050000
220530060000
220530070000
220530080000
220530090000
220530100000
220530110000
220530130000
220530140000
220530150000
220530160000
220530170000
220530180000
220530190000
220530200000
220530230000
220530240000
220540010000
220540020000
220540030000
220540040000
220540050000
220540060000
220540070000
220540080000
220540090000
220540100000
220540110000
220540120000
220540130000
220540140000
220540150000
220540160000
220540170000
220540180000
220540190000
220540200000
220540210000
220540220000
220540240000
220540280000
220540290000
220540300000
220540310000
220540320000
220540330000
220540340000
220540350000
220540360000
220540370000
220540380000
220540390000
220540400000
220540410000
220540430000
220540440000
220540450000
220540460000
220540470000
220540480000
220540490000
220540500000
220540510000
220540520000
220540530000
220540540000
220540550000
220540560000
220540570000
220540580000
220540590000
220540600000
220540610000
220540620000
220540630000
220540640000
220540650000
220540660000
220540670000
220540680000
220540690000
220540700000
220540710000
220540720000
220540730000
220540760000
220540770000
220550010000
220550020000
220550030000
220550040000
220550050000
220550060000
220550070000
220550080000
220550090000
220550100000
220550110000
220550120000
220550130000
220550140000
220550150000
220550160000
220550170000
220550180000
220550190000
220550200000
220550210000
220550220000
220550230000
220550240000
220550250000
220550260000
220550270000
220550280000
220550300000
220550310000
220550320000
220550330000
220550340000
220560010000
220560020000
220560030000
220560040000
220560050000
220560060000
220560070000
220560080000
220560090000
220560100000
220560110000
220560120000
220560130000
220560140000
220560150000
220560160000
220560170000
220560180000
220560190000
220560200000
220560210000
220560220000
220560230000
220560240000
220560250000
220560260000
220560270000
220560280000
220560290000
220560300000
220560310000
220560320000
220560330000
220560340000
220560350000
220560360000
220560370000
220560380000
220560390000
220560400000
220560410000
220560420000
220560430000
220560440000
220560450000
220560460000
220560470000
220560480000
220560490000
220560500000
220560510000
220560520000
220560530000
220560540000
220560550000
220560560000
220560570000
220560580000
220560590000
220560600000
220570010000
220570020000
220570030000
220570040000
220570050000
220570060000
220570070000
220570080000
220570090000
220570100000
220570110000
220570120000
220570130000
220570140000
220570150000
220570160000
220570170000
220570180000
220570190000
220570200000
220570210000
220570220000
220570230000
220570240000
220570250000
220570260000
220570270000
220570280000
220570290000
220570300000
220570310000
220570320000
220570330000
220570340000
220570350000
220570360000
220570370000
220570380000
220570390000
220570400000
220570410000
220570420000
220570430000
220570440000
220570450000
220570460000
220570470000
220570480000
220570490000
220570500000
220570510000
220570520000
220570530000
220570540000
220570710000
220570730000
220570740000
220580010000
220580020000
220580030000
220580040000
220580060000
220580070000
220580080000
220580090000
220580100000
220580120000
220580140000
220580150000
220580160000
220580170000
220580180000
220580190000
220580200000
220580210000
220580220000
220580230000
220580240000
220580250000
220580260000
220580270000
220580280000
220580290000
220580300000
220580310000
220580320000
220580330000
220580340000
220580350000
220580370000
220580390000
220580400000
220590010000
220590020000
220590030000
220590040000
220590050000
220590060000
220590070000
220590080000
220590090000
220590100000
220590110000
220590120000
220590130000
220590140000
220590150000
220590160000
220590170000
220590180000
220590190000
220590200000
220590210000
220590220000
220590230000
220590240000
220590250000
220590260000
220590270000
220590280000
220590290000
220590300000
220590310000
220590320000
220590330000
220590340000
220590350000
220590360000
220590370000
220590380000
220590390000
220590400000
220590410000
220590420000
220590430000
220590440000
220590450000
220590460000
220590470000
220590480000
220590490000
220590500000
220590510000
220590520000
220590530000
220590540000
220590550000
220590560000
220590570000
220590580000
220590590000
220590600000
220590610000
220590620000
220590630000
220590640000
220590650000
220590660000
220590670000
220590680000
220590690000
220590700000
220590710000
220590720000
220590730000
220590740000
220600010000
220600020000
220600030000
220600040000
220600050000
220600060000
220600070000
220600080000
220600090000
220600100000
220600110000
220600140000
220600150000
220600160000
220600170000
220600180000
220600190000
220600200000
220600210000
220600220000
220600230000
220600240000
220600250000
220600260000
220600290000
220600300000
220600310000
220600320000
220600330000
220600340000
220600350000
220600360000
220600370000
220600390000
220600410000
220600420000
220600430000
220600450000
220600460000
220600470000
220600480000
220600490000
220600500000
220600530000
220600540000
220600550000
220600560000
220600570000
220600580000
220600590000
220600600000
220600620000
220600630000
220600640000
220600670000
220600680000
220600690000
220600700000
220600710000
220600720000
220600750000
220600830000
220600840000
220600850000
220600860000
220600870000
220600880000
220600890000
220600900000
220610010000
220610020000
220610030000
220610040000
220610050000
220610060000
220610070000
220610080000
220610090000
220610100000
220610110000
220610120000
220610130000
220610140000
220610150000
220610160000
220610170000
220610180000
220610190000
220610200000
220610210000
220610220000
220610230000
220610240000
220610250000
220610260000
220610270000
220610280000
220610290000
220610300000
220610310000
220610320000
220610330000
220610340000
220610350000
220610360000
220610370000
220610380000
220610390000
220610420000
220610430000
220610440000
220610450000
220610460000
220610470000
220610480000
220610490000
220610500000
220610510000
220610520000
220610530000
220610540000
220610550000
220610560000
220610590000
220610600000
220610610000
220610620000
220610630000
220610640000
220610650000
220610660000
220610670000
220610680000
220610690000
220610700000
220610710000
220610720000
220610730000
220610740000
220610750000
220610760000
220610770000
220620010000
220620020000
220620030000
220620040000
220620050000
220620060000
220620070000
220620080000
220620090000
220620100000
220620110000
220620120000
220620130000
220620140000
220620150000
220620160000
220620170000
220620180000
220620190000
220620200000
220620210000
220620220000
220620230000
220620240000
220620250000
220620260000
220620270000
220620280000
220620290000
220620300000
220620310000
220620320000
220620330000
220620340000
220620350000
220620360000
220620370000
220620380000
220620390000
220620400000
220620410000
220620420000
220620430000
220620440000
220620450000
220620460000
220620470000
220620480000
220620490000
220620500000
220620510000
220620520000
220620530000
220620540000
220620550000
220620560000
220620570000
220620580000
220620590000
220620600000
220620610000
220620620000
220620630000
220620640000
220620650000
220630010000
220630020000
220630030000
220630040000
220630050000
220630060000
220630070000
220630080000
220630090000
220630100000
220630110000
220630120000
220630130000
220630140000
220630150000
220630160000
220630170000
220630180000
220630190000
220630200000
220630210000
220630220000
220630230000
220630240000
220630250000
220630260000
220630270000
220630280000
220630290000
220630300000
220630310000
220630320000
220630330000
220630340000
220630350000
220630360000
220630370000
220630380000
220630390000
220630400000
220630410000
220630420000
220630430000
220630440000
220630450000
220630460000
220630470000
220630480000
220630490000
220630500000
220630510000
220630520000
220630530000
220630540000
220630550000
220630560000
220630570000
220630580000
220630590000
220630600000
220630610000
220630620000
220630630000
220630640000
220630650000
220630660000
220630670000
220630680000
220630690000
220630700000
220630710000
220630720000
220630730000
220640010000
220640020000
220640030000
220640040000
220640050000
220640060000
220640070000
220640080000
220640090000
220640100000
220640110000
220640120000
220640130000
220640140000
220640150000
220640160000
220640170000
220640180000
220640190000
220640200000
220640210000
220640220000
220640230000
220640240000
220640250000
220640260000
220640270000
220640280000
220640290000
220640300000
220640310000
220640320000
220640330000
220640340000
220640350000
220640360000
220640370000
220640380000
220640390000
220640400000
220640410000
220640420000
220640430000
230010020000
230010030000
230020110000
230020160000
230020220000
230030010000
230030030000
230030040000
230030050000
230030060000
230030080000
230030100000
230030110000
230030120000
230030130000
230030140000
230030150000
230030190000
230030270000
230030280000
230030320000
230030330000
230040010000
230040020000
230040030000
230040040000
230040050000
230040060000
230040070000
230040080000
230040130000
230040140000
230040150000
230040160000
230050010000
230050020000
230050030000
230050040000
230050050000
230050060000
230050070000
230050080000
230050110000
230060010000
230060020000
230060030000
230060040000
230060060000
230060070000
230060080000
230060090000
230060100000
230060110000
230060120000
230060130000
230060140000
230060150000
230060160000
230070010000
230070020000
230070030000
230070040000
230070050000
230070060000
230070090000
230070100000
230070110000
230070120000
230070140000
230070150000
230070160000
230070170000
230070180000
230070190000
230070200000
230070210000
230070230000
230070240000
230070250000
230070260000
230070270000
230070280000
230070290000
230070300000
230070310000
230070320000
230070350000
230070360000
230070370000
230070380000
230070390000
230070400000
230080020000
230080030000
230080040000
230080050000
230080060000
230080080000
230080090000
230080110000
230080120000
230080130000
230080140000
230080150000
230080160000
230080180000
230080190000
230080200000
230080210000
230080220000
230080230000
230080240000
230080250000
230080260000
230080270000
230080280000
230080290000
230080300000
230080310000
230080330000
230080340000
230080350000
230080360000
230080380000
230080390000
230080400000
230080410000
230090010000
230090030000
230090040000
230090050000
230090060000
230090070000
230090080000
230090090000
230090100000
230090110000
230090140000
230090150000
230090160000
230090170000
230090180000
230090190000
230090200000
230090220000
230090230000
230090250000
230090270000
230090330000
230090340000
230090350000
230090390000
230090400000
230100010000
230100020000
230100030000
230100040000
230100050000
230100060000
230100070000
230100080000
230100090000
230100100000
230100120000
230100130000
230100180000
230100190000
230110010000
230110040000
230110050000
230110080000
230110090000
230110100000
230110110000
230110130000
230110140000
230110150000
230110160000
230110170000
230110180000
230110190000
230120010000
230120030000
230120040000
230120050000
230120060000
230120070000
230120080000
230120090000
230120110000
230120120000
230120140000
230120160000
230120170000
230120180000
230120190000
230120200000
230120210000
230120220000
230120230000
230120260000
230120270000
230120280000
230120290000
230120300000
230120310000
230120320000
230120330000
230120340000
230120350000
230120360000
230120370000
230120400000
230120410000
230120450000
230120460000
230120470000
230120480000
230120490000
230120510000
230120520000
230120530000
230120540000
230120550000
230120560000
230120570000
230120580000
230120590000
230120600000
230120620000
230130010000
230130020000
230130040000
230130050000
230130060000
230130070000
230130110000
230130120000
230130130000
230130140000
230130150000
230130160000
230130170000
230130180000
230130190000
230130200000
230130210000
230130230000
230130240000
230130250000
230130260000
230130300000
230130320000
230130330000
230130350000
230130360000
230130370000
230130400000
230130420000
230140010000
230140020000
230140030000
230140040000
230140070000
230140080000
230140090000
230140100000
230140120000
230140140000
230140150000
230140170000
230140200000
230140210000
230140230000
230140280000
230140290000
230140300000
230140310000
230140320000
230140330000
230140340000
230140350000
230150010000
230150020000
230150030000
230150040000
230150050000
230150060000
230150070000
230150080000
230150090000
230150100000
230150120000
230150130000
230150140000
230150150000
230150160000
230150170000
230150180000
230150190000
230150200000
230150210000
230150220000
230150230000
230150240000
230150250000
230150260000
230150270000
230150280000
230150290000
230150300000
230150310000
230150320000
230150340000
230150350000
230150360000
230150370000
230150390000
230150400000
230150410000
230150420000
230150430000
230150440000
230150450000
230150460000
230150470000
230150480000
230150500000
230150510000
230150520000
230150530000
230150540000
230150550000
230150560000
230150570000
230150580000
230150590000
230150600000
230150610000
230160010000
230160020000
230160030000
230160040000
230160050000
230160070000
230160080000
230160090000
230160100000
230160110000
230160140000
230160150000
230160160000
230160170000
230160180000
230160190000
230160200000
230160210000
230160220000
230160230000
230160240000
230160250000
230160260000
230160270000
230160280000
230160290000
230160300000
230160310000
230160320000
230160330000
230160340000
230160350000
230160360000
230160370000
230160390000
230160400000
230160410000
230160420000
230160430000
230160460000
230160470000
230160480000
230160490000
230160500000
230160520000
230160530000
230160540000
230160550000
230160560000
230160570000
230160580000
230160600000
230160610000
230160630000
230160650000
230160660000
230160670000
230160680000
230160690000
230170010000
230170030000
230170050000
230170060000
230170080000
230170090000
230170100000
230170130000
230170140000
230170150000
230170160000
230170170000
230170180000
230170190000
230170200000
230170210000
230170220000
230180010000
230180020000
230180040000
230180050000
230180060000
230180070000
230180080000
230180090000
230180110000
230180120000
230180130000
230180140000
230180150000
230180160000
230180170000
230180190000
230180210000
230180220000
230180230000
230180240000
230180250000
230180260000
230180270000
230180280000
230180290000
230180320000
230180330000
230180340000
230180350000
230180370000
230180380000
230180390000
230180410000
230180450000
230180460000
230180470000
230180480000
230180490000
230180550000
230180560000
230180570000
230180580000
230180590000
230180600000
230180620000
230180630000
230180640000
230180670000
230180680000
230180690000
230180700000
230180720000
230180730000
230180740000
230180750000
230180770000
230190010000
230190020000
230190030000
230190040000
230190050000
230190060000
230190070000
230190080000
230190100000
230190110000
230190120000
230190130000
230190140000
230190150000
230190160000
230190170000
230190180000
230190190000
230190200000
230190210000
230190230000
230190240000
230190250000
230190260000
230190270000
230190280000
230190290000
230190300000
230190310000
230190320000
230190330000
230190340000
230190350000
230190360000
230190370000
230190380000
230190390000
230190400000
230190410000
230200010000
230200040000
230200050000
230200070000
230210010000
230210020000
230210030000
230210040000
230210050000
230210060000
230210070000
230210080000
230210090000
230210100000
230210110000
230210120000
230210140000
230210150000
230210160000
230210180000
230210190000
230210200000
230210220000
230210230000
230210250000
230210270000
230210280000
230210290000
230210300000
230210310000
230210320000
230210330000
230210340000
230210350000
230210370000
230210380000
230210390000
230210400000
230210420000
230210430000
230210440000
230210450000
230210460000
230210470000
230210480000
230210490000
230210500000
230210510000
230210520000
230210530000
230210540000
230210550000
230210560000
230210570000
230210580000
230210590000
230210600000
230210650000
230210660000
230210670000
230210680000
230210690000
230210710000
230210720000
230210730000
230210740000
230220010000
230220020000
230220040000
230220050000
230220060000
230220070000
230220080000
230220090000
230220100000
230220110000
230220120000
230220130000
230220140000
230220150000
230220160000
230220170000
230220180000
230220190000
230220200000
230220210000
230220220000
230220230000
230220240000
230220250000
230220270000
230220280000
230220300000
230220320000
230220330000
230220340000
230220370000
230220380000
230220400000
230220410000
230220420000
230220430000
230220440000
230220460000
230220470000
230220480000
230220490000
230220500000
230220510000
230230010000
230230020000
230230030000
230230040000
230230050000
230230060000
230230070000
230230080000
230230090000
230230100000
230230110000
230230120000
230230130000
230230140000
230230150000
230240010000
230240020000
230240030000
230240040000
230240050000
230240060000
230240070000
230240080000
230240090000
230240100000
230240110000
230240120000
230240130000
230240140000
230240150000
230240160000
230240170000
230240180000
230240190000
230240210000
230240230000
230240240000
230240250000
230240280000
230240290000
230240300000
230240310000
230240320000
230240330000
230240340000
230240350000
230240360000
230240380000
230240390000
230240410000
230240420000
230240430000
230240440000
230240450000
230240480000
230240500000
230240510000
230240530000
230240540000
230240550000
230240570000
230240580000
230240590000
230240600000
230240610000
230250010000
230250020000
230250030000
230250040000
230250050000
230250060000
230250070000
230250080000
230250090000
230250100000
230250110000
230250130000
230250140000
230250150000
230250160000
230250170000
230250180000
230250190000
230250200000
230250210000
230250220000
230250230000
230250240000
230250250000
230250260000
230250270000
230250280000
230250290000
230250310000
230250320000
230250330000
230250340000
230250350000
230250360000
230250370000
230250380000
230250390000
230250400000
230250410000
230250420000
230250430000
230250440000
230250450000
230250460000
230250480000
230250490000
230250500000
230250510000
230250520000
230250530000
230250540000
230250560000
230250570000
230250580000
230250590000
230250600000
230250620000
230250630000
230250640000
230250650000
230250660000
230250670000
230250680000
230250690000
230250700000
230250710000
230250720000
230250730000
230250740000
230250750000
230250760000
230250770000
230260020000
230260040000
230260050000
230260070000
230260080000
230260090000
230260100000
230260110000
230260130000
230260130000
230260140000
230260150000
230260160000
230260170000
230260180000
230260190000
230260200000
230260210000
230260220000
230260230000
230260240000
230260250000
230260260000
230260270000
230260280000
230260290000
230260300000
230260310000
230260320000
230260330000
230260340000
230260350000
230260360000
230260370000
230260380000
230260390000
230260400000
230260410000
230260420000
230260430000
230260440000
230260450000
230260460000
230260470000
230260480000
230260490000
230260500000
230260510000
230260530000
230260540000
230260550000
230260560000
230260570000
230260600000
230260610000
230270010000
230270020000
230270030000
230270040000
230270050000
230270060000
230270160000
230270250000
230270260000
230280010000
230280020000
230280030000
230280040000
230280050000
230280060000
230280070000
230280080000
230280090000
230280100000
230280110000
230280130000
230280140000
230280150000
230280160000
230280170000
230280180000
230280190000
230280200000
230280210000
230280220000
230280230000
230280240000
230280260000
230280270000
230280280000
230280290000
230280300000
230280310000
230280320000
230280330000
230280350000
230280360000
230280370000
230280380000
230280390000
230280400000
230280410000
230280420000
230280430000
230280440000
230280450000
230280460000
230280470000
230280480000
230280490000
230280500000
230280510000
230280520000
230280530000
230280540000
230280550000
230280560000
230280600000
230280620000
230280630000
230280650000
230280660000
230280670000
230280680000
230280690000
230280700000
230280710000
230280720000
230290010000
230290020000
230290030000
230290040000
230290050000
230290060000
230290070000
230290080000
230290090000
230290100000
230290120000
230290130000
230290140000
230290150000
230290160000
230290170000
230290180000
230290190000
230290200000
230290210000
230290220000
230290230000
230290240000
230290250000
230290260000
230290270000
230290280000
230290290000
230290300000
230290310000
230290320000
230290330000
230290340000
230290350000
230290360000
230290370000
230290380000
230290390000
230290400000
230290410000
230290420000
230290430000
230290440000
230290450000
230290460000
230290470000
230290480000
230290490000
230290500000
230290510000
230290520000
230290530000
230290540000
230290550000
230290560000
230290570000
230290580000
230290590000
230290600000
230290610000
230290620000
230290630000
230290640000
230290650000
230290660000
230290670000
230290680000
230290690000
230290700000
230300010000
230300020000
230300040000
230300050000
230300060000
230310010000
230310020000
230310030000
230310050000
230310060000
230310070000
230310080000
230310090000
230310100000
230310110000
230310120000
230310130000
230310140000
230310150000
230310160000
230310170000
230310190000
230310210000
230310220000
230320010000
230320020000
230320030000
230320040000
230320050000
230320060000
230320070000
230320080000
230320090000
230320100000
230320110000
230320120000
230330010000
230330020000
230330030000
230330040000
230330060000
230330070000
230330080000
230330090000
230330110000
230330120000
230330130000
230330170000
230330180000
230330200000
230330210000
230330220000
230330230000
230330240000
230330250000
230330270000
230330280000
230330290000
230330300000
230330310000
230330320000
230330330000
230330340000
230330350000
230330360000
230330370000
230330380000
230330390000
230330400000
230330410000
230330420000
230330430000
230330440000
230330460000
230330470000
230330480000
230330490000
230330500000
230330510000
230330520000
230330530000
230330560000
230330570000
230330580000
230330600000
230330610000
230330620000
230330630000
230330640000
230330650000
230330660000
230330670000
230330680000
230330690000
230330700000
230330720000
230330730000
230330740000
230330750000
230330760000
230330770000
230330780000
230330790000
230330800000
230330810000
230330840000
230330860000
230330870000
230330880000
230330890000
230330900000
230330910000
230330920000
230330930000
230330940000
230330950000
230330960000
230330970000
230330980000
230330990000
230331000000
230331010000
230331020000
230331030000
230331040000
230331050000
230331060000
230331070000
230331080000
230331090000
230331100000
230331110000
230331120000
230340010000
230340020000
230340040000
230340070000
230340080000
230340090000
230340100000
230340110000
230340120000
230340130000
230340140000
230340150000
230340160000
230340170000
230340180000
230340190000
230340200000
230340210000
230340220000
230340230000
230340240000
230340250000
230340260000
230340270000
230340280000
230340290000
230340300000
230340310000
230340320000
230340330000
230340340000
230340350000
230340360000
230340370000
230340380000
230340390000
230340400000
230340410000
230340420000
230340430000
230340440000
230340450000
230340460000
230340470000
230340480000
230340490000
230340500000
230340510000
230340520000
230340530000
230340550000
230340560000
230340590000
230340610000
230340620000
230340630000
230340640000
230340650000
230340660000
230340670000
230340680000
230340700000
230340710000
230340720000
230340730000
230340740000
230350030000
230350040000
230350050000
230350060000
230350070000
230350080000
230350090000
230350100000
230350110000
230350120000
230350130000
230350140000
230350150000
230350160000
230350170000
230350180000
230350190000
230350200000
230350210000
230350220000
230350230000
230350240000
230350250000
230350260000
230350270000
230350280000
230350290000
230350300000
230350310000
230350320000
230350350000
230350360000
230350370000
230350380000
230350400000
230350410000
230350420000
230360030000
230360110000
230360120000
230360130000
230360170000
230360180000
230360190000
230360200000
230360210000
230360220000
230370010000
230370060000
230370070000
230370080000
230370090000
230370100000
230370110000
230370120000
230370130000
230370140000
230370150000
230370160000
230370170000
230370180000
230370190000
230370200000
230370210000
230370220000
230390030000
230390040000
230390050000
230390060000
230390070000
230390080000
230390110000
230390120000
230390130000
230390140000
230390150000
230390160000
230390170000
230390180000
230390190000
230390200000
230390210000
230390220000
230390230000
230390240000
230390250000
230390260000
230390270000
230390280000
230390290000
230390300000
230390310000
230390320000
230390330000
230390340000
230390350000
230390360000
230390380000
230390390000
230390400000
230390410000
230390420000
230390430000
230390440000
230390450000
230390460000
230390470000
230390480000
230390490000
230390500000
230390510000
230390520000
230390530000
230400140000
230400150000
230400160000
230400170000
230400180000
230400190000
230400200000
230400210000
230400220000
230400230000
230400260000
230400270000
230400280000
230400290000
230400300000
230400310000
230400320000
230400330000
230400340000
230400350000
230400360000
230400370000
230400380000
230400390000
230400400000
230400410000
230400420000
230400430000
230400440000
230400450000
230400460000
230400470000
230410010000
230410020000
230410030000
230410040000
230410060000
230410070000
230410080000
230410090000
230410100000
230410110000
230410120000
230410130000
230410140000
230410150000
230410160000
230410170000
230410180000
230410190000
230410200000
230410210000
230410220000
230410230000
230410240000
230410250000
230410260000
230410270000
230410280000
230410290000
230420020000
230420030000
230420040000
230420050000
230420060000
230420070000
230420080000
230420090000
230420100000
230420110000
230420120000
230420130000
230420140000
230420150000
230420170000
230420180000
230420190000
230420200000
230420210000
230420230000
230420240000
230420250000
230420260000
230420270000
230420280000
230420290000
230420300000
230420310000
230420320000
230420330000
230420340000
230430010000
230430020000
230430030000
230430040000
230430050000
230430060000
230430070000
230430090000
230430110000
230430120000
230430130000
230430140000
230430160000
230430170000
230430180000
230430190000
230430200000
230430210000
230430220000
230430230000
230430240000
230430250000
230430260000
230440190000
230450010000
230450020000
230450030000
230450040000
230450050000
230450060000
230450070000
230450080000
230450090000
230450100000
230450110000
230450120000
230450130000
230450140000
230450150000
230450160000
230450170000
230450180000
230450190000
230450200000
230450210000
230450220000
230450230000
230450240000
230450260000
230460010000
230460020000
230460030000
230460040000
230460050000
230460060000
230460070000
230460080000
230460090000
230460100000
230460110000
230460120000
230460130000
230460140000
230460150000
230460160000
230460170000
230460180000
230460190000
230460200000
230460210000
230460220000
230460230000
230460240000
230460250000
230460260000
230460270000
230460280000
230460290000
230460300000
230460310000
230460320000
230460330000
230460340000
230460350000
230460360000
230460370000
230460380000
230460390000
230460400000
230460410000
230460420000
230460430000
230460440000
230460450000
230460460000
230460470000
230460480000
230460490000
230460500000
230460510000
230460520000
230460530000
230460540000
230460550000
230460560000
230460570000
230460580000
230460590000
230460600000
230460610000
230460620000
230460630000
230470010000
230470020000
230470030000
230470040000
230470050000
230470060000
230470070000
230470080000
230470090000
230470100000
230470110000
230470120000
230470130000
230470140000
230470150000
230470160000
230470170000
230470180000
230470190000
230470200000
230470210000
230470220000
230470230000
230470240000
230470250000
230470260000
230470270000
230470280000
230470290000
230470300000
230470310000
230470320000
230470330000
230470340000
230470350000
230470360000
230470370000
230470380000
230470390000
230470400000
230470410000
230470420000
230470430000
230470440000
230470450000
230470460000
230470470000
230470480000
230470490000
230470500000
230470510000
230470520000
230480010000
230480020000
230480030000
230480040000
230480050000
230480060000
230480070000
230480080000
230480090000
230480100000
230480110000
230480120000
230480130000
230480140000
230480150000
230480160000
230480170000
230480180000
230480190000
230480200000
230480210000
230480220000
230480230000
230480240000
230480250000
230480260000
230480270000
230480280000
230480290000
230480300000
230480310000
230480320000
230480330000
230490010000
230490020000
230490030000
230490040000
230490050000
230490060000
230490070000
230490080000
230490090000
230490100000
230490110000
230490120000
230490130000
230490140000
230490150000
230490160000
230490170000
230490180000
230490190000
230490200000
230490210000
230490220000
230490230000
230490240000
230490250000
230490260000
230490270000
230490280000
230490290000
230490300000
230490310000
230490320000
230490330000
230490340000
230490350000
230490360000
230490370000
230490380000
230490390000
230490400000
230490410000
230490420000
230490430000
230490440000
230490450000
230490460000
230490470000
230490480000
230490490000
230490500000
230490510000
230490520000
230490530000
230490540000
230490550000
230490560000
230490570000
230490580000
230490590000
230490600000
230500010000
230500020000
230500030000
230500040000
230500050000
230500060000
230500070000
230500080000
230500090000
230500100000
230500110000
230500120000
230500130000
230500140000
230500150000
230500160000
230500170000
230500180000
230500190000
230500200000
230500210000
230500220000
230500230000
230500240000
230500250000
230500260000
230500270000
230500280000
230500290000
230500300000
230500310000
230500320000
230500330000
230500340000
230500350000
230500360000
230500370000
230500380000
230500390000
230500400000
230500410000
230500420000
230500440000
230500450000
230500460000
230500470000
230500480000
230500490000
230500500000
230500510000
230500520000
230500530000
230500540000
230500550000
230500560000
230500570000
230500580000
230500590000
230500600000
230500610000
230500620000
230500630000
230500640000
230500650000
230500660000
230500670000
230500680000
230500690000
230500700000
230500710000
230500720000
230500740000
230500750000
230500760000
230500770000
230500780000
230500790000
240010050000
240010070000
240010100000
240010110000
240010150000
240010190000
240010240000
240010400000
240010410000
240010430000
240011160000
240011200000
240011210000
240011220000
240011230000
240011240000
240011250000
240011260000
240011270000
240011280000
240011290000
240011300000
240011310000
240011320000
240011330000
240011340000
240011350000
240011360000
240011370000
240011380000
240011390000
240011400000
240011410000
240011420000
240011430000
240011440000
240011450000
240011460000
240011470000
240011480000
240011490000
240011500000
240011510000
240011520000
240011530000
240011540000
240011550000
240011560000
240011570000
240011580000
240011610000
240011620000
240011630000
240011660000
240011670000
240011680000
240011690000
240011700000
240011710000
240011720000
240011730000
240011740000
240011750000
240011760000
240011770000
240011780000
240011790000
240011800000
240011810000
240011820000
240011830000
240011840000
240011850000
240011860000
240020010000
240021280000
240021290000
240021300000
240021310000
240030120000
240030210000
240030220000
240030260000
240030270000
240030280000
240030350000
240030410000
240030500000
240030520000
240030710000
240030750000
240030760000
240030770000
240030780000
240030970000
240030980000
240040010000
240040040000
240040050000
240040060000
240040080000
240040090000
240040100000
240040110000
240040120000
240040130000
240040140000
240040150000
240040160000
240040170000
240040180000
240040190000
240040200000
240040210000
240040220000
240040250000
240040290000
240040410000
240040420000
240040430000
240040440000
240040450000
240040460000
240040600000
240040610000
240040620000
240040790000
240040800000
240040810000
240040820000
240040830000
240040840000
240040850000
240040860000
240040870000
240041040000
240041050000
240041120000
240041130000
240041140000
240041150000
240041160000
240041170000
240041180000
240041190000
240041200000
240041210000
240041220000
240041310000
240041320000
240041330000
240041340000
240041350000
240041360000
240041370000
240041380000
240041390000
240041400000
240041410000
240041420000
240041430000
240041440000
240041500000
240041580000
240041650000
240050010000
240050050000
240050060000
240050120000
240050180000
240050190000
240050200000
240050350000
240050360000
240050370000
240050380000
240050390000
240050530000
240050560000
240051250000
240051300000
240051370000
240051380000
240051390000
240051400000
240051410000
240051420000
240051430000
240051440000
240051450000
240051460000
240051470000
240051480000
240051490000
240051500000
240051510000
240051520000
240051530000
240051540000
240051550000
240051560000
240051570000
240051580000
240051590000
240051600000
240051610000
240051620000
240051630000
240051640000
240051650000
240051660000
240051670000
240051680000
240051690000
240051700000
240051710000
240051720000
240051730000
240051740000
240051750000
240051760000
240051770000
240051780000
240060010000
240060020000
240060030000
240060050000
240060070000
240060080000
240060090000
240060100000
240060110000
240060120000
240060130000
240060140000
240060150000
240060160000
240060170000
240060180000
240060190000
240060200000
240060210000
240060220000
240060230000
240060240000
240060250000
240060260000
240060270000
240060280000
240060290000
240060300000
240060310000
240060320000
240060340000
240060350000
240060360000
240060370000
240060380000
240060390000
240060400000
240060410000
240060420000
240060430000
240060440000
240060450000
240060460000
240060470000
240060480000
240060490000
240060500000
240060510000
240060520000
240060530000
240060540000
240060550000
240060560000
240060570000
240060600000
240060610000
240060620000
240060630000
240060640000
240060650000
240060660000
240060670000
240060680000
240060700000
240060710000
240060720000
240060730000
240060740000
240060750000
240060760000
240060770000
240060780000
240060790000
240060800000
240060810000
240060820000
240060830000
240060840000
240060850000
240060860000
240060870000
240060880000
240060890000
240060900000
240060910000
240060920000
240060930000
240060940000
240060950000
240060960000
240060970000
240060980000
240060990000
240061000000
240061010000
240061020000
240061030000
240061040000
240061050000
240061060000
240061070000
240061080000
240061090000
240061100000
240061110000
240061120000
240061130000
240061140000
240061150000
240061160000
240061170000
240061180000
240061190000
240061200000
240061210000
240061220000
240061230000
240061240000
240061250000
240061260000
240061270000
240061280000
240061290000
240061300000
240061310000
240061320000
240061330000
240061340000
240061350000
240061360000
240061370000
240061380000
240061390000
240061400000
240061420000
240061430000
240061440000
240061450000
240061460000
240061470000
240061480000
240061490000
240061500000
240061510000
240061520000
240061530000
240061540000
240061550000
240061560000
240061570000
240061580000
240061590000
240061600000
240061610000
240061620000
240061630000
240061640000
240061650000
240061660000
240061670000
240061680000
240061690000
240061700000
240061710000
240061720000
240061730000
240061740000
240061750000
240061760000
240061770000
240061780000
240061790000
240061800000
240061810000
240061820000
240061830000
240061840000
240061850000
240061860000
240061870000
240061880000
240061890000
240061900000
240061910000
240061920000
240061930000
240070010000
240070020000
240070030000
240070040000
240070050000
240070060000
240070070000
240070080000
240070090000
240070100000
240070110000
240070120000
240070130000
240070150000
240070160000
240070170000
240070180000
240070190000
240070200000
240070210000
240070220000
240070230000
240070240000
240070250000
240070260000
240070270000
240070290000
240070300000
240070310000
240070320000
240070330000
240070340000
240070350000
240070360000
240070370000
240070380000
240070390000
240070400000
240070410000
240070420000
240070430000
240070440000
240070450000
240070460000
240070470000
240070480000
240070490000
240070500000
240070510000
240070520000
240070530000
240070540000
240070550000
240070560000
240070570000
240070580000
240070590000
240070600000
240070610000
240070620000
240070630000
240070640000
240070650000
240070660000
240070670000
240070680000
240070690000
240070700000
240070710000
240070720000
240070730000
240070740000
240070750000
240070760000
240070770000
240070780000
240070790000
240070800000
240070810000
240070820000
240070830000
240070840000
240070850000
240070860000
240070870000
240070880000
240070890000
240070900000
240070910000
240070920000
240070930000
240070940000
240070950000
240070960000
240070970000
240070980000
240070990000
240071000000
240071010000
240071020000
240071030000
240071040000
240071050000
240071060000
240071070000
240071080000
240071090000
240071100000
240071110000
240071120000
240071130000
240071140000
240071150000
240071160000
240071170000
240071180000
240071190000
240071200000
240071210000
240071220000
240071230000
240071240000
240071250000
240071260000
240071270000
240071280000
240071290000
240071300000
240071310000
240071330000
240071340000
240071350000
240071360000
240071370000
240071380000
240071390000
240071400000
240071410000
240071420000
240071430000
240071440000
240071450000
240071460000
240071470000
240071480000
240071490000
240071500000
240071510000
240071520000
240071530000
240071540000
240071550000
240071560000
240071570000
240071580000
240071590000
240071600000
240071610000
240071620000
240071630000
240071640000
240071650000
240071660000
240071670000
240071680000
240071690000
240071700000
240071710000
240071720000
240071730000
240071740000
240071750000
240071760000
240071770000
240071780000
240071790000
240071800000
240071810000
240071820000
240071830000
240071840000
240071850000
240071860000
240071870000
240071880000
240071890000
240071900000
240071910000
240071920000
240071930000
240071940000
240071950000
240071960000
240071970000
240071980000
240071990000
240072000000
240072010000
240072020000
240072030000
240072040000
240072050000
240072060000
240072070000
240072080000
240072090000
240072100000
240072110000
240072120000
240072130000
240072140000
240072150000
240072160000
240072170000
240072180000
240072190000
240072200000
240072210000
240072220000
240072230000
240072240000
240072250000
240072260000
240072270000
240072280000
240072290000
240072300000
240072310000
240072320000
240072330000
240072340000
240072350000
240072360000
240072370000
240072380000
240072390000
240072400000
240072410000
240072420000
240072430000
240072440000
240072450000
240072460000
240072470000
240072480000
240072490000
240072500000
240072510000
240072520000
240072530000
240072540000
240072550000
240072560000
240072570000
240072580000
240072590000
240072600000
240072610000
240072620000
240072630000
240072640000
240072650000
240072660000
240072670000
240072680000
240072690000
240080010000
240080020000
240080030000
240080040000
240080050000
240080060000
240080080000
240080090000
240080100000
240080110000
240080120000
240080130000
240080170000
240080190000
240080210000
240080220000
240080230000
240080240000
240080250000
240080270000
240080280000
240080290000
240080300000
240080310000
240080320000
240080330000
240080340000
240080350000
240090010000
240090020000
240090030000
240090040000
240090050000
240090060000
240090070000
240090090000
240090100000
240090110000
240090120000
240090130000
240090140000
240090150000
240090160000
240090170000
240090180000
240090200000
240090210000
240090220000
240090230000
240090240000
240090250000
240090260000
240090270000
240090320000
240090330000
240090350000
240090360000
240090370000
240090380000
240090390000
240090400000
240090410000
240090420000
240090430000
240090440000
240090450000
240090460000
240090470000
240090480000
240090490000
240090500000
240090510000
240090520000
240090530000
240090560000
240090570000
240090580000
240090590000
240090600000
240090610000
240090620000
240090630000
240090640000
240090650000
240090660000
240090670000
240090680000
240090690000
240090700000
240090710000
240090720000
240090730000
240090740000
240090750000
240090760000
240090770000
240090780000
240090790000
240090800000
240090820000
240090830000
240090840000
240090850000
240090860000
240090870000
240090880000
240090890000
240090900000
240090910000
240090920000
240090930000
240090940000
240090950000
240090960000
240090970000
240090980000
240090990000
240091000000
240091010000
240091020000
240091030000
240091040000
240091050000
240091060000
240091070000
240091080000
240091090000
240091100000
240091110000
240091120000
240091130000
240091140000
240091150000
240091160000
240091170000
240091180000
240091190000
240091200000
240091210000
240091220000
240091230000
240091240000
240091250000
240091260000
240091270000
240091280000
240091290000
240091300000
240091310000
240091320000
240091330000
240091340000
240091350000
240091360000
240091370000
240091380000
240091390000
240091400000
240091410000
240091430000
240091440000
240091450000
240091460000
240091470000
240091480000
240091490000
240091500000
240091510000
240091520000
240091530000
240091540000
240091550000
240091560000
240091570000
240091580000
240091590000
240091600000
240091610000
240091620000
240091630000
240091640000
240091650000
240091660000
240100010000
240100020000
240100030000
240100040000
240100050000
240100060000
240100070000
240100080000
240100090000
240100100000
240100110000
240100120000
240100130000
240100140000
240100150000
240100160000
240100170000
240100180000
240100190000
240100200000
240100210000
240100220000
240100230000
240100240000
240100250000
240100260000
240100270000
240100280000
240100290000
240100300000
240100310000
240100320000
240100330000
240100340000
240100350000
240100360000
240100370000
240100380000
240100390000
240100400000
240100420000
240100430000
240100440000
240100450000
240100460000
240100470000
240100480000
240100490000
240100500000
240100510000
240100520000
240100530000
240100540000
240100550000
240100560000
240100570000
240100580000
240100590000
240100610000
240100620000
240100630000
240100640000
240100650000
240100660000
240100670000
240100680000
240100690000
240100700000
240100710000
240100720000
240100730000
240100740000
240100750000
240100760000
240100770000
240100780000
240100790000
240100800000
240100810000
240100820000
240100830000
240100840000
240100850000
240100860000
240100870000
240100880000
240100890000
240100900000
240100910000
240100920000
240100930000
240100940000
240100960000
240100970000
240100980000
240100990000
240101000000
240101010000
240101020000
240101030000
240101040000
240101050000
240101060000
240101070000
240101080000
240101090000
240101100000
240101110000
240101120000
240101130000
240101140000
240101150000
240101160000
240101170000
240101180000
240101190000
240101210000
240101220000
240101230000
240101240000
240101250000
240101260000
240101270000
240101290000
240101300000
240101310000
240101320000
240101330000
240101340000
240101350000
240101360000
240101370000
240101380000
240101390000
240101400000
240101410000
240101420000
240101430000
240101440000
240101450000
240101460000
240101470000
240101480000
240101490000
240101500000
240101510000
240101520000
240101530000
240101540000
240101550000
240101560000
240101570000
240101580000
240101590000
240101600000
240101610000
240101620000
240101630000
240101640000
240101650000
240101660000
240110010000
240110020000
240110040000
240110050000
240110060000
240110070000
240110080000
240110090000
240110100000
240110110000
240110120000
240110130000
240110140000
240110150000
240110160000
240110170000
240110180000
240110190000
240110200000
240110210000
240110220000
240110230000
240110240000
240110250000
240110260000
240110270000
240110280000
240110300000
240110310000
240110340000
240110350000
240110360000
240110370000
240110380000
240110390000
240110400000
240110410000
240110420000
240110430000
240110440000
240110450000
240110460000
240110470000
240110480000
240110490000
240110500000
240110510000
240110520000
240110530000
240110560000
240110570000
240110580000
240110590000
240110600000
240110610000
240110620000
240110630000
240110640000
240110650000
240110660000
240110670000
240110680000
240110690000
240110710000
240110720000
240110730000
240110740000
240110750000
240110760000
240110770000
240110780000
240110790000
240110800000
240110810000
240110820000
240110830000
240110840000
240110850000
240110860000
240110870000
240110880000
240110890000
240110900000
240110910000
240110920000
240110930000
240110940000
240110950000
240110960000
240110970000
240110980000
240110990000
240111000000
240111010000
240111020000
240111030000
240111040000
240111050000
240111080000
240111090000
240111100000
240111110000
240111120000
240111130000
240111140000
240111150000
240111160000
240111170000
240111180000
240111190000
240111200000
240111210000
240111220000
240111230000
240111240000
240111250000
240111260000
240111270000
240111280000
240111290000
240111300000
240111310000
240111320000
240111330000
240111340000
240111350000
240111360000
240111370000
240111380000
240111390000
240111400000
240111410000
240111420000
240111430000
240111440000
240111450000
240111460000
240111470000
240111480000
240111500000
240111510000
240111520000
240111530000
240111540000
240111550000
240111560000
240111570000
240111580000
240111590000
240111600000
240111620000
240111630000
240111640000
240111650000
240111660000
240111670000
240111680000
240111690000
240111700000
240111710000
240111720000
240111730000
240111740000
240111750000
240111760000
240111770000
240111780000
240111790000
240111800000
240111810000
240111830000
240111840000
240111860000
240111870000
240111880000
240111890000
240111900000
240111910000
240111920000
240111930000
240111940000
240111950000
240111960000
240111980000
240111990000
240112000000
240112010000
240112020000
240112030000
240112040000
240112050000
240112060000
240112070000
240112080000
240112090000
240112100000
240112110000
240112120000
240112130000
240112140000
240112150000
240112160000
240112170000
240112180000
240112190000
240112200000
240112210000
240112220000
240112230000
240112240000
240120010000
240120020000
240120030000
240120040000
240120050000
240120060000
240120070000
240120080000
240120090000
240120100000
240120110000
240120120000
240120130000
240120140000
240120150000
240120160000
240120170000
240120200000
240120210000
240120220000
240120230000
240120240000
240120250000
240120260000
240120270000
240120280000
240120290000
240120300000
240120310000
240120320000
240120330000
240120340000
240120350000
240120360000
240120370000
240120380000
240120390000
240120400000
240120420000
240120430000
240120440000
240120450000
240120480000
240120490000
240120500000
240120510000
240120520000
240120530000
240120540000
240120550000
240120560000
240120570000
240120580000
240120590000
240120600000
240120610000
240120620000
240120630000
240120640000
240120650000
240120660000
240120670000
240120680000
240120690000
240120700000
240120710000
240120720000
240120730000
240120740000
240120750000
240120760000
240120770000
240120780000
240120790000
240120800000
240120810000
240120820000
240120830000
240120840000
240120850000
240120860000
240120870000
240120880000
240120890000
240120900000
240120910000
240120920000
240120930000
240120940000
240120950000
240120960000
240120970000
240120980000
240120990000
240121000000
240121010000
240121020000
240121030000
240121040000
240121060000
240121070000
240121080000
240121090000
240121100000
240121110000
240121120000
240121130000
240121140000
240121150000
240121160000
240121170000
240121180000
240121190000
240121200000
240121210000
240121220000
240121230000
240121240000
240121250000
240121260000
240121270000
240121280000
240121290000
240121300000
240121310000
240121320000
240121330000
240121340000
240121350000
240121360000
240121370000
240121380000
240121390000
240121400000
240121410000
240121420000
240121430000
240121440000
240121450000
240121460000
240121470000
240121480000
240121490000
240121500000
240121510000
240121520000
240121530000
240121540000
240121550000
240121560000
240121570000
240121580000
240121590000
240121600000
240121610000
240121620000
240121630000
240121640000
240121650000
240121660000
240121670000
240121680000
240121690000
240121700000
240121710000
240121720000
240121730000
240121750000
240121760000
240121770000
240121780000
240121790000
240121800000
240121810000
240121820000
240130030000
240130040000
240130050000
240130060000
240130070000
240130080000
240130090000
240130100000
240130110000
240130120000
240130130000
240130140000
240130150000
240130160000
240130170000
240130180000
240130190000
240130200000
240130210000
240130220000
240130230000
240130240000
240130250000
240130260000
240130270000
240130280000
240130290000
240130300000
240130310000
240130320000
240130330000
240130340000
240130350000
240130360000
240130370000
240130380000
240130390000
240130400000
240130410000
240130420000
240130430000
240130450000
240130460000
240130470000
240130480000
240130490000
240130510000
240130530000
240130540000
240130560000
240130570000
240130580000
240130590000
240130600000
240130610000
240130620000
240130630000
240130640000
240130650000
240130660000
240130670000
240130680000
240130690000
240130700000
240130710000
240130720000
240130730000
240130740000
240130750000
240130760000
240130770000
240130780000
240130790000
240130800000
240130810000
240130820000
240130830000
240130840000
240130850000
240130860000
240130870000
240130880000
240130900000
240130910000
240130920000
240130930000
240130950000
240130960000
240130970000
240130980000
240130990000
240131000000
240131010000
240131020000
240131030000
240131040000
240131050000
240131060000
240131070000
240131080000
240131090000
240131100000
240131110000
240131120000
240131130000
240131140000
240131150000
240131160000
240131170000
240131180000
240131190000
240131200000
240131210000
240131220000
240131230000
240131240000
240131250000
240131260000
240131270000
240131280000
240131290000
240131300000
240131310000
240131320000
240131330000
240131340000
240131350000
240131360000
240131370000
240131380000
240131390000
240131400000
240131410000
240131420000
240131430000
240131440000
240131450000
240131460000
240131470000
240131480000
240131490000
240131500000
240131510000
240131520000
240131530000
240131540000
240131550000
240131560000
240131570000
240131580000
240131590000
240131600000
240131610000
240131620000
240131630000
240131640000
240131650000
240131660000
240131670000
240131680000
240131690000
240131700000
240131710000
240131720000
240131730000
240131740000
240131750000
240131760000
240131770000
240131780000
240131790000
240131800000
240131810000
240131820000
240131830000
240131840000
240131850000
240131860000
240131870000
240131880000
240131890000
240131900000
240131910000
240131920000
240131930000
240131940000
240131950000
240131960000
240131970000
240131980000
240131990000
240132000000
240132010000
240132020000
240132030000
240132040000
240132050000
240132060000
240132070000
240132080000
240140010000
240140020000
240140030000
240140040000
240140050000
240140060000
240140070000
240140080000
240140090000
240140100000
240140110000
240140120000
240140130000
240140140000
240140150000
240140160000
240140170000
240140180000
240140190000
240140200000
240140210000
240140220000
240140230000
240140240000
240140250000
240140270000
240140280000
240140290000
240140300000
240140310000
240140320000
240140330000
240140340000
240140350000
240140360000
240140370000
240140380000
240140390000
240140400000
240140410000
240140420000
240140430000
240140440000
240140450000
240140460000
240140470000
240140480000
240140490000
240140500000
240140510000
240140520000
240140530000
240140540000
240140550000
240140560000
240140580000
240140590000
240140600000
240140610000
240140620000
240140630000
240140640000
240140650000
240140660000
240140670000
240140680000
240140690000
240140700000
240140710000
240140720000
240140730000
240140740000
240140750000
240140760000
240140770000
240140780000
240140790000
240140800000
240140810000
240140820000
240140830000
240140840000
240140850000
240140860000
240140870000
240140880000
240140890000
240140900000
240140910000
240140920000
240140930000
240140940000
240140950000
240140960000
240140970000
240140980000
240140990000
240141000000
240141010000
240141020000
240141030000
240141040000
240141050000
240141060000
240141070000
240141080000
240141090000
240141100000
240141110000
240141120000
240141130000
240141140000
240141150000
240141160000
240141170000
240141180000
240141190000
240141200000
240141210000
240141220000
240141230000
240141240000
240141250000
240141260000
240141270000
240141280000
240141290000
240141300000
240141310000
240141320000
240141330000
240141340000
240141350000
240141360000
240141370000
240141380000
240141390000
240141400000
240141410000
240141420000
240141430000
240141440000
240141450000
240141460000
240141470000
240141480000
240141490000
240141500000
240141510000
240141520000
240141530000
240141540000
240141550000
240141560000
240141570000
240141580000
240141590000
240141600000
240141610000
240141620000
240141630000
240141640000
240141650000
240141660000
240141670000
240141680000
240141690000
240141700000
240141710000
240141720000
240141730000
240141740000
240141750000
240141760000
240141770000
240141780000
240141790000
240141800000
240141810000
240141820000
240141830000
240141840000
240141850000
240141860000
240141870000
240141880000
240141890000
240141900000
240141910000
240141920000
240141930000
240141940000
240141950000
240141960000
240141970000
240141980000
240141990000
240142000000
240142010000
240142020000
240142030000
240142040000
240142050000
240142060000
240142070000
240142080000
240142090000
240142100000
240142110000
240142120000
240142130000
240142150000
240142160000
240142170000
240142180000
240142190000
240150010000
240150030000
240150040000
240150050000
240150060000
240150070000
240150080000
240150090000
240150100000
240150110000
240150120000
240150130000
240150140000
240150160000
240150180000
240150190000
240150200000
240150210000
240150220000
240150230000
240150240000
240150250000
240150260000
240150270000
240150290000
240150300000
240150320000
240150330000
240150340000
240150350000
240150360000
240150400000
240150410000
240150420000
240150430000
240150440000
240150450000
240150470000
240150480000
240150490000
240150500000
240150510000
240150520000
240150530000
240150540000
240150550000
240150560000
240150570000
240150580000
240150590000
240150600000
240150610000
240150620000
240150630000
240150640000
240150650000
240150660000
240150680000
240150690000
240150700000
240150710000
240150740000
240150750000
240150760000
240150770000
240150780000
240150790000
240150800000
240150810000
240150820000
240150830000
240150840000
240150850000
240150860000
240150870000
240150880000
240150890000
240150900000
240150910000
240150920000
240150930000
240150940000
240150950000
240150960000
240150970000
240150980000
240150990000
240151000000
240151010000
240151020000
240151030000
240151040000
240151050000
240151060000
240151070000
240151080000
240151090000
240151100000
240151110000
240151120000
240151130000
240151140000
240151150000
240151160000
240151170000
240151180000
240151190000
240151200000
240151210000
240151220000
240151230000
240151240000
240151250000
240151260000
240151270000
240151280000
240151290000
240151300000
240151310000
240151320000
240151330000
240151340000
240151350000
240151360000
240151370000
240151380000
240151390000
240151400000
240151410000
240151420000
240151430000
240151440000
240151450000
240151460000
240151470000
240151480000
240151490000
240151500000
240151510000
240151520000
240151530000
240151540000
240151550000
240151560000
240151570000
240151580000
240151590000
240151600000
240151610000
240151620000
240151630000
240151640000
240151650000
240151660000
240151670000
240151680000
240151690000
240151700000
240151710000
240151720000
240151730000
240151740000
240151750000
240151760000
240151790000
240151800000
240151810000
240151820000
240151830000
240151840000
240151850000
240151860000
240151870000
240151880000
240151890000
240151900000
240151910000
240151920000
240151930000
240151940000
240151950000
240151960000
240151970000
240151980000
240151990000
240152000000
240152010000
240152020000
240152030000
240152040000
240152050000
240152060000
240152070000
240152080000
240152090000
240152100000
240152110000
240152120000
240152130000
240152140000
240152150000
240152160000
240152170000
240152180000
240152190000
240152200000
240152210000
240152220000
240152230000
240152240000
240152250000
240152260000
240152270000
240152280000
240152290000
240152300000
240152310000
240152320000
240152330000
240152340000
240152350000
240152360000
240152370000
240152390000
240160010000
240160030000
240160040000
240160050000
240160060000
240160070000
240160080000
240160090000
240160100000
240160110000
240160120000
240160130000
240160140000
240160150000
240160160000
240160170000
240160180000
240160190000
240160200000
240160210000
240160220000
240160230000
240160240000
240160250000
240160260000
240160270000
240160280000
240160290000
240160300000
240160310000
240160320000
240160330000
240160340000
240160350000
240160360000
240160370000
240160380000
240160390000
240160400000
240160410000
240160440000
240160450000
240160460000
240160490000
240160500000
240160510000
240160520000
240160530000
240160540000
240160550000
240160560000
240160570000
240160580000
240160600000
240160610000
240160620000
240160630000
240160640000
240160650000
240160660000
240160670000
240160680000
240160690000
240160700000
240160710000
240160720000
240160730000
240160740000
240160750000
240160760000
240160770000
240160780000
240160790000
240160800000
240160810000
240160820000
240160830000
240160840000
240160850000
240160860000
240160870000
240160880000
240160890000
240160900000
240160910000
240160920000
240160930000
240160940000
240160950000
240160960000
240160970000
240160980000
240160990000
240161000000
240161010000
240161020000
240161030000
240161040000
240161050000
240161060000
240161070000
240161080000
240161090000
240161100000
240161110000
240161120000
240161130000
240161140000
240161150000
240161160000
240161170000
240161180000
240161190000
240161200000
240161210000
240161220000
240161230000
240161240000
240161250000
240161260000
240161270000
240161280000
240161290000
240161300000
240161310000
240161320000
240161330000
240161340000
240161350000
240161360000
240161370000
240161380000
240161390000
240161400000
240161420000
240161430000
240161440000
240161450000
240161460000
240161470000
240161480000
240161490000
240161500000
240161510000
240161520000
240161530000
240161540000
240161550000
240161560000
240161570000
240161580000
240161590000
240161600000
240161610000
240161620000
240170010000
240170020000
240170030000
240170040000
240170050000
240170060000
240170070000
240170080000
240170090000
240170100000
240170110000
240170120000
240170130000
240170140000
240170150000
240170160000
240170170000
240170180000
240170200000
240170210000
240170220000
240170230000
240170240000
240170250000
240170260000
240170270000
240170280000
240170290000
240170300000
240170310000
240170320000
240170330000
240170340000
240170350000
240170360000
240170370000
240170380000
240170390000
240170400000
240170410000
240170420000
240170430000
240170440000
240170450000
240170470000
240170480000
240170490000
240170500000
240170510000
240170520000
240170530000
240170540000
240170550000
240170560000
240170570000
240170580000
240170590000
240170600000
240180010000
240180020000
240180030000
240180040000
240180050000
240180080000
240180090000
240180100000
240180110000
240180120000
240180130000
240180140000
240180160000
240180180000
240180190000
240180200000
240190010000
240190020000
240190030000
240190040000
240190050000
240190060000
240190070000
240190080000
240190090000
240190100000
240190110000
240190120000
240190130000
240190140000
240190150000
240190160000
240190170000
240190180000
240190190000
240190200000
240190210000
240190220000
240190230000
240190240000
240190250000
240190280000
240190290000
240190310000
240190330000
240190350000
240190360000
240190370000
240190380000
240190390000
240190400000
240190410000
240190420000
240190430000
240190440000
240190450000
240190460000
240190470000
240190480000
240190490000
240190500000
240190510000
240190520000
240190530000
240190540000
240190550000
240190560000
240190570000
240190580000
240190590000
240190600000
240190610000
240190620000
240190630000
240190640000
240190650000
240190660000
240190670000
240190680000
240190690000
240190700000
240190710000
240190720000
240190730000
240190740000
240190750000
240190760000
240190770000
240190780000
240190790000
240190800000
240190810000
240190820000
240190830000
240190840000
240190850000
240190860000
240190870000
240190880000
240190890000
240190900000
240190910000
240190920000
240190930000
240190940000
240190970000
240190980000
240190990000
240191000000
240191010000
240191020000
240191030000
240191040000
240191050000
240191060000
240191070000
240191080000
240191090000
240191100000
240191110000
240191120000
240191130000
240191140000
240191150000
240191160000
240191170000
240191180000
240191190000
240191200000
240191210000
240191220000
240191230000
240191240000
240191250000
240191260000
240191270000
240191280000
240191290000
240191300000
240191310000
240191320000
240191330000
240191340000
240191350000
240191360000
240191370000
240191380000
240191390000
240191400000
240191410000
240191420000
240191430000
240191440000
240191450000
240191460000
240191470000
240191480000
240191490000
240191500000
240191510000
240191520000
240191530000
240191540000
240191550000
240191560000
240191570000
240191580000
240191590000
240191600000
240191610000
240191620000
240200010000
240200020000
240200030000
240200040000
240200050000
240200060000
240200070000
240200080000
240200090000
240200100000
240200110000
240200120000
240200130000
240200140000
240200150000
240200160000
240200170000
240200180000
240200190000
240200200000
240200210000
240200220000
240200230000
240200240000
240200250000
240200260000
240200270000
240200280000
240200290000
240200300000
240200310000
240200320000
240200330000
240200370000
240200380000
240200390000
240200400000
240200410000
240200420000
240200430000
240200440000
240200450000
240200460000
240200470000
240200480000
240200490000
240200500000
240200510000
240200520000
240200530000
240200540000
240210040000
240210050000
240210060000
240210070000
240210080000
240210090000
240210100000
240210110000
240210120000
240210130000
240210140000
240210150000
240210160000
240210170000
240210180000
240210190000
240210200000
240210210000
240210230000
240210240000
240210250000
240210260000
240210270000
240210290000
240210300000
240210310000
240210320000
240210330000
240210340000
240210350000
240210360000
240210380000
240210390000
240210400000
240210410000
240210430000
240210440000
240210450000
240210460000
240210470000
240210480000
240210500000
240210510000
240210520000
240210530000
240210540000
240210550000
240210570000
240210580000
240210590000
240210600000
240210610000
240210640000
240210650000
240210660000
240210670000
240210700000
240210710000
240210720000
240210730000
240210740000
240210750000
240210760000
240210770000
240210780000
240210790000
240210800000
240210810000
240210820000
240210830000
240210840000
240210850000
240210860000
240210870000
240210880000
240210890000
240210900000
240210910000
240210920000
240210930000
240210940000
240210950000
240210960000
240210970000
240210980000
240211000000
240211010000
240211020000
240211030000
240211040000
240211050000
240211060000
240211070000
240211080000
240211090000
240211100000
240211110000
240211120000
240211130000
240211140000
240211150000
240211160000
240211170000
240211180000
240211190000
240211200000
240211210000
240211220000
240211230000
240211240000
240211250000
240211260000
240211270000
240211280000
240211290000
240211300000
240211310000
240211320000
240211330000
240211340000
240211350000
240211360000
240211370000
240211380000
240211390000
240211400000
240211410000
240211420000
240211430000
240211440000
240211450000
240211460000
240211470000
240211480000
240211490000
240211500000
240211510000
240211520000
240211530000
240211540000
240211550000
240211560000
240211570000
240211580000
240211590000
240211600000
240211610000
240211620000
240211630000
240211640000
240211650000
240211660000
240211670000
240211680000
240211690000
240211700000
240211710000
240211720000
240211730000
240211740000
240211750000
240211760000
240211770000
240211780000
240211790000
240211800000
240211810000
240211820000
240211830000
240211840000
240211850000
240211860000
240211870000
240211880000
240211900000
240211910000
240220010000
240220020000
240220030000
240220040000
240220050000
240220060000
240220070000
240220100000
240220110000
240220120000
240220130000
240220140000
240220150000
240220160000
240220300000
240220310000
240220330000
240220340000
240220350000
240220360000
240220370000
240220380000
240220390000
240220400000
240220410000
240220420000
240220430000
240220440000
240220450000
240220460000
240220470000
240220480000
240220490000
240220500000
240220510000
240220520000
240220530000
240220540000
240220550000
240220560000
240220570000
240220580000
240220590000
240220600000
240220610000
240220620000
240220630000
240220640000
240220650000
240220660000
240220670000
240220680000
240220690000
240220700000
240220710000
240220720000
240220730000
240220740000
240220750000
240220760000
240220770000
240220780000
240220790000
240220800000
240220810000
240220820000
240220830000
240220840000
240220850000
240220860000
240220880000
240220890000
240220900000
240220910000
240220920000
240220930000
240220940000
240220950000
240220960000
240220970000
240220980000
240220990000
240221000000
240221010000
240221020000
240221030000
240221040000
240221050000
240221060000
240221070000
240221080000
240221090000
240221100000
240221110000
240221120000
240221130000
240221140000
240221150000
240221160000
240221170000
240221180000
240221190000
240221200000
240221220000
240221230000
240221240000
240221250000
240221260000
240221270000
240221280000
240221290000
240221300000
240221310000
240221320000
240221330000
240221340000
240221350000
240221360000
240221370000
240221380000
240221390000
240221400000
240221410000
240221420000
240221430000
240221440000
240221450000
240221460000
240221470000
240221480000
240221490000
240221500000
240221510000
240221520000
240221530000
240221540000
240221550000
240221560000
240221570000
240221580000
240221590000
240221600000
240221610000
240221620000
240221630000
240221640000
240221650000
240221660000
240221670000
240221680000
240221690000
240221700000
240221710000
240221720000
240221730000
240221740000
240221750000
240221760000
240221780000
240221790000
240221800000
240221810000
240221820000
240221830000
240221840000
240221850000
240221860000
240221870000
240230010000
240230020000
240230030000
240230040000
240230050000
240230060000
240230070000
240230080000
240230090000
240230100000
240230110000
240230120000
240230130000
240230140000
240230150000
240230160000
240230170000
240230180000
240230190000
240230200000
240230210000
240230220000
240230230000
240230240000
240230250000
240230260000
240230270000
240230280000
240230290000
240230300000
240230310000
240240010000
240240020000
240240030000
240240040000
240240050000
240240060000
240240070000
240240080000
240240090000
240240100000
240240110000
240240120000
240240130000
240240140000
240240150000
240240160000
240240170000
240240180000
240240190000
240240200000
240240210000
240240220000
240240230000
240240240000
240240250000
240240260000
240240270000
240240280000
240240290000
240240300000
240240310000
240240320000
240240330000
240240340000
240240350000
240240360000
240240370000
240240380000
240240390000
240240400000
240240410000
240240420000
240240430000
240240440000
240240450000
240240460000
240240470000
240240480000
240240490000
240240500000
240240510000
240240520000
240240530000
240240540000
240240550000
240240560000
240240570000
240240580000
240240590000
240240600000
240240610000
240240620000
240240630000
240240640000
240240650000
240240660000
240240670000
240240680000
240240690000
240240700000
240240710000
240240720000
240240730000
240240740000
240240750000
240240760000
240240770000
240240780000
240240790000
240240800000
240240810000
240240820000
240240830000
240240840000
240240850000
240240860000
240240870000
240240880000
240240890000
240240900000
240240910000
240240920000
240240930000
240240940000
240240950000
240240960000
240240970000
240240980000
240240990000
240241000000
240241010000
240241020000
240241030000
240241040000
240241050000
240241060000
240241070000
240241080000
240241090000
240241100000
240241110000
240241120000
240241130000
240241140000
240241150000
240241160000
240241170000
240241180000
240241190000
240241200000
240241210000
240241220000
240241230000
240241240000
240241250000
240241260000
240241270000
240241280000
240241290000
240241300000
240241310000
240241320000
240241330000
240241340000
240241350000
240241360000
240241370000
240241380000
240241390000
240241400000
240241410000
240241420000
240241430000
240241440000
240241450000
240241460000
240241470000
240241480000
240241490000
240241500000
240241510000
240241520000
240241530000
240241540000
240241550000
240241560000
240241570000
240241580000
240241590000
240241600000
240241610000
240241620000
240241630000
240241640000
240241650000
240241670000
240250010000
240250030000
240250050000
240250060000
240250070000
240250080000
240250140000
240250280000
240250400000
240250410000
240250430000
240250440000
240250460000
240250470000
240250480000
240250490000
240250500000
240250520000
240250530000
240250540000
240250560000
240250570000
240250590000
240250600000
240250610000
240250620000
240250630000
240250640000
240250650000
240250660000
240250670000
240250680000
240250690000
240250700000
240250710000
240250720000
240250740000
240250750000
240250760000
240250770000
240250780000
240250790000
240250800000
240250840000
240250850000
240250860000
240250870000
240250900000
240250920000
240250930000
240250960000
240250970000
240250980000
240250990000
240251000000
240251010000
240251020000
240251030000
240251040000
240251050000
240251060000
240251070000
240251080000
240251090000
240251100000
240251110000
240251120000
240251130000
240251140000
240251150000
240251160000
240251170000
240251180000
240251190000
240251200000
240251210000
240251220000
240251230000
240251240000
240251250000
240251260000
240251270000
240251280000
240251290000
240251300000
240251310000
240251320000
240251330000
240260010000
240260020000
240260030000
240260040000
240260050000
240260060000
240260070000
240260080000
240260090000
240260100000
240260110000
240260120000
240260260000
240260270000
240260380000
240260390000
240260400000
240260410000
240260420000
240260430000
240260440000
240260450000
240260460000
240260470000
240260480000
240260490000
240260500000
240260510000
240270010000
240270020000
240270030000
240270040000
240270050000
240270060000
240270070000
240270080000
240270090000
240270100000
240270120000
240270130000
240270140000
240270150000
240270160000
240270170000
240270180000
240270190000
240270200000
240270210000
240270220000
240270230000
240270240000
240270250000
240270260000
240270270000
240270280000
240270290000
240270300000
240270310000
240270320000
240270330000
240270350000
240270360000
240270370000
240270380000
240270390000
240270400000
240270410000
240270430000
240270440000
240270450000
240270460000
240270470000
240270480000
240270490000
240270500000
240270510000
240270520000
240270530000
240270540000
240270550000
240270560000
240270570000
240270580000
240270590000
240270600000
240270610000
240270620000
240270630000
240270640000
240270650000
240270660000
240270670000
240270680000
240270690000
240270700000
240270710000
240270720000
240270730000
240270740000
240270750000
240270760000
240280010000
240280070000
240280090000
240280110000
240280120000
240280140000
240280150000
240280180000
240280310000
240280320000
240280330000
240280340000
240290110000
240290130000
240290140000
240290150000
240290160000
240290170000
240290180000
240290190000
240290200000
240290210000
240290220000
240290230000
240290240000
240290250000
240290260000
240290270000
240290280000
240290290000
240290300000
240290310000
240290330000
240290340000
240290350000
240290360000
240290370000
240290380000
240290390000
240290400000
240290410000
240290420000
240290430000
240290440000
240290450000
240290460000
240290470000
240290480000
240290490000
240290500000
240290510000
240290520000
240290530000
240290540000
240290550000
240290560000
240290570000
240290580000
240290590000
240290600000
240290610000
240290620000
240290630000
240290640000
240290650000
240300010000
240300020000
240300030000
240300040000
240300050000
240300060000
240300070000
240300080000
240300090000
240300100000
240300110000
240300120000
240300130000
240300140000
240300150000
240300160000
240300170000
240300180000
240300190000
240300200000
240300210000
240300220000
240300230000
240300240000
240300250000
240300260000
240300270000
240300280000
240300290000
240300300000
240300310000
240300320000
240300330000
240300340000
240300350000
240300360000
240300370000
240300380000
240300390000
240300400000
240300410000
240300420000
240300430000
240300440000
240300450000
240300460000
240300470000
240300480000
240300490000
240300500000
240300510000
240300520000
240300530000
240300540000
240300550000
240300560000
240300570000
240300580000
240300590000
240300600000
240300610000
240300620000
240300630000
240300640000
240300650000
240300660000
240300670000
240300680000
240300690000
240300700000
240300710000
240300720000
240300730000
240300740000
240300750000
240300760000
240300770000
240300780000
240300790000
240300800000
240300810000
240300820000
240300830000
240300840000
240300850000
240300860000
240300870000
240300880000
240300890000
240300900000
240300910000
240300920000
240300930000
240300940000
240300950000
240300960000
240300970000
240300980000
240300990000
240301000000
240301010000
240301020000
240301030000
240301040000
240301050000
240301060000
240301070000
240301100000
240301110000
240301120000
240301130000
240310010000
240310020000
240310030000
240310040000
240310050000
240310060000
240310070000
240310080000
240310090000
240310100000
240310110000
240310120000
240310130000
240310140000
240310150000
240310160000
240310170000
240310180000
240310190000
240310200000
240310210000
240310220000
240310230000
240310240000
240310250000
240320010000
240320020000
240320030000
240320040000
240320050000
240320060000
240320070000
240320080000
240320090000
240320100000
240320110000
240320120000
240320130000
240320140000
240320150000
240320160000
240320170000
240320190000
240320200000
240320210000
240320220000
240320230000
240320240000
240320250000
240320260000
240320270000
240320280000
240320290000
240320300000
240320310000
240320320000
240320330000
240320340000
240320350000
240330020000
240330030000
240330040000
240330050000
240330060000
240330070000
240330080000
240330090000
240330100000
240330110000
240330120000
240330130000
240330140000
240330150000
240330160000
240330170000
240330180000
240330190000
240330200000
240330210000
240330220000
240330230000
240330240000
240330250000
240330260000
240330270000
240330280000
240330290000
240330300000
240330310000
240330320000
240330330000
240330340000
240330350000
240330360000
240330370000
240330380000
240330390000
240330400000
240330410000
240330420000
240330430000
240330440000
240340010000
240340020000
240340030000
240340040000
240340050000
240340060000
240340070000
240340080000
240340090000
240340100000
240340110000
240340120000
240340130000
240340140000
240340150000
240340160000
240340170000
240340180000
240340190000
240340200000
240340210000
240340220000
240340230000
240340240000
240340250000
240340260000
240340270000
240340280000
240340290000
240340300000
240340310000
240340320000
240340330000
240340340000
240340350000
240340360000
240340370000
240340380000
240340390000
240340400000
240340410000
240340430000
240340440000
240340450000
240340460000
240340470000
240340480000
240340490000
240340500000
240340510000
240350010000
240350020000
240350030000
240350040000
240350050000
240350060000
240350070000
240350080000
240350090000
240350100000
240350110000
240350120000
240350130000
240350140000
240350150000
240350160000
240350170000
240350180000
240350190000
240350200000
240350210000
240350220000
240350230000
240350240000
240350250000
240350270000
240350280000
240350290000
240350300000
240350310000
240350320000
240360010000
240360020000
240360030000
240360040000
240360050000
240360060000
240360070000
240360080000
240360090000
240360100000
240360110000
240360120000
240360130000
240360140000
240370010000
240370020000
240370030000
240370040000
240370050000
240370060000
240370070000
240370080000
240370090000
240370100000
240370120000
240370130000
240370140000
240370150000
240370160000
240370170000
240370180000
240370190000
240370200000
240370210000
240370220000
240370230000
240370240000
240370250000
240370260000
240370270000
240370280000
240370290000
240370300000
240370310000
240370320000
240370330000
240370340000
240370350000
240370360000
240370370000
240370380000
240370390000
240370400000
240370410000
240370420000
240370430000
240370440000
240370450000
240370460000
240370470000
240370480000
240370490000
240370500000
240370510000
240370520000
240370530000
240370540000
240370550000
240370560000
240370570000
240370580000
240370590000
240370600000
240370610000
240370620000
240370630000
240370640000
240370650000
240370660000
240370670000
240370680000
240370690000
240370700000
240370710000
240370720000
240370730000
240370740000
240370750000
240370760000
240370770000
240370780000
240370790000
240370800000
240370810000
240370820000
240370830000
240370840000
240370850000
240370860000
240370870000
240370880000
240370890000
240370900000
240370910000
240370920000
240370930000
240370940000
240370950000
240370960000
240370970000
240370980000
240370990000
240371000000
240371010000
240371020000
240371030000
240371040000
240371050000
240371060000
240371070000
240371080000
240371090000
240371100000
240371110000
240371120000
240371130000
240371140000
240371150000
240371160000
240371170000
240371180000
240371190000
240380010000
240380020000
240380030000
240380060000
240380070000
240380080000
240380090000
240380100000
240380110000
240380120000
240380130000
240380140000
240380150000
240380160000
240380170000
240380180000
240380190000
240380200000
240380210000
240380220000
240380230000
240380240000
240380250000
240380260000
240380270000
240380280000
240380290000
240380300000
240380310000
240380320000
240380330000
240380340000
240380350000
240380360000
240380370000
240380380000
240380390000
240380400000
240380410000
240380420000
240380430000
240380440000
240380450000
240380460000
240380470000
240380480000
240380490000
240380500000
240380510000
240380520000
240380530000
240380540000
240380550000
240380560000
240380570000
240380580000
240380590000
240380600000
240380610000
240380620000
240380630000
240380640000
240380650000
240380660000
240380670000
240380680000
240380690000
240380700000
240380710000
240380720000
240380730000
240380740000
240380750000
240380760000
240380770000
240380780000
240380790000
240380800000
240380810000
240380820000
240380830000
240380840000
240380850000
240380860000
240380870000
240380880000
240380890000
240380900000
240380910000
240380920000
240380930000
240380940000
240380950000
240380960000
240380970000
240380980000
240380990000
240381000000
240381010000
240381020000
240381030000
240381040000
240381050000
240381060000
240381070000
240381080000
240381090000
240381100000
240381110000
240381120000
240381130000
240381140000
240381150000
240381160000
240381170000
240381180000
240381200000
240381210000
240381220000
240381230000
240381240000
240381250000
240381260000
240381270000
240381280000
240381290000
240381300000
240381310000
240381320000
240381330000
240381340000
240381350000
240381360000
240381370000
240381380000
240381390000
240381400000
240381410000
240381420000
240381430000
240381440000
240381450000
240381460000
240381470000
240381480000
240381490000
240381500000
240381510000
240381520000
240381530000
240381540000
240381550000
240381560000
240381570000
240381580000
240381590000
240381600000
240381610000
240381620000
240381630000
240390010000
240390020000
240390030000
240390040000
240390060000
240390070000
240390080000
240390090000
240390100000
240390110000
240390120000
240390130000
240390140000
240390150000
240390160000
240390170000
240390180000
240390190000
240390200000
240390210000
240390220000
240390230000
240390240000
240390250000
240400010000
240400020000
240400030000
240400040000
240400050000
240400060000
240400070000
240400080000
240400090000
240400100000
240400110000
240400120000
240400130000
240400140000
240400150000
240400160000
240400170000
240400180000
240400190000
240400200000
240400210000
240400220000
240400230000
240400240000
240400250000
240400260000
240400270000
240400280000
240400290000
240400300000
240400310000
240400320000
240400330000
240400340000
240400350000
240400360000
240400370000
240400380000
240400390000
240400400000
240400410000
240400420000
240400430000
240400440000
240400450000
240400460000
240400470000
240400480000
240400490000
240400500000
240400510000
240400520000
240400530000
240400540000
240400550000
240400560000
240400570000
240400580000
240400590000
240400600000
240400610000
240400620000
240400630000
240400640000
240400650000
240400660000
240400670000
240400680000
240400690000
240400700000
240400710000
240400720000
240400730000
240400740000
240400750000
240400760000
240400770000
240400780000
240400790000
240400800000
240400810000
240400820000
240400830000
240400840000
240400850000
240400860000
240400870000
240400880000
240400890000
240400900000
240400910000
240400920000
240400930000
240400940000
240400950000
240400960000
240400970000
240401020000
240401030000
240401040000
240401050000
240401060000
240401070000
240401080000
240401090000
240401100000
240401110000
240401120000
240401130000
240401140000
240401150000
240401160000
240401170000
240401180000
240401190000
240401200000
240401210000
240401220000
240401230000
240401240000
240401250000
240401260000
240401270000
240401280000
240401290000
240401300000
240401310000
240401320000
240401330000
240401340000
240401350000
240401360000
240401370000
240401380000
240401390000
240401400000
240401410000
240401420000
240401430000
240401440000
240401450000
240401460000
240401470000
240401480000
240401490000
240401500000
240401510000
240401520000
240401530000
240401540000
240401550000
240401560000
240401570000
240401580000
240401590000
240401600000
240401610000
240401620000
240401630000
240401640000
240401650000
240401660000
240401670000
240401680000
240401690000
240401700000
240401710000
240401720000
240401730000
240401740000
240401750000
240401760000
240401770000
240401780000
240401790000
240401800000
240401810000
240401820000
240401830000
240401840000
240401850000
240401860000
240401870000
240401880000
240401890000
240401900000
240410020000
240410030000
240410040000
240410050000
240410060000
240410070000
240410080000
240410090000
240410100000
240410110000
240410120000
240410130000
240410140000
240410150000
240410160000
240410170000
240410180000
240410190000
240410200000
240410210000
240410220000
240410230000
240410240000
240410250000
240410260000
240410270000
240410280000
240410290000
240410300000
240410310000
240410320000
240410330000
240410340000
240410350000
240410360000
240410370000
240410380000
240410390000
240410400000
240410410000
240410420000
240410430000
240410440000
240410450000
240410460000
240410470000
240410480000
240410490000
240410500000
240410510000
240410520000
240410530000
240410540000
240410550000
240410560000
240410570000
240410580000
240410590000
240410600000
240410610000
240410620000
240410630000
240410640000
240410650000
240410660000
240410670000
240410680000
240410690000
240410700000
240410710000
240410720000
240410730000
240410740000
240410770000
240410790000
240410800000
240410810000
240410820000
240410830000
240410840000
240410850000
240410860000
240410870000
240410880000
240410890000
240410900000
240410910000
240410920000
240410930000
240410940000
240410950000
240410960000
240410970000
240410980000
240410990000
240411000000
240411010000
240411020000
240411030000
240411040000
240411050000
240411060000
240411070000
240411080000
240411090000
240411100000
240411110000
240411120000
240411130000
240411140000
240411150000
240411160000
240411170000
240411180000
240411190000
240411200000
240411210000
240411220000
240411230000
240411240000
240411250000
240411260000
240411270000
240411280000
240411290000
240411300000
240411310000
240411320000
240411330000
240411340000
240411350000
240411360000
240411370000
240411380000
240411390000
240411400000
240411410000
240411420000
240411430000
240411440000
240420010000
240420020000
240420030000
240420040000
240420050000
240420060000
240420070000
240420080000
240420090000
240420100000
240420110000
240420120000
240420130000
240420140000
240420150000
240420160000
240420170000
240420180000
240420190000
240420200000
240420210000
240420220000
240420230000
240420240000
240420250000
240420260000
240420270000
240420280000
240420290000
240420300000
240420310000
240420320000
240420330000
240420340000
240420350000
240420360000
240420370000
240420380000
240420390000
240420400000
240420410000
240420420000
240420430000
240420440000
240420450000
240420460000
240420470000
240420480000
240420490000
240420500000
240420510000
240420520000
240420530000
240420540000
240420550000
240420560000
240420570000
240420600000
240420610000
240420620000
240420630000
240420640000
240420650000
240420660000
240420670000
240420680000
240420690000
240420700000
240420710000
240420720000
240420730000
240420740000
240420750000
240420760000
240420770000
240420780000
240420790000
240420800000
240420810000
240420830000
240420840000
240420850000
240420860000
240420870000
240420880000
240420890000
240420900000
240420910000
240420920000
240420930000
240420940000
240420950000
240420960000
240420970000
240420980000
240420990000
240421000000
240421010000
240421020000
240430010000
240430020000
240430030000
240430040000
240430050000
240430060000
240430070000
240430080000
240430090000
240430100000
240430110000
240430120000
240430130000
240430140000
240430150000
240430160000
240430170000
240430190000
240430200000
240430210000
240430240000
240430260000
240430270000
240430280000
240430290000
240430300000
240430310000
240430320000
240430330000
240430340000
240430350000
240430360000
240430370000
240430380000
240430390000
240430400000
240430410000
240430420000
240430430000
240430440000
240430450000
240430460000
240430470000
240430480000
240430490000
240430500000
240430510000
240430520000
240430530000
240430540000
240430550000
240430560000
240430570000
240430580000
240430590000
240430600000
240430610000
240430620000
240430630000
240430640000
240430650000
240430660000
240430670000
240430680000
240430690000
240430700000
240430710000
240430720000
240430730000
240430740000
240430750000
240430760000
240430770000
240430780000
240430790000
240430800000
240430810000
240430820000
240430830000
240430840000
240430850000
240430860000
240430870000
240430880000
240430890000
240430900000
240430910000
240430920000
240430930000
240430940000
240430950000
240430960000
240430970000
240430980000
240430990000
240431000000
240431010000
240431020000
240431030000
240431040000
240431050000
240431060000
240431070000
240431080000
240431090000
240431100000
240431110000
240431130000
240440010000
240440020000
240440030000
240440040000
240440050000
240440060000
240440070000
240440080000
240440090000
240440100000
240440110000
240440120000
240440130000
240440140000
240440150000
240440160000
240440170000
240440180000
240440190000
240440200000
240440210000
240440220000
240440230000
240440240000
240440250000
240440260000
240440270000
240440280000
240440290000
240440300000
240440310000
240440320000
240440330000
240440340000
240440350000
240440360000
240440370000
240440380000
240440390000
240440400000
240440410000
240440420000
240440430000
240440440000
240440450000
240440460000
240440470000
240440480000
240440490000
240440500000
240440510000
240440520000
240440530000
240440540000
240440550000
240440560000
240440570000
240440580000
240440590000
240440600000
240440610000
240440620000
240440630000
240440640000
240440650000
240440660000
240440670000
240440680000
240440690000
240440700000
240440710000
240440770000
240440780000
240440790000
240440800000
240440810000
240440820000
240440830000
240440840000
240440850000
240440860000
240440870000
240440880000
240440890000
240440900000
240440910000
240440920000
240440930000
240440940000
240440950000
240440960000
240440970000
240440980000
240440990000
240441000000
240441010000
240441020000
240441030000
240441040000
240441050000
240441060000
240441070000
240441080000
240441090000
240441100000
240441110000
240441120000
240441130000
240441140000
240441150000
240441160000
240441170000
240441180000
240441190000
240441210000
240441220000
240450010000
240450020000
240450030000
240450040000
240450050000
240450060000
240450070000
240450080000
240450090000
240450100000
240450110000
240450120000
240450130000
240450140000
240450150000
240450160000
240450170000
240450180000
240450190000
240450200000
240450210000
240450220000
240450230000
240450240000
240450250000
240450260000
240450270000
240450280000
240450290000
240450300000
240450310000
240450320000
240450330000
240450340000
240450350000
240450360000
240450370000
240450380000
240450390000
240450400000
240450410000
240450420000
240450430000
240450440000
240450450000
240450460000
240450470000
240450480000
240450490000
240450500000
240450510000
240450520000
240450530000
240450540000
240450550000
240450560000
240450600000
240450610000
240450620000
240450630000
240450640000
240450650000
240450660000
240450680000
240450690000
240450700000
240450710000
240450720000
240450730000
240450740000
240450750000
240450760000
240450770000
240450780000
240450790000
240450800000
240450810000
240450820000
240450830000
240450840000
240450850000
240450860000
240450870000
240450880000
240450890000
240450900000
240450910000
240460010000
240460020000
240460030000
240460040000
240460050000
240460060000
240460070000
240460080000
240460090000
240460100000
240460110000
240460120000
240460130000
240460140000
240460150000
240460160000
240470010000
240470020000
240470040000
240470060000
240470070000
240470080000
240470090000
240470100000
240470110000
240470120000
240470130000
240470140000
240470150000
240470160000
240470170000
240470180000
240470200000
240470210000
240470220000
240470230000
240470240000
240470260000
240470270000
240470280000
240470300000
240470310000
240470320000
240470330000
240480010000
240480030000
240480040000
240480050000
240480060000
240480070000
240480080000
240480090000
240480100000
240480110000
240480120000
240480130000
240480140000
240480150000
240480160000
240480170000
240480180000
240480190000
240480200000
240480210000
240480220000
240480230000
240480240000
240480250000
240480260000
240480270000
240480280000
240480290000
240480300000
240480310000
240480320000
240480330000
240480340000
240480350000
240480360000
240480370000
240480380000
240480390000
240480400000
240480410000
240480420000
240480430000
240480440000
240480450000
240480460000
240480470000
240480480000
240480490000
240480500000
240480510000
240480520000
240480530000
240480680000
240480690000
240480700000
240480710000
240480720000
240480730000
240480740000
240480750000
240480760000
240480770000
240480780000
240480790000
240480800000
240480810000
240480820000
240480830000
240480840000
240480850000
240480860000
240480870000
240480880000
240480890000
240480900000
240480910000
240480920000
240480930000
240480940000
240480950000
240480960000
240480970000
240480980000
240480990000
240481000000
240481010000
240481020000
240481030000
240481040000
240481050000
240481070000
240481080000
240481090000
240481100000
240481110000
240481120000
240481130000
240481140000
240481150000
240490010000
240490020000
240490030000
240490040000
240490050000
240490060000
240490070000
240490080000
240490090000
240490100000
240490110000
240490120000
240490130000
240490140000
240490150000
240490160000
240490170000
240490180000
240490190000
240490200000
240490210000
240490220000
240490230000
240490240000
240490250000
240490260000
240490270000
240490280000
240490290000
240490300000
240490310000
240490320000
240490330000
240490340000
240500010000
240500020000
240500030000
240500040000
240500050000
240500060000
240500070000
240500080000
240500090000
240500100000
240500110000
240500120000
240500130000
240500140000
240500150000
240500160000
240500170000
240500180000
240500190000
240500200000
240500210000
240500220000
240500230000
240500240000
240500250000
240500260000
240500270000
240500280000
240500290000
240500300000
240500310000
240500320000
240500330000
240500340000
240500350000
240500360000
240500370000
240500380000
240510010000
240510020000
240510030000
240510040000
240510050000
240510060000
240510070000
240510080000
240510090000
240510100000
240510110000
240510120000
240510130000
240510140000
240510150000
240510160000
240510170000
240510180000
240510190000
240510200000
240510210000
240510220000
240510230000
240510240000
240510250000
240510260000
240510270000
240510280000
240510290000
240510300000
240510310000
240510320000
240510330000
240510340000
240510350000
240510360000
240510370000
240510380000
240510390000
240510400000
240510410000
240510420000
240510430000
240510440000
240510450000
240510460000
240510470000
240510480000
240510490000
240510500000
240510510000
240510520000
240510530000
240510540000
240510550000
240510560000
240510570000
240510580000
240510590000
240510600000
240510610000
240510620000
240510630000
240510640000
240510650000
240510660000
240510670000
240510680000
240510690000
240510700000
240510710000
240510720000
240510730000
240510740000
240510750000
240510760000
240510770000
240510780000
240510790000
240510800000
240510810000
240510820000
240510830000
240510840000
240510850000
240510860000
240510870000
240510880000
240510890000
240510900000
240510920000
240510930000
240510940000
240510950000
240510960000
240510970000
240510980000
240510990000
240511000000
240511010000
240511020000
240511030000
240511040000
240511050000
240511060000
240511070000
240511080000
240511090000
240511100000
240511110000
240520010000
240520020000
240520030000
240520040000
240520050000
240520060000
240520070000
240520080000
240520090000
240520100000
240520110000
240520120000
240520130000
240520140000
240520150000
240520160000
240520200000
240520210000
240520220000
240530010000
240530020000
240530030000
240530040000
240530050000
240530060000
240530070000
240530080000
240530090000
240530100000
240530110000
240530120000
240530130000
240530140000
240530150000
240530160000
240530170000
240530180000
240530190000
240530200000
240530210000
240530220000
240530230000
240530240000
240530250000
240530260000
240530270000
240530280000
240530290000
240530300000
240530310000
240530320000
240530340000
240530350000
240530360000
240530370000
240530380000
240530390000
240530400000
240530410000
240530420000
240530430000
240530440000
240530450000
240530460000
240530470000
240530480000
240530490000
240530500000
240530510000
240530520000
240530530000
240530540000
240530550000
240530560000
240530570000
240530580000
240530590000
240530600000
240530610000
240530620000
240530630000
240530640000
240530650000
240530660000
240530670000
240530680000
240530690000
240530700000
240530710000
240530720000
240530730000
240530740000
240530750000
240530760000
240530770000
240530780000
240530790000
240530800000
240530810000
240530820000
240530830000
240530840000
240530850000
240530860000
240530870000
240530880000
240530890000
240530900000
240530910000
240530920000
240530930000
240530960000
240540010000
240540020000
240540030000
240540040000
240540050000
240540060000
240540070000
240540080000
240540090000
240540100000
240540110000
240540120000
240540130000
240540140000
240540150000
240540160000
240540170000
240540180000
240540190000
240540200000
240540210000
240540220000
240540230000
240540240000
240540250000
240540260000
240540270000
240540280000
240540290000
240540300000
240540310000
240550010000
240550020000
240550030000
240550040000
240550050000
240550060000
240550070000
240550080000
240550090000
240550100000
240550110000
240550120000
240550130000
240550140000
240550150000
240550160000
240550170000
240550180000
240550190000
240550200000
240550210000
240550220000
240550230000
240550240000
240550250000
240550260000
240550270000
240550280000
240550290000
240550300000
240550310000
240550320000
240550330000
240550340000
240550350000
240550360000
240550370000
240550380000
240550390000
240550400000
240560010000
240560020000
240560030000
240560040000
240560050000
240560060000
240560070000
240560080000
240560090000
240560100000
240560110000
240560120000
240560130000
240560140000
240560150000
240560160000
240560170000
240560180000
240560190000
240560210000
240560220000
240560230000
240560240000
240560250000
240560260000
240560270000
240560280000
240560290000
240560300000
240570020000
240570030000
240570040000
240570060000
240570070000
240570080000
240570140000
240570150000
240570160000
240570170000
240570190000
240570200000
240570210000
240570220000
240570230000
240570240000
240570270000
240570280000
240570290000
240570300000
240570310000
240570320000
240570330000
240580010000
240580020000
240580030000
240580040000
240580050000
240580060000
240580070000
240580080000
240580090000
240580100000
240580110000
240580120000
240580130000
240580140000
240580150000
240580160000
240580170000
240580180000
240580190000
240580200000
240580210000
240580220000
240580230000
240580240000
240580250000
240580260000
240580270000
240580280000
240580290000
240580300000
240580310000
240580320000
240580330000
240580340000
240580350000
240580360000
240580370000
240580380000
240580390000
240580400000
240580410000
240580420000
240580430000
240580440000
240580450000
240580460000
240580470000
240580480000
240580490000
240580500000
240580510000
240580520000
240580530000
240580540000
240580550000
240580560000
240580570000
240580580000
240580590000
240580600000
240580610000
240580620000
240580630000
240580640000
240580650000
240580660000
240580670000
240580680000
240580690000
240590010000
240590020000
240590030000
240590040000
240590050000
240590060000
240590070000
240590080000
240590090000
240590100000
240590110000
240590120000
240590130000
240590140000
240590150000
240590160000
240590170000
240590180000
240590190000
240590200000
240590210000
240590220000
240590230000
240590240000
240590250000
240590260000
240590270000
240590280000
240590290000
240590300000
240590310000
240590320000
240590330000
240590340000
240590350000
240590360000
240590370000
240590380000
240590390000
240590400000
240590410000
240590420000
240590430000
240590440000
240590450000
240590460000
240590470000
240590480000
240590490000
240590500000
240590510000
240590520000
240590530000
240590540000
240590550000
240590560000
240590570000
240590580000
240590590000
240590600000
240590610000
240590620000
240590630000
240590640000
240590650000
240590660000
240590670000
240590680000
240590690000
240590700000
240590710000
240590720000
240590730000
240590740000
240590750000
240590760000
240590770000
240590780000
240590790000
240590800000
240590810000
240590820000
240590830000
240590840000
240590850000
240590860000
240590870000
240590880000
240590890000
240590900000
240590910000
240590920000
240590930000
240590940000
240590950000
240590960000
240590970000
240590980000
240590990000
240591000000
240591010000
240591020000
240591030000
240591040000
240591050000
240591060000
240591070000
240591080000
240591090000
240591100000
240591110000
240591120000
240591130000
240591140000
240591150000
240591160000
240591170000
240591180000
240591190000
240591200000
240591210000
240591220000
240591230000
240591240000
240591250000
240591260000
240591270000
240591280000
240591290000
240591300000
240591310000
240591320000
240591330000
240591350000
240591360000
240591370000
240591380000
240591390000
240591400000
240591410000
240591420000
240591430000
240591440000
240591450000
240600010000
240600020000
240600030000
240600040000
240600050000
240600060000
240600070000
240600080000
240600090000
240600100000
240600110000
240600120000
240600130000
240600140000
240600150000
240600160000
240600170000
240600180000
240600190000
240600200000
240600210000
240600220000
240600230000
240600240000
240600250000
240600260000
240600270000
240600280000
240600290000
240600300000
240600310000
240600320000
240600330000
240600350000
240610010000
240610020000
240610030000
240610040000
240610050000
240610060000
240610070000
240610080000
240610090000
240610100000
240610110000
240610120000
240610130000
240610140000
240610150000
240610160000
240610170000
240610180000
240610190000
240610200000
240610210000
240610220000
240610230000
240610240000
240610250000
240610260000
240610270000
240610280000
240610290000
240610300000
240610310000
240610320000
240610330000
240610340000
240610350000
240610360000
240610370000
240610380000
240610390000
240610400000
240610410000
240610420000
240610430000
240610440000
240610450000
240610460000
240610470000
240610480000
240610490000
240610500000
240610510000
240610520000
240610530000
240610540000
240610550000
240610560000
240610570000
240610580000
240610590000
240610600000
240610610000
240610620000
240610630000
240610640000
240610650000
240610660000
240610670000
240610680000
240610690000
240610700000
240610710000
240610720000
240610730000
240610740000
240610750000
240610760000
240610770000
240610780000
240610790000
240610800000
240610810000
240610820000
240610830000
240610840000
240610850000
240610860000
240610870000
240610880000
240610890000
240610900000
240610910000
240610920000
240610930000
240610940000
240610950000
240610960000
240610970000
240610980000
240611000000
240611010000
240620010000
240620020000
240620030000
240620040000
240620050000
240620060000
240620070000
240620080000
240620090000
240620100000
240620110000
240620120000
240620130000
240620140000
240620150000
240620160000
240620170000
240620180000
240620190000
240620200000
240620210000
240620220000
240620230000
240620240000
240620250000
240620260000
240620270000
240620280000
240620290000
240620300000
240620310000
240620320000
240620330000
240620340000
240620350000
240620360000
240620370000
240620380000
240620390000
240620400000
240620410000
240620420000
240620430000
240620440000
240620450000
240620460000
240620470000
240620480000
240620490000
240620500000
240620510000
240620520000
240620530000
240620540000
240620550000
240620560000
240620570000
240620580000
240620600000
240620610000
240620620000
240620630000
240620640000
240620650000
240620660000
240620670000
240620680000
240620690000
240620700000
240620710000
240620720000
240620730000
240620740000
240620750000
240620760000
240620770000
240620780000
240620790000
240620800000
240620810000
240620820000
240620830000
240620840000
240620850000
240620860000
240620870000
240620880000
240620890000
240620900000
240620910000
240620920000
240620930000
240620940000
240620950000
240620960000
240620970000
240630010000
240630020000
240630030000
240630040000
240630050000
240630060000
240630070000
240630080000
240630090000
240630100000
240630110000
240630120000
240630130000
240630140000
240630150000
240630160000
240630170000
240630180000
240630190000
240630200000
240630210000
240630220000
240630230000
240630240000
240630250000
240630260000
240630270000
240630280000
240630290000
240630300000
240630310000
240630320000
240630330000
240630340000
240630350000
240630360000
240630370000
240630380000
240630390000
240630400000
240630410000
240630420000
240630430000
240630440000
240630450000
240630460000
240630470000
240630480000
240630490000
240630500000
240630510000
240630520000
240630530000
240630540000
240630550000
240630560000
240630570000
240630580000
240630590000
240630600000
240630610000
240630620000
240630630000
240630640000
240630650000
240630660000
240630670000
240630680000
240630690000
240630700000
240630710000
240630720000
240630730000
240630740000
240630750000
240630760000
240630770000
240630780000
240630790000
240630800000
240630810000
240630820000
240630830000
240630840000
240630850000
240630860000
240630870000
240630880000
240630890000
240630900000
240630910000
240630920000
240630930000
240630940000
240630950000
240630960000
240630970000
240630980000
240630990000
240631000000
240631010000
240631020000
240631030000
240631040000
240631050000
240631060000
240631070000
240631080000
240631090000
240631100000
240631110000
240631120000
240631130000
240631140000
240631150000
240631160000
240631170000
240631180000
240631190000
240631200000
240631210000
240631220000
240631230000
240631240000
240631300000
240640010000
240640020000
240640030000
240640040000
240640050000
240640060000
240640070000
240640080000
240640090000
240640100000
240640110000
240640120000
240640140000
240640150000
240640160000
240640170000
240640180000
240640190000
240640200000
240640210000
240640220000
240640230000
240640240000
240640250000
240640260000
240640270000
240640280000
240640290000
240640300000
240640310000
240640320000
240640330000
240640340000
240640350000
240640360000
240640370000
240640380000
240640390000
240640400000
240640410000
240640420000
240640430000
240640440000
240640450000
240640460000
240640470000
240640480000
240640490000
240640500000
240640510000
240640520000
240640530000
240640540000
240640550000
240640560000
240640570000
240640580000
240640590000
240640600000
240640610000
240640620000
240640630000
240640640000
240640650000
240640660000
240640670000
240640680000
240640690000
240640700000
240640710000
240640720000
240640730000
240640740000
240640750000
240640760000
240640770000
240640780000
240640790000
240640800000
240640810000
240640820000
240640830000
240640840000
240640850000
240640860000
240640870000
240640880000
240640890000
240640900000
240640910000
240640930000
240640940000
240640950000
240640960000
240640970000
240640980000
240640990000
240641000000
240641010000
240641020000
240641030000
240641040000
240641050000
240641060000
240641070000
240641080000
240641090000
240641100000
240641110000
240641120000
240641130000
240641140000
240641160000
240641170000
240641180000
240650030000
240650040000
240650060000
240650070000
240650080000
240650090000
240650100000
240650110000
240650120000
240650130000
240650140000
240650150000
240650160000
240650170000
240650180000
240650190000
240650200000
240650210000
240650220000
240650230000
240650240000
240650250000
240650260000
240650270000
240650280000
240650290000
240650300000
240650310000
240650330000
240650340000
240650350000
240650360000
240650370000
240650380000
240650390000
240650400000
240650410000
240650430000
240650440000
240650450000
240650470000
240650480000
240650490000
240650500000
240650510000
240650520000
240650530000
240650540000
240650550000
240650560000
240650570000
240650580000
240650590000
240650600000
240650610000
240650620000
240650630000
240650640000
240650650000
240650660000
240650670000
240650680000
240650690000
240650700000
240650710000
240650720000
240650730000
240650740000
240660010000
240660020000
240660050000
240660060000
240660070000
240660080000
240660090000
240660100000
240660110000
240660120000
240660130000
240660140000
240660150000
240660160000
240660170000
240660180000
240660190000
240660200000
240660210000
240660220000
240660230000
240660240000
240660260000
240660270000
240660280000
240660290000
240660300000
240660310000
240660320000
240660330000
240660340000
240660350000
240660360000
240660370000
240660380000
240660390000
240660400000
240660410000
240660420000
240660430000
240660440000
240660450000
240660460000
240660470000
240660480000
240660490000
240660500000
240660510000
240660520000
240660530000
240660550000
240660560000
240660570000
240660580000
240660590000
240660600000
240660610000
240660620000
240660630000
240660640000
240660650000
240660660000
240660670000
240660680000
240660690000
240660700000
240660710000
240660720000
240660730000
240660740000
240660750000
240660760000
240660770000
240660780000
240660790000
240660800000
240660810000
240660820000
240660830000
240660840000
240660850000
240660860000
240660870000
240660880000
240660890000
240660900000
240660910000
240670010000
240670020000
240670030000
240670040000
240670050000
240670060000
240670070000
240670080000
240670090000
240670100000
240670110000
240670120000
240670130000
240670140000
240670150000
240670160000
240670170000
240670180000
240670190000
240670200000
240670210000
240670220000
240670230000
240670240000
240670250000
240670260000
240670270000
240670280000
240670290000
240670300000
240670310000
240670320000
240670330000
240670340000
240670350000
240670360000
240670370000
240670380000
240670390000
240670400000
240670410000
240670420000
240670430000
240670440000
240670450000
240670460000
240670470000
240670480000
240670490000
240670500000
240670510000
240670520000
240670530000
240670540000
240670550000
240670560000
240670570000
240670580000
240670590000
240670600000
240670610000
240670620000
240670630000
240670640000
240670650000
240670660000
240670670000
240670680000
240670690000
240670720000
240670730000
240670740000
240670750000
240670760000
240670770000
240670780000
240670790000
240670800000
240670810000
240670820000
240670830000
240670840000
240670850000
240670860000
240670870000
240670880000
240670890000
240670900000
240670910000
240670920000
240670930000
240670940000
240670950000
240670960000
240670970000
240670980000
240670990000
240671000000
240671010000
240671020000
240671030000
240671040000
240671050000
240671060000
240671070000
240671080000
240671090000
240671100000
240671110000
240671120000
240671130000
240671140000
240671150000
240671160000
240671170000
240671180000
240671190000
240671200000
240671210000
240671220000
240671230000
240671240000
240671250000
240671260000
240671270000
240671280000
240671290000
240671300000
240680010000
240680020000
240680030000
240680040000
240680050000
240680060000
240680070000
240680080000
240680090000
240680100000
240680110000
240680120000
240680130000
240680140000
240680150000
240680160000
240680170000
240680180000
240680190000
240680200000
240680210000
240680220000
240680240000
240680250000
240680260000
240680270000
240680280000
240680290000
240680300000
240680310000
240680320000
240680330000
240680340000
240680350000
240680360000
240680370000
240680380000
240680390000
240680400000
240680410000
240680420000
240680430000
240680440000
240680450000
240680460000
240680470000
240680480000
240680490000
240680500000
240680510000
240680520000
240680530000
240680540000
240680550000
240680560000
240680570000
240680580000
240680600000
240680610000
240680620000
240680630000
240680640000
240680650000
240680660000
240680670000
240680680000
240680690000
240680700000
240680710000
240680720000
240680730000
240680740000
240680750000
240680760000
240680770000
240680780000
240680790000
240680800000
240680810000
240680820000
240680830000
240680840000
240680850000
240680860000
240680870000
240680880000
240680890000
240680900000
240680910000
240680920000
240680930000
240680940000
240680950000
240680960000
240680970000
240680980000
240680990000
240681000000
240681010000
240681020000
240681030000
240681040000
240681050000
240681060000
240681070000
240681080000
240681090000
240681100000
240681110000
240681120000
240681130000
240681140000
240681150000
240681160000
240681170000
240681180000
240681190000
240681200000
240681210000
240681220000
240681230000
240681240000
240681250000
240681260000
240681270000
240681290000
240681300000
240681310000
240681320000
240681330000
240681340000
240681350000
240681360000
240681370000
240681380000
240681390000
240681400000
240681410000
240681420000
240681430000
240681440000
240681450000
240681460000
240681470000
240681480000
240681490000
240681500000
240681510000
240681520000
240681530000
240681540000
240681550000
240681560000
240681570000
240681580000
240681590000
240681600000
240681610000
240681620000
240681630000
240681640000
240681650000
240681660000
240681670000
240681680000
240681690000
240681700000
240681710000
240681720000
240681730000
240681740000
240690010000
240690020000
240690030000
240690040000
240690050000
240690060000
240690070000
240690080000
240690090000
240690100000
240690110000
240690120000
240690130000
240690140000
240690150000
240690160000
240690170000
240690180000
240690190000
240690200000
240690210000
240690220000
240690230000
240690240000
240690250000
240690260000
240690270000
240690280000
240690290000
240690300000
240690310000
240690320000
240690330000
240690400000
240690410000
240690420000
240690430000
240690440000
240690450000
240690460000
240690470000
240690480000
240690490000
240690500000
240690510000
240690520000
240690530000
240690540000
240690550000
240690560000
240690570000
240690580000
240690590000
240690600000
240690610000
240700010000
240700020000
240700030000
240700040000
240700050000
240700060000
240700070000
240700080000
240700090000
240700100000
240700110000
240700120000
240700130000
240700140000
240700150000
240700160000
240700170000
240700180000
240700190000
240700200000
240700210000
240700220000
240700230000
240700240000
240700250000
240700260000
240700270000
240700280000
240700290000
240700300000
240700310000
240700320000
240700330000
240700340000
240700350000
240700360000
240700370000
240700380000
240700390000
240700400000
240700410000
240700420000
240700440000
240700450000
240700460000
240700470000
240700480000
240700490000
240700500000
240700510000
240700520000
240700530000
240700540000
240700550000
240700560000
240700570000
240700580000
240700590000
240700600000
240700610000
240700620000
240700630000
240700640000
240700650000
240700660000
240700670000
240700680000
240700690000
240700710000
240710010000
240710100000
240710230000
240710240000
240710250000
240710260000
240710270000
240710280000
240710290000
240710300000
240710310000
240710320000
240710330000
240710340000
240720010000
240720020000
240720030000
240720040000
240720050000
240720060000
240720070000
240720080000
240720090000
240720100000
240720110000
240720120000
240720130000
240720140000
240720150000
240720160000
240720170000
240720180000
240720190000
240720200000
240720210000
240720220000
240720230000
240720240000
240720250000
240720260000
240720270000
240720280000
240720290000
240720300000
240720310000
240730010000
240730020000
240730030000
240730040000
240730050000
240730060000
240730070000
240730080000
240730090000
240730100000
240730110000
240730120000
240730130000
240730140000
240730150000
240730160000
240730170000
240730180000
240730190000
240730200000
240730210000
240730220000
240730230000
240730240000
240730250000
240730260000
240730270000
240730280000
240730290000
240730300000
240730310000
240730320000
240730330000
240730340000
240730350000
240740010000
240740020000
240740030000
240740040000
240740050000
240740060000
240740070000
240740080000
240740090000
240740100000
240740110000
240740120000
240740130000
240740140000
240740150000
240740160000
240740170000
240740180000
240740190000
240740200000
240740210000
240740220000
240740230000
240740240000
240740250000
240740260000
240740270000
240740280000
240740290000
240740300000
240740310000
240740320000
240740330000
240740340000
240740350000
240740360000
240740370000
240740380000
240740390000
240740400000
240740410000
240740420000
240740430000
240740440000
240740450000
240740460000
240740470000
240740480000
240740490000
240740500000
240740510000
240740520000
240740530000
240740540000
240740550000
240750010000
240750020000
240750030000
240750040000
240750050000
240750060000
240750070000
240750080000
240750090000
240750100000
240750110000
240750120000
240750130000
240750140000
240750150000
240750160000
240750170000
240750180000
240750190000
240750200000
240750210000
240750220000
240750230000
240750240000
240750250000
240750260000
240750270000
240750280000
240750290000
240750300000
240750310000
240750320000
240750330000
240750340000
240750350000
240750360000
240750370000
240750380000
240750390000
240750400000
240750410000
240750420000
240750430000
240750440000
240750450000
240750460000
240750470000
240750480000
240750490000
240750500000
240750510000
240750520000
240750530000
240750540000
240750550000
240750560000
240750570000
240750580000
240750590000
240750600000
240750610000
240750620000
240750630000
240750640000
240750650000
240750660000
240750670000
240750680000
240750690000
240750700000
240760010000
240760020000
240760030000
240760040000
240760050000
240760060000
240760070000
240760080000
240760090000
240760100000
240760110000
240760120000
240760130000
240760140000
240760150000
240760160000
240760170000
240760180000
240760190000
240760200000
240760210000
240760220000
240760230000
240760240000
240760250000
240760260000
240760270000
240760280000
240760290000
240760300000
240760310000
240760320000
240760330000
240760340000
240760350000
240760360000
240760370000
240760380000
240760390000
240760400000
240760410000
240760420000
240760430000
240760440000
240760450000
240760460000
240760470000
240760480000
240760490000
240760500000
240760510000
240760520000
240770010000
240770020000
240770030000
240770040000
240770050000
240770060000
240770070000
240770080000
240770090000
240770100000
240770110000
240770120000
240770130000
240770140000
240770150000
240770160000
240770170000
240770180000
240770190000
240770200000
240770210000
240770220000
240770230000
240770240000
240770250000
240770260000
240770270000
240770280000
240770290000
240780010000
240780020000
240780030000
240780040000
240780050000
240780060000
240780070000
240780080000
240780090000
240780100000
240780110000
240780120000
240780130000
240780140000
240780150000
240780160000
240780170000
240780180000
240780190000
240780200000
240780210000
240780220000
240780230000
240780240000
240780250000
240780260000
240780270000
240780280000
240780290000
240780300000
240780310000
240780320000
240780330000
240780340000
240780350000
240780360000
240780370000
240780380000
240790010000
240790020000
240790030000
240790040000
240790050000
240790060000
240790070000
240790080000
240790090000
240790100000
240790110000
240790120000
240790130000
240790140000
240790150000
240790160000
240790170000
240790180000
240790190000
240790200000
240790210000
240790220000
240790230000
240790240000
240790250000
240790260000
240790270000
240790280000
240790290000
240790300000
240790310000
240790320000
240790330000
240790340000
240790350000
240790360000
240800010000
240800020000
240800030000
240800040000
240800050000
240800060000
240800070000
240800080000
240800090000
240800100000
240800110000
240800120000
240800130000
240800140000
240800150000
240800160000
240800170000
240810010000
240810020000
240810030000
240810040000
240810050000
240810060000
240810070000
240810080000
240810090000
240810100000
240810110000
240810120000
240820010000
240820020000
240820030000
240820040000
240820050000
240820060000
240820070000
240820080000
240820090000
240820100000
240820110000
240820120000
240820130000
240820140000
240820150000
240820160000
240820170000
240820180000
240820190000
240820200000
240820210000
240820220000
240820230000
240820240000
240820250000
240820260000
240820270000
240820280000
240820290000
240820300000
240820310000
240820320000
240820330000
240820340000
240820350000
240820360000
240820370000
240820380000
240820390000
240820400000
240820410000
240820420000
240820430000
240820440000
240820450000
240820460000
240820470000
240820480000
240820490000
240820500000
240820510000
240820520000
240820530000
240820540000
240820550000
240820560000
240820580000
240820590000
240820600000
240820610000
240820620000
240830010000
240830020000
240830030000
240830040000
240830050000
240830060000
240830070000
240830080000
240830090000
240830100000
240830110000
240830120000
240830130000
240830140000
240830150000
240830160000
240830170000
240830180000
240830190000
240830200000
240830210000
240830220000
240840010000
240840020000
240840030000
240840040000
240840050000
240840060000
240840070000
240840080000
240840090000
240840100000
240840110000
240840120000
240840130000
240840140000
240840150000
240840160000
240840170000
240840180000
240840190000
240840200000
240840210000
240840220000
240840230000
240840240000
240840250000
240840260000
240840270000
240840280000
240840290000
240840300000
240840310000
240840320000
240840330000
240840340000
240840350000
240840360000
240840370000
240840380000
240840390000
240840400000
240840410000
240840420000
240840430000
240840440000
240840450000
240840460000
240840470000
240840480000
240840490000
240840500000
240840510000
240840520000
240840530000
240840540000
240840550000
240840560000
250010010000
250010020000
250010030000
250010040000
250010050000
250010060000
250010070000
250010080000
250010090000
250010100000
250010110000
250010120000
250010130000
250010140000
250010150000
250010160000
250010170000
250010180000
250010190000
250010200000
250010210000
250010220000
250016660000
250016660000
250016660000
250016660000
250020010000
250020020000
250020030000
250020040000
250020050000
250020060000
250020080000
250020090000
250020100000
250020110000
250020120000
250020130000
250020140000
250020160000
250020170000
250020230000
250020240000
250020250000
250020260000
250020270000
250020280000
250020290000
250020300000
250020310000
250020320000
250020330000
250020340000
250020350000
250020360000
250020370000
250020380000
250020390000
250020400000
250020410000
250026660000
250030200000
250030210000
250030220000
250030240000
250030250000
250030260000
250030270000
250030380000
250030390000
250030440000
250030600000
250030800000
250030810000
250030920000
250030930000
250030940000
250030950000
250030960000
250030970000
250030980000
250030990000
250031000000
250031010000
250031020000
250031030000
250031040000
250031050000
250040010000
250040020000
250040050000
250040060000
250040070000
250040080000
250040090000
250040100000
250040110000
250040120000
250040130000
250040140000
250040150000
250040160000
250040170000
250040180000
250040190000
250040210000
250040220000
250040230000
250040240000
250040250000
250040260000
250040270000
250040280000
250040290000
250040300000
250040310000
250040320000
250040330000
250040340000
250040350000
250040360000
250040380000
250040390000
250040400000
250040410000
250040420000
250040430000
250040440000
250040450000
250040460000
250040470000
250040480000
250040490000
250040500000
250040510000
250040520000
250040530000
250040540000
250040550000
250040560000
250040580000
250040590000
250040600000
250040620000
250040630000
250040640000
250040650000
250040660000
250040670000
250040680000
250040690000
250040700000
250040710000
250040730000
250040740000
250040750000
250040760000
250040770000
250040780000
250040790000
250040800000
250040810000
250040820000
250040830000
250040840000
250040850000
250040860000
250040870000
250040880000
250040890000
250040900000
250040910000
250040920000
250040930000
250040940000
250040950000
250050010000
250050020000
250050030000
250050040000
250050050000
250050060000
250050070000
250050080000
250050090000
250050100000
250050110000
250050120000
250050130000
250050140000
250050150000
250050160000
250050170000
250050190000
250050200000
250050210000
250050220000
250050230000
250050240000
250050250000
250050260000
250050270000
250050280000
250050290000
250050300000
250050310000
250050320000
250050330000
250050340000
250050350000
250050360000
250050370000
250050390000
250050410000
250050420000
250050430000
250050440000
250050450000
250050460000
250050480000
250050490000
250050510000
250050520000
250050530000
250050540000
250050550000
250050560000
250050570000
250050580000
250050600000
250050610000
250050620000
250050630000
250050640000
250050650000
250050660000
250050670000
250050680000
250050690000
250050700000
250050710000
250050720000
250050740000
250050750000
250050760000
250050770000
250050780000
250050790000
250050800000
250050840000
250050860000
250050870000
250050880000
250050890000
250050900000
250050910000
250050920000
250050930000
250050950000
250050970000
250050980000
250050990000
250051000000
250051010000
250051020000
250051030000
250051040000
250051050000
250051060000
250051070000
250051080000
250051090000
250051100000
250051110000
250051120000
250051130000
250051140000
250051150000
250051160000
250051170000
250051180000
250051190000
250051200000
250051210000
250051220000
250051230000
250051240000
250051250000
250051260000
250051270000
250051280000
250051290000
250051300000
250051310000
250051320000
250051330000
250051340000
250051350000
250051360000
250051370000
250051380000
250051390000
250051400000
250051410000
250051420000
250051430000
250051440000
250051450000
250051460000
250051470000
250051480000
250051490000
250051500000
250051510000
250051520000
250051530000
250051540000
250051550000
250051560000
250051570000
250051580000
250051590000
250051600000
250051610000
250051620000
250051630000
250051640000
250051650000
250051660000
250051670000
250051680000
250051690000
250051700000
250051720000
250060010000
250060020000
250060030000
250060120000
250060220000
250060270000
250060300000
250060310000
250060320000
250060330000
250060340000
250060350000
250060360000
250060370000
250060520000
250060610000
250060980000
250061090000
250061120000
250061140000
250061150000
250061160000
250061300000
250061310000
250061340000
250061410000
250061420000
250061430000
250061440000
250061450000
250061460000
250061480000
250061490000
250061500000
250061510000
250061520000
250061530000
250061540000
250061550000
250061560000
250061570000
250061580000
250061590000
250061600000
250061610000
250061620000
250061630000
250061640000
250070020000
250070030000
250070040000
250070050000
250070060000
250070070000
250070090000
250070100000
250070110000
250070120000
250070130000
250070140000
250070150000
250070160000
250070170000
250070180000
250070190000
250070200000
250070210000
250070220000
250070230000
250070240000
250070250000
250070260000
250070270000
250070280000
250070290000
250070300000
250070310000
250070320000
250070330000
250070340000
250070350000
250070360000
250070370000
250070380000
250070390000
250070400000
250070410000
250070420000
250070430000
250070440000
250070450000
250080010000
250080020000
250080030000
250080040000
250080050000
250080060000
250080080000
250080090000
250080130000
250080140000
250080150000
250080190000
250080210000
250080220000
250080230000
250090010000
250090020000
250090030000
250090040000
250090050000
250090080000
250090120000
250090130000
250090150000
250090160000
250090170000
250090180000
250090190000
250090200000
250090210000
250090220000
250090230000
250090240000
250090250000
250090260000
250090270000
250100010000
250100130000
250100140000
250100150000
250100160000
250100170000
250100180000
250100190000
250100200000
250100210000
250100220000
250100230000
250100240000
250100250000
250100260000
250100270000
250100280000
250100290000
250100300000
250100310000
250100320000
250100330000
250100340000
250100350000
250100360000
250100370000
250100380000
250100390000
250100400000
250100410000
250100420000
250100430000
250100440000
250100450000
250100460000
250100470000
250100480000
250100490000
250100500000
250100510000
250100520000
250110010000
250110020000
250110040000
250110050000
250110060000
250110070000
250110090000
250110100000
250110110000
250110120000
250110130000
250110140000
250110150000
250110160000
250110170000
250110180000
250110190000
250110200000
250110210000
250110220000
250110230000
250110240000
250110250000
250110260000
250110270000
250110280000
250110290000
250110300000
250110310000
250110320000
250110330000
250110340000
250110370000
250110380000
250110390000
250110400000
250110410000
250110420000
250110430000
250110440000
250110450000
250110460000
250110470000
250110480000
250110490000
250110500000
250110510000
250120020000
250120050000
250120060000
250120070000
250120080000
250120090000
250120100000
250120110000
250120120000
250120130000
250120140000
250120150000
250120160000
250120170000
250120180000
250120190000
250120200000
250120210000
250120220000
250120230000
250120240000
250120250000
250120260000
250120270000
250120290000
250120300000
250120310000
250120320000
250120330000
250120340000
250120350000
250120360000
250120370000
250120380000
250120390000
250120400000
250120410000
250120420000
250120430000
250120440000
250120450000
250120460000
250120470000
250120480000
250120490000
250120500000
250120510000
250120550000
250120570000
250120580000
250120590000
250120600000
250120610000
250120620000
250120630000
250120640000
250120650000
250120660000
250120670000
250120680000
250120700000
250120710000
250120720000
250120730000
250120740000
250120750000
250120760000
250120770000
250120780000
250120790000
250120800000
250120810000
250120820000
250120830000
250120840000
250120850000
250120860000
250120870000
250120890000
250120900000
250120910000
250120920000
250120930000
250120940000
250120950000
250120960000
250120970000
250120980000
250120990000
250121000000
250121010000
250121020000
250121030000
250121040000
250121050000
250121060000
250121070000
250121080000
250121090000
250121100000
250121110000
250121120000
250121130000
250121140000
250121150000
250121160000
250121170000
250121180000
250121190000
250121210000
250121220000
250121230000
250121240000
250121250000
250121260000
250121270000
250121280000
250121290000
250121300000
250121310000
250121320000
250121330000
250121340000
250121350000
250121360000
250121370000
250121380000
250121390000
250121400000
250121410000
250121420000
250121430000
250121450000
250121460000
250121470000
250121480000
250121590000
250121600000
250121610000
250121620000
250121630000
250121640000
250121650000
250121660000
250121670000
250121680000
250121690000
250121700000
250121710000
250121730000
250121740000
250121750000
250121760000
250121780000
250121790000
250121800000
250121810000
250121820000
250121830000
250121840000
250121850000
250121860000
250121870000
250121880000
250121890000
250130010000
250130020000
250130030000
250130040000
250130050000
250130060000
250130070000
250130080000
250130090000
250130100000
250130110000
250130120000
250130130000
250130140000
250130150000
250130160000
250130170000
250130180000
250130190000
250130200000
250130210000
250130220000
250130230000
250130240000
250130250000
250130260000
250130270000
250140010000
250140020000
250140030000
250140040000
250140050000
250140060000
250140070000
250140080000
250140090000
250140100000
250140110000
250140120000
250140130000
250140140000
250140150000
250140160000
250140170000
250140180000
250140190000
250140200000
250140210000
250140220000
250140230000
250140240000
250140250000
250140260000
250140270000
250140280000
250140290000
250140310000
250140320000
250140330000
250140340000
250140350000
250140360000
250140380000
250140390000
250140410000
250140420000
250140430000
250140440000
250140450000
250140460000
250140470000
250140480000
250140490000
250140510000
250140520000
250140530000
250140540000
250140550000
250140560000
250140570000
250140580000
250140590000
250140600000
250140610000
250140620000
250140630000
250140640000
250140650000
250140660000
250140670000
250140680000
250140690000
250140700000
250140710000
250140720000
250150010000
250150030000
250150040000
250150050000
250150060000
250150070000
250150080000
250150090000
250150100000
250150110000
250150120000
250150130000
250150140000
250150150000
250150160000
250150170000
250150180000
250150190000
250150200000
250150210000
250150220000
250150230000
250150240000
250150250000
250150260000
250150270000
250150280000
250150290000
250150300000
250150310000
250150320000
250150330000
250150340000
250150350000
250150360000
250150370000
250150380000
250150390000
250150410000
250150420000
250150430000
250150440000
250150450000
250150460000
250150470000
250150480000
250150490000
250150500000
250150510000
250150520000
250150530000
250150540000
250150550000
250150560000
250150570000
250150580000
250150590000
250150600000
250150610000
250150620000
250150630000
250150640000
250150650000
250150660000
250150670000
250150680000
250150690000
250150700000
250150710000
250150720000
250150730000
250150740000
250150750000
250150760000
250150770000
250150780000
250150790000
250150800000
250150810000
250150820000
250150830000
250150840000
250150850000
250150860000
250150870000
250150880000
250150890000
250150900000
250150910000
250150920000
250160010000
250160020000
250160030000
250160040000
250160050000
250160060000
250160070000
250160080000
250160090000
250160100000
250160110000
250160120000
250160130000
250160140000
250160150000
250160160000
250160170000
250160180000
250160190000
250160200000
250160210000
250160220000
250160230000
250160240000
250160250000
250160260000
250160270000
250160280000
250160290000
250160300000
250160310000
250160320000
250160330000
250160340000
250160350000
250160360000
250160370000
250160380000
250160400000
250160410000
250160420000
250160430000
250160440000
250160450000
250160460000
250160470000
250160480000
250160490000
250160500000
250160510000
250160520000
250160530000
250160540000
250160550000
250160560000
250160570000
250160580000
250160590000
250160600000
250160610000
250160620000
250160630000
250160640000
250160650000
250160670000
250160680000
250160690000
250160700000
250160710000
250160720000
250160730000
250160740000
250170010000
250170020000
250170030000
250170040000
250170050000
250170060000
250170070000
250170080000
250170090000
250170100000
250170110000
250170120000
250170130000
250170140000
250170150000
250170160000
250170170000
250170180000
250170190000
250170200000
250170210000
250170220000
250170230000
250170240000
250170250000
250170260000
250170270000
250170280000
250170300000
250170330000
250170340000
250170350000
250170360000
250170370000
250170380000
250170390000
250170400000
250170410000
250170420000
250170430000
250170440000
250170450000
250170460000
250170470000
250170480000
250170490000
250170500000
250170510000
250170520000
250170530000
250170540000
250170550000
250170560000
250170570000
250170580000
250170590000
250170610000
250170620000
250170630000
250170640000
250170650000
250170660000
250170670000
250180010000
250180020000
250180030000
250180040000
250180050000
250180060000
250180070000
250180080000
250180090000
250180100000
250180110000
250180120000
250180130000
250180140000
250180150000
250180160000
250180170000
250180180000
250180190000
250180200000
250180210000
250180220000
250180230000
250180240000
250180260000
250180280000
250180290000
250180310000
250180320000
250180340000
250180350000
250180360000
250180370000
250180380000
250190010000
250190020000
250190030000
250190040000
250190050000
250190060000
250190070000
250190080000
250190090000
250190100000
250190110000
250190120000
250190140000
250190150000
250190160000
250190170000
250190180000
250190190000
250190200000
250190210000
250190220000
250190230000
250190240000
250190250000
250190260000
250190270000
250190280000
250190290000
250190300000
250190310000
250190320000
250190330000
250190340000
250190350000
250190360000
250190370000
250190380000
250190390000
250190400000
250190410000
250190420000
250190430000
250190440000
250190450000
250190460000
250190470000
250190480000
250190490000
250190500000
250190510000
250190520000
250190530000
250190540000
250190550000
250190560000
250190570000
250190580000
250190590000
250190600000
250190610000
250190620000
250190630000
250190640000
250190650000
250190660000
250190670000
250190680000
250190690000
250190700000
250190710000
250190720000
250190750000
250190760000
250190770000
250190780000
250200010000
250200020000
250200030000
250200040000
250200050000
250200060000
250200070000
250200080000
250200090000
250200100000
250200110000
250200120000
250200130000
250200140000
250200150000
250200160000
250200170000
250200180000
250200200000
250200210000
250200220000
250200230000
250210010000
250210020000
250210030000
250210040000
250210050000
250210060000
250210070000
250210080000
250210090000
250210100000
250210110000
250210120000
250210130000
250210140000
250220010000
250220020000
250220030000
250220040000
250220050000
250220060000
250220070000
250220080000
250220090000
250220100000
250220110000
250220120000
250220130000
250220140000
250220150000
250220160000
250220170000
250220180000
250220190000
250220200000
250220210000
250220220000
250220230000
250220240000
250220250000
250220260000
250220270000
250220280000
250220290000
250220300000
250220310000
250220320000
250220330000
250220340000
250220360000
250220370000
250220380000
250220390000
250220400000
250220410000
250220420000
250220430000
250220440000
250230010000
250230020000
250230030000
250230040000
250230050000
250230060000
250230070000
250230080000
250230090000
250230100000
250230110000
250230120000
250230130000
250230140000
250230150000
250240010000
250240020000
250240030000
250240040000
250240050000
250240060000
250240070000
250240080000
250240090000
250240100000
250240110000
250240120000
250240130000
250240140000
250240150000
250240160000
250240170000
250240180000
250240190000
250240200000
250240220000
250240230000
250240240000
250240250000
250240260000
250240270000
250240280000
250240290000
250240300000
250240310000
250240320000
250240330000
250240340000
250240350000
250240360000
250240370000
250240380000
250240390000
250240400000
250240410000
250240420000
250240430000
250240440000
250240450000
250240460000
250240470000
250240490000
250240500000
250240510000
250240520000
250240530000
250240540000
250240550000
250240560000
250240570000
250240580000
250250010000
250250020000
250250030000
250250040000
250250050000
250250060000
250250070000
250250080000
250250090000
250250100000
250250110000
250250120000
250250130000
250250140000
250250150000
250250160000
250250170000
250250180000
250250190000
250250200000
250250210000
250250220000
250250230000
250250240000
250250250000
250250260000
250250270000
250250290000
250250300000
250250310000
250250320000
250250330000
250250340000
250260010000
250260020000
250260030000
250260040000
250260050000
250260060000
250260070000
250260080000
250260090000
250260110000
250260130000
250260160000
250260170000
250260180000
250260200000
250260210000
250260220000
250260230000
250260240000
250260250000
250260260000
250260270000
250260280000
250260290000
250260300000
250260310000
250260320000
250260330000
250260340000
250260350000
250260360000
250260370000
250260380000
250260390000
250260400000
250260410000
250260420000
250260430000
250260440000
250260450000
250260460000
250260470000
250260480000
250260490000
250260500000
250260510000
250260520000
250260530000
250260540000
250260550000
250260560000
250260570000
250260580000
250260590000
250260600000
250260610000
250260620000
250260630000
250260640000
250270010000
250270020000
250270030000
250270040000
250270050000
250270070000
250270080000
250270090000
250270100000
250270110000
250270120000
250270130000
250270140000
250270150000
250270160000
250270170000
250270190000
250270200000
250270210000
250270220000
250270230000
250270240000
250270250000
250270260000
250270270000
250270280000
250270290000
250270300000
250270310000
250270320000
250270330000
250270340000
250270350000
250270360000
250270370000
250270380000
250270390000
250270400000
250270410000
250270420000
250270430000
250270440000
250270450000
250270460000
250270470000
250270480000
250270490000
250270500000
250270510000
250270520000
250270530000
250270540000
250270550000
250270560000
250270570000
250270580000
250270590000
250270600000
250270610000
250270620000
250270630000
250270640000
250270650000
250270660000
250270670000
250270680000
250270690000
250270700000
250270710000
250270720000
250270730000
250270740000
250270750000
250270760000
250270770000
250270780000
250270790000
250270800000
250270810000
250270820000
250280010000
250280020000
250280030000
250280040000
250280050000
250280060000
250280080000
250280090000
250280100000
250280110000
250280120000
250280130000
250280140000
250280150000
250280160000
250280170000
250280180000
250280200000
250280220000
250280230000
250280250000
250280260000
250280270000
250280280000
250280290000
250290010000
250290020000
250290030000
250290040000
250290050000
250290060000
250290070000
250290080000
250290090000
250290100000
250290110000
250290120000
250290130000
250290150000
250290160000
250290170000
250290180000
250290190000
250290200000
250290210000
250290220000
250290230000
250290240000
250290250000
250290260000
250290270000
250290290000
250290300000
250290310000
250290320000
250290330000
250290340000
250290350000
250290370000
250290380000
250290390000
250290400000
250290410000
250290420000
250290430000
250290440000
250290450000
250290460000
250290470000
250290480000
250300010000
250300020000
250300030000
250300040000
250300050000
250300060000
250300070000
250300080000
250300090000
250300100000
250300110000
250300120000
250300130000
250300140000
250300160000
250300170000
250300180000
250300190000
250300200000
250300210000
250300220000
250300230000
250300240000
250300250000
250300260000
250300270000
250300280000
250300290000
250300300000
250300310000
250300320000
250300330000
250300340000
250300350000
250300360000
250300370000
250300380000
250300390000
250300400000
250300410000
250300420000
250300430000
250300440000
250300450000
250300460000
250310010000
250310020000
250310030000
250310040000
250310050000
250310060000
250310070000
250310080000
250310090000
250310100000
250310110000
250310120000
250310130000
250310140000
250310150000
250310160000
250310170000
250310180000
250310200000
250310210000
250310220000
250310230000
250310240000
250310250000
250310260000
250310270000
250310280000
250310290000
250310300000
250310310000
250310320000
250310330000
250310340000
250310350000
250310360000
250310370000
250310380000
250310390000
250310400000
250310410000
250310420000
250310430000
250310440000
250310450000
250310460000
250310470000
250310480000
250310490000
250310500000
250310510000
250310520000
250310530000
250310540000
250310550000
250310560000
250310570000
250310580000
250310590000
250310600000
250310610000
250310620000
250310630000
250310640000
250310650000
250310660000
250310670000
250310680000
250310690000
250310700000
250310710000
250310720000
250310730000
250310740000
250310750000
250310760000
250310770000
250310780000
250310790000
250320010000
250320020000
250320030000
250320040000
250320050000
250320060000
250320070000
250320080000
250320090000
250320100000
250320110000
250320120000
250320130000
250320140000
250320150000
250320160000
250320170000
250320180000
250320190000
250320200000
250320210000
250320220000
250320230000
250320240000
250320250000
250320260000
250320270000
250320280000
250320290000
250320300000
250320310000
250320320000
250320330000
250320340000
250320350000
250320360000
250320370000
250320380000
250320390000
250320400000
250320410000
250320420000
250320430000
250320440000
250330010000
250330020000
250330030000
250330040000
250330050000
250330090000
250330100000
250330110000
250330120000
250330130000
250330140000
250330150000
250330160000
250330170000
250330180000
250330190000
250330200000
250330210000
250330220000
250330230000
250330240000
250330250000
250330270000
250330280000
250330290000
250330300000
250330310000
250330320000
250330330000
250330340000
250330350000
250330360000
250330370000
250330380000
250330390000
250330400000
250330410000
250330420000
250330430000
250330440000
250330460000
250330470000
250330480000
250330490000
250330500000
250330510000
250330520000
250330530000
250330540000
250330550000
250330560000
250330570000
250340010000
250340020000
250340030000
250340040000
250340050000
250340060000
250340070000
250340080000
250340090000
250340100000
250340110000
250340120000
250340130000
250340140000
250340150000
250340160000
250340170000
250340180000
250340190000
250340200000
250340210000
250340220000
250340230000
250340240000
250340250000
250340260000
250340270000
250340280000
250340290000
250340300000
250340310000
250340320000
250340330000
250340340000
250340350000
250340360000
250340370000
250340380000
250340390000
250340400000
250340410000
250340420000
250340430000
250340440000
250340450000
250340460000
250340470000
250340480000
250340490000
250340500000
250340510000
250340520000
250340530000
250350010000
250350020000
250350030000
250350040000
250350050000
250350060000
250350070000
250350080000
250350090000
250350100000
250350110000
250350120000
250350130000
250350140000
250350150000
250350160000
250350170000
250350180000
250350190000
250350200000
250350210000
250350220000
250350230000
250350240000
250350250000
250350260000
250350270000
250350280000
250350290000
250350300000
250350310000
250350320000
250350330000
250350340000
250350350000
250350360000
250350370000
250350380000
250350390000
250350400000
250350410000
250350420000
250350430000
250350440000
250350450000
250350460000
250350470000
250350480000
250350490000
250350500000
250350510000
250350520000
250350530000
250350540000
250350550000
250350560000
250350570000
250350580000
250350590000
250350600000
250350630000
250350640000
250350650000
250350660000
250350670000
250350680000
250350690000
250350700000
250350710000
250350720000
250350730000
250350740000
250350750000
250360010000
250360020000
250360030000
250360040000
250360050000
250360060000
250360070000
250360080000
250360090000
250360100000
250360110000
250360120000
250360130000
250360140000
250360150000
250360160000
250360170000
250360180000
250360190000
250360200000
250360210000
250360220000
250360230000
250360240000
250360250000
250360260000
250360270000
250360280000
250360290000
250360300000
250360310000
250360320000
250360330000
250360340000
250360350000
250360360000
250360370000
250360380000
250360390000
250360400000
250360410000
250360420000
250360430000
250360440000
250360450000
250360460000
250360470000
250360480000
250360490000
250360500000
250360510000
250360520000
250360530000
250360540000
250360550000
250360560000
250360570000
250360580000
250360600000
250360610000
250360620000
250360630000
250360640000
250360650000
250360660000
250360670000
250360680000
250370020000
250370030000
250370040000
250370050000
250370060000
250370070000
250370080000
250370090000
250370100000
250370110000
250370130000
250370140000
250370150000
250370160000
250370170000
250370180000
250370190000
250370200000
250370210000
250380010000
250380020000
250380030000
250380040000
250380050000
250380060000
250380070000
250380080000
250380090000
250380100000
250380110000
250380120000
250380130000
250380140000
250380150000
250380160000
250380170000
250380180000
250380190000
250380200000
250380210000
250380220000
250380230000
250380240000
250380250000
250380260000
250380270000
250380280000
250380290000
250380300000
250380310000
250380320000
250380330000
250380340000
250380350000
250380360000
250380370000
250380380000
250380390000
250380400000
250380410000
250380420000
250380430000
250380440000
250380450000
250380460000
250380470000
250380480000
250380490000
250380500000
250380510000
250380520000
250380530000
250380540000
250380550000
250380560000
250380570000
250380580000
250380590000
250380600000
250380610000
250380620000
250380630000
250380640000
250380650000
250380660000
250380670000
250380680000
250380690000
250380700000
250380710000
250380730000
250380740000
250380750000
250380760000
250380770000
250380780000
250380790000
250380800000
250380810000
250380820000
250380830000
250380840000
250380850000
250380860000
250380870000
250380880000
250380890000
250390010000
250390020000
250390030000
250390040000
250390050000
250390060000
250390070000
250390080000
250390090000
250390100000
250390110000
250390120000
250390130000
250390140000
250390150000
250390160000
250390170000
250390180000
250390190000
250390200000
250390210000
250390220000
250390230000
250390240000
250390250000
250390260000
250390270000
250390280000
250390290000
250390300000
250390310000
250390320000
250390330000
250390340000
250390350000
250390360000
250390370000
250390380000
250390390000
250390400000
250390410000
250390420000
250390430000
250390440000
250390450000
250390460000
250390470000
250390480000
250390490000
250390500000
250390510000
250390520000
250390530000
250390540000
250390550000
250390560000
250390570000
250390580000
250390590000
250390600000
250390610000
250390620000
250390630000
250390640000
250390650000
250390660000
250390670000
250390680000
250390690000
250390700000
250390710000
250390720000
250390730000
250390740000
250390750000
250390760000
250390770000
250390780000
250390790000
250390800000
250390810000
250390820000
250390830000
250390840000
250390850000
250390860000
250390870000
250390880000
250390890000
250390900000
250390910000
250390920000
250390930000
250400010000
250400020000
250400030000
250400040000
250400050000
250400060000
250400070000
250400080000
250400090000
250400100000
250400110000
250400120000
250400130000
250400140000
250400150000
250400180000
250400190000
250400200000
250400210000
250400220000
250400230000
250400240000
250400250000
250400260000
250400270000
250400280000
250400290000
250400300000
250400310000
250400320000
250400330000
250400340000
250400350000
250400360000
250400370000
250400380000
250400390000
250400400000
250400410000
250400420000
250400430000
250400440000
250400450000
250400460000
250410460000
250410470000
250410480000
250410490000
250410500000
250410510000
250410520000
250410530000
250410540000
250410550000
250410560000
250410570000
250410580000
250410590000
250410600000
250410610000
250410620000
250410630000
250410640000
250410650000
250410660000
250410670000
250410680000
250410690000
250410700000
250410710000
250410720000
250410730000
250410740000
250410750000
250410760000
250410770000
250410780000
250410790000
250410800000
250410810000
250410820000
250410830000
250410840000
250410850000
250410860000
250410870000
250410880000
250410890000
250410900000
250410910000
250410920000
250410930000
250410940000
250410950000
250410960000
250410970000
250410980000
250410990000
250411000000
250411010000
250411020000
250411030000
250411040000
250411050000
250411060000
250411070000
250411080000
250411090000
250411100000
250411110000
250411120000
250411130000
250420520000
250420530000
250420540000
250420550000
250420560000
250420570000
250420580000
250420590000
250420600000
250420610000
250420620000
250420630000
250420640000
250420650000
250420660000
250420670000
250420680000
250420690000
250420700000
250420710000
250420720000
250420730000
250420740000
250420750000
250420760000
250420770000
250420780000
250420790000
250420800000
250420810000
250420820000
250420830000
250420840000
250420850000
250420860000
250420870000
250420880000
250420890000
250420900000
250420910000
250420920000
250420930000
250420940000
250420950000
250420960000
250420970000
250420980000
250420990000
250421000000
250421010000
250421030000
250421040000
250421050000
250421060000
250421070000
250421080000
250421090000
250430040000
250430070000
250430080000
250430090000
250430100000
250430110000
250430120000
250430130000
250430140000
250430150000
250430160000
250430170000
250430200000
250430210000
250430220000
250430230000
250430240000
250430250000
250430260000
250436660000
250440010000
250440020000
250440030000
250440040000
250440050000
250440060000
250440070000
250440080000
250440090000
250440100000
250440110000
250440120000
250440130000
250440140000
250440150000
250440160000
250440170000
250440180000
250440190000
250440200000
250440210000
250440220000
250440230000
250440240000
250440250000
250440260000
250440270000
250450010000
250450020000
250450030000
250450040000
250450050000
250450060000
250450070000
250450080000
250450090000
250450100000
250450120000
250450130000
250450140000
250450150000
250450160000
250450170000
250450180000
250450190000
250450200000
250450210000
250450220000
250450230000
250450240000
250450250000
250450260000
250460010000
250460060000
250460090000
250460140000
250460150000
250460160000
250460170000
250460180000
250460190000
250470010000
250470020000
250470030000
250470040000
250470050000
250470060000
250470080000
250470090000
250470100000
250470110000
250470120000
250470130000
250470140000
250470150000
250470160000
250470170000
250470180000
250470190000
250470200000
250470210000
250470220000
250470230000
250470240000
250470250000
250470260000
250470270000
250470280000
250470290000
250470300000
250470310000
250470320000
250470330000
250470340000
250480010000
250480020000
250480030000
250480040000
250480050000
250480060000
250480070000
250480080000
250480090000
250480100000
250480110000
250480120000
250480130000
250480140000
250480150000
250480160000
250480170000
250480180000
250480190000
250480200000
250480210000
250480220000
250480230000
250480240000
250480250000
250480260000
250480270000
250480280000
250480290000
250480300000
250480310000
250480320000
250480330000
250480340000
250480350000
250480360000
250480370000
250480380000
250480390000
250480400000
250480410000
250480420000
250480430000
250480440000
250480450000
250480460000
250480470000
250480480000
250480490000
250480500000
250480510000
250480520000
250480530000
250480540000
250480550000
250480560000
250480570000
250480580000
250480590000
250480600000
250480610000
250480620000
250480630000
250480640000
250480650000
250480660000
250480670000
250480680000
250480690000
250480700000
250480710000
250480720000
250480740000
250480750000
250480760000
250480770000
250480780000
250480790000
250480800000
250480810000
250490010000
250490020000
250490040000
250490050000
250490060000
250490070000
250490080000
250490090000
250490100000
250490110000
250490120000
250490130000
250490140000
250490150000
250490160000
250490170000
250490180000
250490190000
250490200000
250490210000
250490220000
250490230000
250490240000
250490250000
250490260000
250490270000
250490280000
250490290000
250490300000
250490310000
250490320000
250490330000
250490340000
250490350000
250490360000
250490370000
250490380000
250490390000
250490400000
250490410000
250490420000
250490430000
250490440000
250490450000
250490470000
250490480000
250490500000
250490510000
250490520000
250490530000
250490540000
250490550000
250490570000
250490580000
250490590000
250490600000
250490610000
250490620000
250490630000
250490640000
250490650000
250490660000
250490670000
250490680000
250490690000
250490700000
250490710000
250490720000
250490730000
250490740000
250490750000
250490760000
250490770000
250500010000
250500020000
250500030000
250500040000
250500050000
250500060000
250500070000
250500080000
250500090000
250500100000
250500110000
250500120000
250500130000
250500140000
250500150000
250500160000
250500170000
250500180000
250500190000
250500200000
250500210000
250500220000
250500230000
250500240000
250500250000
250500260000
250500270000
250500280000
250500290000
250500300000
250500310000
250500320000
250500330000
250500340000
250500350000
250500360000
250500370000
250500380000
250500390000
250500400000
250500410000
250500420000
250500430000
250500440000
250500450000
250500460000
250500470000
250500480000
250500490000
250500500000
250500510000
250500520000
250500530000
250500540000
250500550000
250500560000
250500570000
250500580000
250500590000
250500600000
250500610000
250500620000
250500630000
250500640000
250500650000
250500660000
250500670000
250500680000
250500690000
250500700000
250500710000
250500720000
250500730000
250500740000
250500750000
250500760000
250500770000
250500780000
250500790000
250500800000
250500810000
250500820000
250500830000
250500840000
250510010000
250510020000
250510030000
250510050000
250510060000
250510070000
250510080000
250510090000
250510100000
250510110000
250510120000
250510130000
250510140000
250510150000
250510160000
250510170000
250510180000
250510190000
250510200000
250510210000
250510230000
250510240000
250510250000
250510260000
250510270000
250510280000
250510290000
250510300000
250510310000
250510320000
250510330000
250510340000
250510350000
250510360000
250510370000
250510380000
250510390000
250510400000
250510410000
250510420000
250510430000
250510440000
250510450000
250510460000
250510470000
250510480000
250510490000
250510500000
250510510000
250510520000
250510530000
250510540000
250510550000
250510560000
250510570000
250510580000
250510590000
250510600000
250510610000
250510620000
250510630000
250510640000
250510650000
250510660000
250510670000
250510680000
250510690000
250510700000
250510710000
250510720000
250510730000
250520010000
250520020000
250520030000
250520040000
250520050000
250520060000
250520070000
250520080000
250520090000
250520100000
250520110000
250520120000
250520130000
250520140000
250520150000
250520160000
250520170000
250530010000
250530020000
250530030000
250530040000
250530050000
250530060000
250530070000
250530080000
250530090000
250530100000
250530110000
250530120000
250530130000
250530140000
250530150000
250530160000
250530170000
250530180000
250530190000
250530200000
250530210000
250530220000
250530230000
250530240000
250530250000
250530260000
250530270000
250530280000
250530290000
250530300000
250530310000
250530320000
250530330000
250530340000
250530350000
250530360000
250530370000
250540010000
250540020000
250540030000
250540040000
250540050000
250540060000
250540070000
250540080000
250540090000
250540100000
250540110000
250540120000
250540130000
250540140000
250540150000
250540160000
250540170000
250540180000
250540190000
250540200000
250540210000
250540220000
250540230000
250540240000
250540250000
250540260000
250540270000
250540280000
250540290000
250540300000
250540310000
250540320000
250540330000
250540340000
250540350000
250540360000
250540370000
250540380000
250540390000
250540400000
250540410000
250540420000
250540430000
250540440000
250540450000
250540460000
250540470000
250540480000
250540490000
250550010000
250550020000
250550030000
250550040000
250550050000
250550060000
250550070000
250550080000
250550090000
250550100000
250550110000
250550120000
250550130000
250550140000
250550150000
250550160000
250550170000
250550180000
250550190000
250550200000
250550210000
250550220000
250550230000
250550240000
250550250000
250550260000
250550270000
250550280000
250550290000
250550300000
250550310000
250550320000
250550330000
250550340000
250550350000
250550360000
250550370000
250550380000
250550390000
250550400000
250550410000
250550420000
250550430000
250550440000
250550450000
250550460000
250550470000
250550480000
250560010000
250560020000
250560030000
250560040000
250560050000
250560060000
250560070000
250560080000
250560090000
250560100000
250560110000
250560120000
250560130000
250560140000
250560150000
250560160000
250560170000
250560180000
250560190000
250560200000
250560210000
250560220000
250560230000
250560240000
250560250000
250560260000
250560270000
250560280000
250560290000
250560300000
250560310000
250560320000
250560330000
250560340000
250560350000
250560360000
250560370000
250560380000
250560390000
250560400000
250560410000
250560430000
250570010000
250570020000
250570030000
250570040000
250570050000
250570060000
250570070000
250570080000
250570090000
250570100000
250570110000
250570120000
250570130000
250570140000
250570150000
250570160000
250570170000
250570180000
250570190000
250570200000
250570210000
250570220000
250570230000
250570240000
250570250000
250570260000
250570270000
250570280000
250570290000
250570300000
250570310000
250570320000
250570330000
250570340000
250570350000
250570360000
250570370000
250570380000
250570390000
250570400000
250570410000
250570420000
250570430000
250570440000
250570450000
250570460000
250570470000
250580010000
250580020000
250580030000
250580040000
250580050000
250580060000
250580070000
250580080000
250580090000
250580100000
250580110000
250580120000
250580130000
250580140000
250580150000
250580160000
250580170000
250580180000
250580190000
250580200000
250580210000
250580220000
250580230000
250580240000
250580250000
250580260000
250580270000
250580280000
250580290000
250580300000
250580310000
250580320000
250580330000
250580340000
250580350000
250580360000
250580370000
250590010000
250590020000
250590030000
250590040000
250590050000
250590060000
250590070000
250590080000
250590090000
250590100000
250590110000
250590120000
250590130000
250590140000
250590150000
250590160000
250590170000
250590180000
250590190000
250590200000
250590210000
250590220000
250590230000
250590240000
250590250000
250590260000
250590270000
250590280000
250590290000
250590300000
250590310000
250590320000
250590330000
250590340000
250590350000
250590360000
250590370000
250590380000
250590390000
250590400000
250590410000
250590420000
250590430000
250590440000
250590450000
250590470000
250590480000
250600010000
250600020000
250600030000
250600040000
250600050000
250600060000
250600070000
250600080000
250600090000
250600100000
250600110000
250600120000
250600130000
250600140000
250600150000
250600160000
250600170000
250600180000
250600190000
250600200000
250600210000
250600220000
250600230000
250600240000
250600250000
250600260000
250600270000
250600280000
250600290000
250600300000
250600310000
250600320000
250600330000
250600340000
250600350000
250600360000
250600370000
250600380000
250600390000
250600400000
250600410000
250600420000
250600430000
250600440000
250600450000
250600460000
250600470000
250600480000
250600490000
250600500000
250600510000
250600520000
250600530000
250600540000
250600550000
250600560000
250600570000
250600580000
250600590000
250600600000
250600610000
250600620000
250600630000
250600640000
250600660000
250600670000
250600680000
250600690000
250600700000
250600710000
250600720000
250600730000
250600740000
250600750000
250600760000
250610010000
250610020000
250610030000
250610040000
250610050000
250610060000
250610070000
250610080000
250610090000
250610100000
250610110000
250610120000
250610130000
250610140000
250610150000
250610160000
250610170000
250610180000
250610190000
250610200000
250610210000
250610220000
250610230000
250610240000
250610250000
250610260000
250610270000
250610280000
250610290000
250610300000
250610310000
250610320000
250610330000
250610340000
250610380000
250610390000
250610410000
250610420000
250610430000
250610440000
250610450000
250610460000
250610470000
250610480000
250610490000
250610500000
250610510000
250610520000
250610530000
250610540000
250610550000
250610560000
250610570000
250610580000
250610590000
250610600000
250610610000
250610620000
250610630000
250610640000
250610650000
250610660000
250610670000
250610680000
250610690000
250610700000
250610710000
250610720000
250610730000
250610740000
250610750000
250610760000
250610770000
250610780000
250610790000
250610800000
250610840000
250610850000
250610860000
250610870000
250610880000
250610890000
250610900000
250610910000
250610920000
250610930000
250610940000
250610950000
250610960000
250610970000
250610980000
250610990000
250611000000
250611010000
250611020000
250611030000
250611040000
250611050000
250611060000
250611070000
250611080000
250611090000
250611100000
250611110000
250620010000
250620020000
250620030000
250620040000
250620050000
250620060000
250630010000
250630020000
250630030000
250630040000
250630050000
250630060000
250630070000
250630080000
250630090000
250630100000
250630110000
250630120000
250630130000
250630140000
250630150000
250630160000
250630170000
250630180000
250630190000
250630200000
250630210000
250630220000
250630230000
250630240000
250630260000
250630270000
250640010000
250640020000
250640030000
250640040000
250640050000
250640060000
250640070000
250640080000
250640090000
250640100000
250640110000
250640120000
250650010000
250650020000
250650030000
250650040000
250650050000
250650060000
250650070000
250650080000
250650090000
250650100000
250650110000
250650120000
250650130000
250650140000
250650150000
250650160000
250650170000
250650180000
250650190000
250650200000
250650210000
250650220000
250650230000
250650240000
250650250000
250650260000
250650270000
250650280000
250650290000
250650300000
250650310000
250650320000
250650330000
250650340000
250650350000
250650360000
250650370000
250650380000
250650390000
250650400000
250650410000
250650420000
250650430000
250650440000
260010030000
260010050000
260010060000
260010070000
260010120000
260010130000
260010140000
260010150000
260010160000
260010180000
260010190000
260010200000
260010240000
260010250000
260010260000
260020010000
260020020000
260020030000
260020040000
260020050000
260020060000
260020070000
260020080000
260020090000
260020120000
260020140000
260020170000
260020180000
260020190000
260020210000
260020220000
260028880000
260030010000
260030020000
260030030000
260030040000
260030050000
260030060000
260030070000
260030080000
260030090000
260030100000
260030110000
260030120000
260030130000
260030150000
260030160000
260030170000
260030180000
260030190000
260030220000
260030230000
260030240000
260030260000
260030270000
260030280000
260030290000
260030300000
260030310000
260030320000
260030330000
260030340000
260030350000
260030360000
260030370000
260030380000
260030390000
260030400000
260030410000
260030430000
260030440000
260030450000
260030460000
260030470000
260030480000
260030510000
260030520000
260038880000
260040010000
260040020000
260040030000
260040040000
260040050000
260040060000
260040070000
260040080000
260040090000
260040100000
260040110000
260040120000
260040140000
260040150000
260040160000
260040170000
260040180000
260040190000
260040200000
260040210000
260040220000
260040230000
260040240000
260040250000
260040260000
260040290000
260040300000
260040310000
260040320000
260040330000
260040340000
260040350000
260040360000
260040380000
260040390000
260040400000
260050020000
260050030000
260050040000
260050050000
260050060000
260050070000
260050080000
260050090000
260050100000
260050110000
260050130000
260050140000
260050150000
260050170000
260050180000
260050190000
260060010000
260060020000
260060030000
260060040000
260060050000
260060060000
260060070000
260060080000
260060090000
260060110000
260060120000
260060130000
260060140000
260060150000
260060160000
260060170000
260060180000
260060190000
260060200000
260060210000
260060220000
260060230000
260060240000
260060250000
260060260000
260060270000
260070010000
260070040000
260070050000
260070060000
260070070000
260070080000
260070090000
260070100000
260070110000
260070120000
260070130000
260070140000
260070150000
260070160000
260070180000
260070190000
260070200000
260070220000
260070230000
260070240000
260070250000
260070260000
260070270000
260070280000
260070290000
260070300000
260070310000
260070320000
260070330000
260070340000
260070350000
260070360000
260070370000
260070380000
260070390000
260070400000
260078880000
260080100000
260080140000
260080150000
260080160000
260080170000
260080180000
260080190000
260080200000
260080210000
260080220000
260080230000
260080240000
260080260000
260080270000
260080280000
260080290000
260080310000
260080320000
260080330000
260080340000
260080350000
260080360000
260080370000
260080380000
260080390000
260080400000
260080420000
260088880000
260090050000
260090080000
260090090000
260090100000
260090110000
260090210000
260090220000
260090250000
260090270000
260090330000
260090340000
260090450000
260090460000
260090470000
260090480000
260090490000
260090540000
260090550000
260090560000
260090570000
260090580000
260090590000
260090600000
260090620000
260100010000
260100030000
260100050000
260100060000
260100070000
260100080000
260100100000
260100110000
260100120000
260100130000
260100140000
260100150000
260100160000
260100170000
260100180000
260100190000
260100200000
260100210000
260100220000
260100230000
260100240000
260100250000
260100260000
260100270000
260100280000
260100290000
260100300000
260100310000
260100320000
260100330000
260100350000
260100370000
260100380000
260100390000
260100400000
260100410000
260100420000
260100430000
260100440000
260100450000
260100460000
260100470000
260100480000
260100490000
260100500000
260100510000
260100520000
260100530000
260100540000
260100560000
260100570000
260100580000
260100590000
260100600000
260100610000
260100630000
260100640000
260100650000
260100670000
260100680000
260100690000
260100700000
260100710000
260100720000
260100730000
260100750000
260100760000
260100770000
260100780000
260100790000
260100800000
260100810000
260100820000
260100830000
260100840000
260100850000
260100860000
260100870000
260100880000
260100890000
260100900000
260100910000
260100920000
260100930000
260100940000
260100950000
260100960000
260100970000
260100980000
260100990000
260101000000
260101020000
260101030000
260101040000
260101050000
260101060000
260101070000
260101080000
260101090000
260101100000
260101110000
260101120000
260101130000
260101140000
260101150000
260101160000
260101170000
260101180000
260101190000
260101200000
260101210000
260101220000
260101230000
260101240000
260101250000
260101260000
260101270000
260101280000
260101290000
260101300000
260101310000
260101320000
260101330000
260101340000
260101350000
260101360000
260101370000
260101380000
260110010000
260110020000
260110030000
260110040000
260110050000
260110060000
260110070000
260110080000
260110090000
260110100000
260110110000
260110120000
260110130000
260110140000
260110150000
260110160000
260110170000
260110180000
260110190000
260110200000
260110210000
260110220000
260110230000
260110240000
260110250000
260110260000
260110270000
260110280000
260110290000
260110300000
260110310000
260110320000
260110330000
260110340000
260110350000
260110360000
260110370000
260110380000
260120020000
260120030000
260120060000
260120080000
260120090000
260120100000
260120120000
260120130000
260120140000
260120150000
260120180000
260120210000
260120230000
260120240000
260120270000
260120290000
260120300000
260120310000
260120330000
260120340000
260120380000
260120410000
260120430000
260120450000
260120460000
260120470000
260120480000
260130010000
260130020000
260130050000
260130060000
260130110000
260130130000
260130170000
260130180000
260130190000
260130200000
260130210000
260130220000
260130230000
260130240000
260130250000
260130260000
260130270000
260130280000
260130300000
260130310000
260130320000
260130330000
260130340000
260130350000
260130360000
260130370000
260130380000
260130390000
260130400000
260130410000
260130420000
260130430000
260130440000
260130450000
260130460000
260130470000
260130480000
260130490000
260130500000
260140020000
260140030000
260140040000
260140050000
260140060000
260140070000
260140080000
260140090000
260140100000
260140110000
260140120000
260140130000
260140140000
260140150000
260140160000
260140170000
260140180000
260140190000
260140200000
260140210000
260140220000
260140230000
260140240000
260140250000
260140260000
260140270000
260140280000
260140290000
260140300000
260140310000
260140320000
260140330000
260140340000
260140350000
260140360000
260140380000
260140390000
260140400000
260140410000
260140420000
260140430000
260140440000
260140450000
260140460000
260140470000
260140480000
260140490000
260140500000
260140510000
260140520000
260140530000
260140550000
260140560000
260140570000
260140580000
260150010000
260150020000
260150040000
260150080000
260150090000
260150100000
260150110000
260150120000
260150130000
260150140000
260150150000
260150160000
260150170000
260150180000
260150190000
260150200000
260150210000
260150220000
260150230000
260150240000
260150250000
260150260000
260150270000
260150280000
260150290000
260150300000
260150310000
260150320000
260150330000
260150340000
260150350000
260150360000
260150370000
260150380000
260150390000
260150400000
260150410000
260150420000
260160010000
260160030000
260160040000
260160050000
260160060000
260160070000
260160080000
260160090000
260160100000
260160110000
260160120000
260160130000
260160140000
260160170000
260160180000
260160190000
260160200000
260160210000
260160220000
260160230000
260160240000
260160250000
260160260000
260160270000
260160280000
260160290000
260160310000
260160320000
260160330000
260160340000
260160360000
260160370000
260160380000
260160390000
260160400000
260160410000
260160420000
260170030000
260170050000
260170060000
260170070000
260170080000
260170090000
260170100000
260170110000
260170120000
260170130000
260170140000
260170160000
260170170000
260170180000
260170190000
260170200000
260170210000
260170220000
260170230000
260170240000
260170250000
260170260000
260170270000
260170460000
260170470000
260180010000
260180020000
260180030000
260180040000
260180050000
260180060000
260180070000
260180080000
260180090000
260180100000
260180110000
260180120000
260180130000
260190010000
260190020000
260190030000
260190040000
260190050000
260190060000
260190070000
260190080000
260190090000
260190100000
260190110000
260190120000
260190140000
260190150000
260190160000
260190170000
260190200000
260190230000
260190240000
260190250000
260190260000
260190270000
260190280000
260190290000
260190300000
260190310000
260190320000
260190330000
260190340000
260190350000
260190360000
260190370000
260190380000
260200010000
260200020000
260200030000
260200040000
260200050000
260200060000
260200070000
260200080000
260200090000
260200100000
260200110000
260200120000
260200130000
260200140000
260200150000
260200160000
260200170000
260200180000
260200190000
260200200000
260200210000
260200220000
260200230000
260200240000
260200250000
260200260000
260200270000
260200280000
260200290000
260200300000
260200310000
260200320000
260200330000
260200340000
260200350000
260200360000
260200370000
260200380000
260200390000
260200400000
260200410000
260200420000
260200430000
260200440000
260200450000
260200460000
260200470000
260210010000
260210020000
260210030000
260210040000
260210050000
260210060000
260210070000
260210080000
260210090000
260210100000
260210110000
260210120000
260210130000
260210140000
260210150000
260210160000
260210170000
260210180000
260210190000
260210200000
260210210000
260210220000
260210230000
260210240000
260210250000
260210260000
260210270000
260210280000
260210290000
260210300000
260210310000
260210320000
260210330000
260210340000
260210350000
260210360000
260210370000
260210380000
260210390000
260210400000
260210410000
260210420000
260210430000
260210440000
260210450000
260210460000
260210470000
260210480000
260210490000
260210500000
260210510000
260210520000
260210530000
260210540000
260210550000
260220010000
260220020000
260220030000
260220040000
260220050000
260220060000
260220070000
260220080000
260220090000
260220100000
260220110000
260220120000
260220130000
260220140000
260220150000
260220160000
260220170000
260220180000
260220190000
260220200000
260220210000
260220220000
260220230000
260220240000
260220250000
260220260000
260220270000
260220280000
260220290000
260220300000
260220310000
260220320000
260230010000
260230020000
260230030000
260230040000
260230050000
260230060000
260230070000
260230080000
260230090000
260230100000
260230110000
260230120000
260230130000
260230140000
260230150000
260230160000
260230170000
260230180000
260230190000
260230200000
260230210000
260230220000
260230230000
260230240000
260230250000
260230260000
260230280000
260230290000
260230300000
260230310000
260230320000
260230330000
260240010000
260240020000
260240030000
260240040000
260240050000
260240060000
260240070000
260240080000
260240090000
260240100000
260240110000
260240120000
260240130000
260240140000
260240150000
260240160000
260240170000
260240180000
260240190000
260240200000
260240210000
260240220000
260240230000
260240240000
260240250000
260240260000
260240270000
260240280000
260240290000
260240300000
260240310000
260240320000
260240330000
260240340000
260240350000
260240360000
260240370000
260240380000
260240390000
260240400000
260240410000
260240420000
260240430000
260250010000
260250020000
260250030000
260250040000
260250050000
260250060000
260250070000
260250080000
260250090000
260250100000
260250110000
260250120000
260250130000
260250140000
260250150000
260250160000
260250170000
260250180000
260250190000
260250200000
260250210000
260260010000
260260020000
260260030000
260260040000
260260050000
260260060000
260260070000
260260080000
260260090000
260260100000
260260110000
260260120000
260260130000
260260140000
260260150000
260260160000
260260170000
260260180000
260260190000
260260200000
260260210000
260260220000
260260230000
260270010000
260270020000
260270030000
260270040000
260270050000
260270060000
260270070000
260270080000
260270090000
260270100000
260270110000
260270120000
260270130000
260270140000
260270150000
260270160000
260270170000
260270180000
260270190000
260270200000
260270210000
260270220000
260270230000
260270240000
260270250000
260270260000
260270270000
260280010000
260280020000
260280030000
260280040000
260280050000
260280060000
260280070000
260280080000
260280090000
260280100000
260280110000
260280120000
260280130000
260280140000
260280150000
260280160000
260280170000
260280180000
260280190000
260280200000
260280210000
260290010000
260290020000
260290030000
260290040000
260290050000
260290060000
260290070000
260290080000
260290090000
260290100000
260290110000
260290120000
260290130000
260290140000
260290150000
260290160000
260290170000
260290180000
260290190000
260290200000
260290210000
260290220000
260290230000
260290240000
260290250000
260290260000
260290270000
260290280000
260290290000
260290300000
260290310000
260290320000
260290330000
260290340000
260290350000
260290360000
260290370000
260290380000
260290390000
260290400000
260290410000
260290420000
260290430000
260290440000
260290450000
260290460000
260290470000
260300010000
260300020000
260300030000
260300040000
260300050000
260300060000
260300070000
260300080000
260300090000
260300100000
260300110000
260300120000
260300130000
260300140000
260300150000
260300160000
260300170000
260300180000
260300190000
260300200000
260300210000
260300220000
260300230000
260300240000
260300250000
260300260000
260300270000
260300280000
260300290000
260300300000
260300310000
260300320000
260300330000
260300340000
260300350000
260300360000
260300370000
260300380000
260300390000
260300400000
260300410000
260300420000
260300430000
260300440000
260300450000
260300460000
260300470000
260300480000
260300490000
260300500000
260300510000
260310010000
260310020000
260310030000
260310040000
260310050000
260310060000
260310070000
260310080000
260310090000
260310100000
260310110000
260310120000
260310130000
260310140000
260310150000
260310160000
260310170000
260310180000
260310190000
260310200000
260310210000
260310220000
260310230000
260310240000
260310250000
260310260000
260310270000
260320020000
260320030000
260320040000
260320050000
260320060000
260320070000
260320080000
260320090000
260320100000
260320110000
260320120000
260320130000
260320140000
260320150000
260320160000
260320170000
260320180000
260320190000
260320200000
260320210000
260320220000
260320230000
260320240000
260320250000
260320260000
260320280000
260320290000
260320300000
260320310000
260320320000
260320330000
260320340000
260320350000
260320360000
260320370000
260320380000
260320390000
260320400000
260320410000
270010010000
270010020000
270010030000
270020010000
270020020000
270020030000
270020100000
270020110000
270020200000
270020210000
270020220000
270020230000
270020240000
270020250000
270020260000
270020270000
270020280000
270020290000
270020300000
270030010000
270030030000
270030040000
270030050000
270030060000
270030220000
270030230000
270030240000
270030250000
270030370000
270030440000
270030840000
270030850000
270030860000
270030870000
270030880000
270030890000
270030900000
270030910000
270030920000
270030930000
270030940000
270030950000
270040250000
270040260000
270040350000
270040370000
270040500000
270040510000
270040620000
270040740000
270040750000
270040760000
270040770000
270040780000
270040790000
270040800000
270040810000
270040820000
270040830000
270040950000
270040960000
270040970000
270040980000
270041170000
270041180000
270041190000
270041200000
270041210000
270041230000
270041240000
270041250000
270041260000
270041320000
270041330000
270041340000
270041350000
270041360000
270041370000
270041380000
270041390000
270041400000
270041410000
270041420000
270041430000
270041440000
270041450000
270050010000
270050020000
270050030000
270050080000
270050090000
270050100000
270050110000
270050120000
270050130000
270050140000
270050150000
270050160000
270050170000
270050180000
270050190000
270050200000
270050210000
270050220000
270050230000
270050240000
270050250000
270050260000
270050280000
270050290000
270050300000
270050310000
270050320000
270050330000
270050340000
270050350000
270050360000
270050370000
270050380000
270050390000
270050400000
270050410000
270050420000
270050440000
270050450000
270050460000
270050470000
270050480000
270050490000
270050500000
270050510000
270050520000
270050530000
270050550000
270050560000
270050570000
270050580000
270050590000
270050600000
270050610000
270050620000
270050630000
270050640000
270050650000
270050660000
270050670000
270050680000
270050690000
270050700000
270050710000
270050720000
270050730000
270050740000
270050750000
270050760000
270050770000
270050780000
270050790000
270060010000
270060020000
270060030000
270060040000
270060050000
270060060000
270060070000
270060080000
270060090000
270060100000
270060110000
270060120000
270060130000
270060140000
270060150000
270060160000
270060170000
270060180000
270060190000
270060210000
270060220000
270060230000
270060240000
270060250000
270060260000
270060280000
270070010000
270070020000
270070030000
270070040000
270070050000
270070060000
270070140000
270080030000
270080110000
270080120000
270080130000
270080140000
270080150000
270080160000
270080170000
270080180000
270080190000
270080200000
270080210000
270080220000
270080270000
270080310000
270080320000
270080350000
270080360000
270080370000
270080380000
270080390000
270080400000
270080410000
270080420000
270080440000
270080450000
270080460000
270080470000
270080480000
270080490000
270080500000
270080510000
270080520000
270080530000
270080560000
270080620000
270080630000
270080670000
270080700000
270080740000
270080850000
270080970000
270081000000
270081030000
270081040000
270081050000
270081060000
270081070000
270081080000
270081090000
270081110000
270081120000
270081140000
270081150000
270081160000
270081170000
270081180000
270081190000
270081200000
270081210000
270081230000
270081240000
270081250000
270081270000
270081280000
270081290000
270081300000
270081310000
270081320000
270081330000
270081340000
270081350000
270081360000
270081370000
270081380000
270081390000
270081400000
270081410000
270081420000
270090010000
270090020000
270090060000
270090090000
270090100000
270090110000
270090120000
270090130000
270090140000
270090150000
270090170000
270090190000
270090200000
270090220000
270090230000
270090240000
270090270000
270090280000
270090290000
270090300000
270090310000
270090320000
270090330000
270090340000
270090350000
270090360000
270090370000
270090380000
270090390000
270090400000
270090410000
270090420000
270090430000
270090440000
270090450000
270090460000
270090470000
270090480000
270090490000
270090500000
270090510000
270090520000
270090530000
270090540000
270090550000
270090560000
270090570000
270090580000
270090590000
270100010000
270100020000
270100040000
270100050000
270100060000
270100080000
270100120000
270100130000
270100140000
270100150000
270100160000
270100170000
270100180000
270100190000
270100200000
270100210000
270100220000
270100230000
270100240000
270100250000
270100260000
270100270000
270100280000
270100290000
270100300000
270100310000
270100320000
270100330000
270100340000
270100350000
270100360000
270100370000
270100380000
270110010000
270110020000
270110030000
270110040000
270110050000
270110060000
270110070000
270110080000
270110090000
270110100000
270110110000
270110120000
270110130000
270110140000
270110150000
270110160000
270110170000
270110180000
270110190000
270110200000
270110210000
270110230000
270110240000
270110250000
270110260000
270110270000
270110280000
270110290000
270110300000
270110310000
270110320000
270110330000
270110340000
270110350000
270120010000
270120020000
270120030000
270120040000
270120050000
270120060000
270120080000
270120100000
270120110000
270120120000
270120130000
270120140000
270120150000
270120160000
270120170000
270120180000
270120190000
270120200000
270120210000
270120220000
270120230000
270120240000
270120250000
270120260000
270120270000
270120280000
270120290000
270120300000
270120310000
270120320000
270120330000
270120340000
270120350000
270120360000
270120370000
270120390000
270120400000
270120410000
270120420000
270120440000
270120450000
270120460000
270120470000
270120480000
270120490000
270120500000
270120510000
270120520000
270130010000
270130020000
270130040000
270130050000
270130060000
270130080000
270130090000
270130100000
270130110000
270130120000
270130130000
270130140000
270130150000
270130160000
270130180000
270130190000
270130200000
270130210000
270130220000
270130230000
270130240000
270130250000
270130260000
270130270000
270130280000
270140010000
270140020000
270140040000
270140050000
270140060000
270140070000
270140080000
270140090000
270140100000
270140110000
270140120000
270140130000
270150010000
270150020000
270150030000
270150040000
270150050000
270150060000
270150070000
270150080000
270150090000
270150100000
270150110000
270150120000
270150130000
270150140000
270150150000
270150160000
270150170000
270150180000
270150190000
270150200000
270150210000
270150220000
270150240000
270160020000
270160030000
270160040000
270160050000
270160060000
270160090000
270160100000
270160110000
270160120000
270160130000
270160140000
270160150000
270160160000
270160170000
270160180000
270160190000
270160200000
270160210000
270160220000
270160240000
270160260000
270160270000
270160280000
270160290000
270160320000
270160330000
270160340000
270160350000
270160360000
270160370000
270160380000
270160390000
270160400000
270160410000
270170010000
270170020000
270170030000
270170040000
270170060000
270170070000
270170080000
270170090000
270170100000
270170110000
270170120000
270170140000
270170150000
270170160000
270170170000
270170180000
270170190000
270170200000
270170210000
270170220000
270170230000
270170240000
270170250000
270170260000
270170270000
270170280000
270170290000
270170300000
270170310000
270170320000
270170330000
270170340000
270170350000
270180010000
270180020000
270180030000
270180040000
270180050000
270180060000
270180070000
270180080000
270180090000
270180100000
270180110000
270180120000
270180130000
270180140000
270180150000
270180160000
270180170000
270180180000
270180190000
270180200000
270180210000
270180220000
270180230000
270180240000
270180250000
270180260000
270180270000
270180280000
270180290000
270180300000
270180310000
270180320000
270180340000
270180350000
270180360000
270180370000
270180380000
270180390000
270180400000
270180410000
270180420000
270180430000
270180440000
270180450000
270180460000
270180470000
270190010000
270190020000
270190030000
270190040000
270190050000
270190060000
270190070000
270190080000
270190090000
270190100000
270190110000
270190120000
270190130000
270190140000
270190150000
270190160000
270190170000
270190180000
270190190000
270190200000
270190210000
270190220000
270190230000
270190240000
270190250000
270190260000
270190270000
270190280000
270190290000
270190300000
270190310000
270190320000
270190330000
270190340000
270190350000
270190360000
270190370000
270190390000
270190400000
270200010000
270200020000
270200030000
270200040000
270200050000
270200060000
270200070000
270200080000
270200090000
270200100000
270200110000
270200120000
270200130000
270200140000
270200150000
270200160000
270200170000
270200180000
270200190000
270200200000
270200210000
270200220000
270200230000
270200240000
270200250000
270200260000
270200270000
270200280000
270210010000
270210020000
270210030000
270210040000
270210050000
270210060000
270210070000
270210080000
270210090000
270210100000
270210110000
270210120000
270210130000
270210140000
270210150000
270210160000
270210170000
270210180000
270210190000
270220010000
270220020000
270220030000
270220050000
270220060000
270220090000
270220100000
270220110000
270230010000
270230020000
270230030000
270230040000
270230050000
270230060000
270230070000
270230080000
270230090000
270230100000
270230110000
270230120000
270230130000
270230140000
270230160000
270230170000
270230200000
270230210000
270230220000
270230230000
270230240000
270230250000
270230260000
270230280000
270230290000
270230300000
270230310000
270230320000
270240010000
270240020000
270240030000
270240040000
270240050000
270240060000
270240070000
270240080000
270240090000
270240100000
270240110000
270240120000
270240130000
270240140000
270240150000
270250020000
270250030000
270250040000
270250050000
270250060000
270250070000
270250080000
270250090000
270250100000
270250110000
270250120000
270250130000
270250140000
270250150000
270250160000
270250180000
270250190000
270250200000
270250210000
270250220000
270250230000
270250240000
270250250000
270250260000
270250270000
270250280000
270260010000
270260020000
270260030000
270260040000
270260050000
270260060000
270260070000
270260080000
270260090000
270260100000
270260110000
270260120000
270260130000
270260140000
270260150000
270260160000
270260170000
270260180000
270260190000
270260200000
270260210000
270260220000
270260230000
270260240000
270260250000
270260270000
270260280000
270260290000
270260300000
270260310000
270260320000
270260330000
270260340000
270260350000
270260360000
270260370000
270260380000
270260390000
270260400000
270260410000
270260420000
270260430000
270260440000
270260450000
270260460000
270260470000
270260480000
270260490000
270260500000
270260510000
270260520000
270260530000
270260540000
270260550000
270260560000
270260570000
270260580000
270260590000
270260600000
270260610000
270260620000
270260630000
270260640000
270260650000
270260660000
270260670000
270260680000
270260690000
270260700000
270260710000
270260720000
270260730000
270260740000
270260750000
270260760000
270260770000
270260780000
270260790000
270260800000
270260810000
270260820000
270260830000
270260840000
270260850000
270260860000
270260870000
270260880000
270260890000
270260900000
270260910000
270260920000
270270010000
270270020000
270270030000
270270040000
270270050000
270270060000
270270070000
270270080000
270270090000
270270100000
270270110000
270270120000
270270130000
270270140000
270270150000
270270160000
270270170000
270270180000
270270190000
270270200000
270270210000
270270220000
270270230000
270270240000
270270250000
270270260000
270270270000
270270280000
270270290000
270270300000
270270310000
270270320000
270270330000
270270340000
270270350000
270270360000
270270370000
270270380000
270270390000
270270400000
270270410000
270270420000
270270430000
270270440000
270270450000
270270460000
270270470000
270270480000
270270490000
270270500000
270270510000
270270520000
270270530000
270270540000
270270550000
270270560000
270270580000
270270590000
270270600000
270270610000
270270620000
270270630000
270270640000
270270650000
270280030000
270280040000
270280050000
270280060000
270280080000
270280090000
270280100000
270280110000
270280120000
270280130000
270280140000
270280150000
270280160000
270280170000
270280180000
270280190000
270280200000
270280210000
270280220000
270280230000
270280240000
270280250000
270280260000
270280270000
270280280000
270280290000
270280300000
270280310000
270280320000
270280330000
270280340000
270280350000
270280360000
270280370000
270280380000
270280390000
270280400000
270280410000
270280420000
270280430000
270280450000
270280460000
270280470000
270280480000
270280490000
270280500000
270280510000
270280520000
270290010000
270290020000
270290030000
270290040000
270290050000
270290060000
270290070000
270290080000
270290090000
270290100000
270290110000
270290120000
270290130000
270290140000
270290150000
270290160000
270290170000
270290180000
270290190000
270290200000
270290210000
270290220000
270290230000
270290240000
270290250000
270290260000
270290270000
270290280000
270290290000
270290300000
270290310000
270290320000
270290330000
270290340000
270290350000
270290370000
270290380000
270290390000
270290400000
270290410000
270290420000
270290430000
270290440000
270290450000
270290460000
270290470000
270290480000
270290490000
270290500000
270290510000
270290520000
270290530000
270290540000
270290550000
270290560000
270300010000
270300020000
270300030000
270300040000
270300050000
270300060000
270300070000
270300080000
270300090000
270300100000
270300110000
270300120000
270300130000
270300140000
270300150000
270300160000
270300170000
270300180000
270300190000
270300200000
270300210000
270300220000
270300230000
270300240000
270300250000
270300260000
270300270000
270300280000
270300290000
270300300000
270300310000
270300320000
270300330000
270300340000
270310010000
270310020000
270310030000
270310040000
270310050000
270310060000
270310070000
270310080000
270310090000
270310100000
270310110000
270310120000
270310130000
270310140000
270310150000
270310160000
270310170000
270310180000
270310190000
270310200000
270310210000
270310220000
270310230000
270310240000
270310250000
270310270000
270310280000
270320010000
270320020000
270320030000
270320040000
270320050000
270320060000
270320070000
270320080000
270320090000
270320100000
270320110000
270320120000
270320130000
270320140000
270320150000
270320160000
270320170000
270320180000
270320190000
270320200000
270320210000
270320220000
270320230000
270320240000
270320260000
270320270000
270320280000
270320290000
270330010000
270330020000
270330030000
270330040000
270330050000
270330060000
270330070000
270330080000
270330090000
270330100000
270330110000
270330120000
270330130000
270330140000
270330150000
270330170000
270330180000
270330190000
270330200000
270330210000
270330220000
270330230000
270330240000
270330250000
270330260000
270330270000
270330280000
270330290000
270330300000
270330320000
270330330000
270330340000
270340010000
270340020000
270340030000
270340040000
270340050000
270340060000
270340070000
270340080000
270340090000
270340100000
270340110000
270340120000
270340130000
270340140000
270340150000
270340160000
270340170000
270340180000
270340190000
270340200000
270340210000
270340220000
270340270000
270340280000
270340290000
270340300000
270340310000
270340320000
270340330000
270350010000
270350020000
270350030000
270350040000
270350050000
270350060000
270350070000
270350080000
270350090000
270350100000
270350110000
270350120000
270350130000
270350140000
270350150000
270350160000
270350170000
270350180000
270350190000
270350200000
270350210000
270350220000
270350230000
270350240000
270360010000
270360020000
270360030000
270360040000
270360050000
270360060000
270360070000
270360080000
270360090000
270360100000
270360110000
270360120000
270360130000
270360140000
270360150000
270370010000
270370020000
270370030000
270370040000
270370050000
270370060000
270370070000
270370080000
270370090000
270370100000
270370110000
270370120000
270370130000
270370140000
270370150000
270370160000
270370170000
270370180000
270370190000
270370200000
270370210000
270370220000
270370230000
270370240000
270370250000
270370260000
270370270000
270370280000
270370290000
270370300000
270370310000
270370320000
270370330000
270370340000
270370350000
270370360000
270370370000
270370380000
270370390000
270370400000
270370410000
270370420000
270370430000
270370440000
270370450000
270380010000
270380020000
270380030000
270380040000
270380050000
270380060000
270380070000
270380080000
270380090000
270380100000
270380110000
270380120000
270380130000
270380140000
270380160000
270380170000
270380180000
270380190000
270380200000
270380210000
270380220000
270380230000
270380240000
270380250000
270390010000
270390020000
270390030000
270390040000
270390050000
270390060000
270390070000
270390080000
270390090000
270390100000
270390110000
270390120000
270390130000
270390140000
270390150000
270390160000
270390170000
270390180000
270390190000
270390200000
270390210000
270390220000
270390230000
270390240000
270390250000
270390270000
270390280000
270390290000
270390300000
270390310000
270390320000
270390330000
270390340000
270390350000
270390360000
270390370000
270390380000
270400010000
270400020000
270400030000
270400040000
270400050000
270400060000
270400070000
270400080000
270400090000
270400100000
270400110000
270400120000
270400140000
270400150000
270400160000
270400170000
270400180000
270400190000
270400200000
270400210000
270400220000
270400230000
270400240000
270400250000
270400260000
270400270000
270400280000
270400290000
270400300000
270400310000
270400320000
270400330000
270400340000
280010020000
280010030000
280020010000
280020020000
280020030000
280020040000
280020050000
280020060000
280020070000
280020080000
280020090000
280020100000
280020110000
280020120000
280020130000
280020140000
280020150000
280020170000
280020180000
280020190000
280020200000
280020210000
280020220000
280020230000
280020240000
280020250000
280020260000
280020270000
280020280000
280020290000
280030010000
280030020000
280030030000
280030040000
280030050000
280030060000
280030070000
280030080000
280030090000
280030100000
280030110000
280040010000
280040020000
280040030000
280040040000
280040050000
280040060000
280040070000
280040080000
280040090000
280040100000
280040110000
280040120000
280040130000
280040140000
280040150000
280040160000
280040170000
280040180000
280040190000
280040200000
280040210000
280050040000
280050050000
280050060000
280050070000
280050080000
280050090000
280050100000
280050140000
280050150000
280050160000
280050170000
280050190000
280050200000
280050210000
280050220000
280050230000
280050240000
280050250000
280050260000
280050270000
280050280000
280050290000
280050300000
280050310000
280050340000
280050350000
280050360000
280050370000
280050380000
280050390000
280050400000
280050410000
280060010000
280060020000
280060030000
280060040000
280060050000
280060060000
280060070000
280060080000
280060120000
280060130000
280060140000
280060150000
280060160000
280060170000
280060180000
280060190000
280060200000
280060210000
280060220000
280060230000
280060240000
280060250000
280060260000
280060290000
280060300000
280060310000
280060320000
280060330000
280060350000
280070030000
280070060000
280070110000
280070130000
280070160000
280070170000
280070180000
280070190000
280070200000
280070210000
280070220000
280070230000
280070240000
280070260000
280070270000
280070280000
280070290000
280070300000
280070310000
280070320000
280070330000
280070340000
280070350000
280070360000
280070370000
280070380000
280070400000
280070410000
280070420000
280070440000
280070460000
280070470000
280070480000
280070490000
280070500000
280070510000
280070520000
280070580000
280070600000
280070610000
280070650000
280070680000
280070690000
280070700000
280070720000
280070730000
280070740000
280070750000
280070760000
280070770000
280070780000
280070790000
280070800000
280070810000
280070820000
280070830000
280070840000
280070850000
280070860000
280070870000
280070880000
280070890000
280070900000
280070910000
280070920000
280070930000
280070940000
280070950000
280070960000
280070970000
280070980000
280070990000
280071000000
280080020000
280080030000
280080040000
280080060000
280080070000
280080080000
280080090000
280080100000
280080110000
280080150000
280080170000
280080180000
280080190000
280080200000
280080210000
280080270000
280080290000
280080300000
280080310000
280080330000
280080340000
280080350000
280080360000
280080370000
280080380000
280080390000
280080400000
280080410000
280080420000
280080430000
280080440000
280080450000
280080460000
280080470000
280080480000
280080490000
280080500000
280080510000
280080520000
280080530000
280080540000
280080550000
280080560000
280080570000
280080580000
280080590000
280080600000
280080610000
280080620000
280080630000
280080640000
280080650000
280080660000
280080670000
280080680000
280080690000
280080700000
280080710000
280080720000
280080730000
280080740000
280080750000
280080760000
280080770000
280080780000
280080790000
280080800000
280080810000
280080820000
280080830000
280080840000
280080850000
280080860000
280080870000
280080880000
280080890000
280080900000
280080910000
280080920000
280080930000
280080940000
280080950000
280080960000
280080970000
280080980000
280080990000
280081000000
280081010000
280081020000
280081030000
280081040000
280081050000
280081060000
280081070000
280081080000
280081090000
280081100000
280081110000
280081120000
280081130000
280081140000
280081150000
280081160000
280081170000
280081180000
280081190000
280081200000
280081210000
280081220000
280081230000
280081240000
280081250000
280081260000
280081270000
280081280000
280081290000
280081300000
280081310000
280081320000
280081330000
280081340000
280081350000
280081360000
280081370000
280081380000
280081390000
280081400000
280081410000
280081420000
280081430000
280081440000
280081450000
280081460000
280081470000
280081480000
280081490000
280081500000
280081510000
280081520000
280081530000
280081540000
280081550000
280081560000
280081570000
280081580000
280081590000
280081600000
280081610000
280081620000
280081630000
280087770000
280090030000
280090050000
280090080000
280090090000
280090100000
280090110000
280090120000
280090130000
280090140000
280090150000
280090160000
280090170000
280090180000
280090190000
280090200000
280090210000
280090220000
280090230000
280090240000
280090250000
280090260000
280090270000
280090280000
280090290000
280090300000
280090310000
280090320000
280090330000
280090340000
280090350000
280090360000
280090370000
280090380000
280090390000
280090400000
280090410000
280090420000
280090430000
280090440000
280090450000
280090460000
280090470000
280090480000
280090490000
280090500000
280100010000
280100030000
280100040000
280100050000
280100060000
280100070000
280100080000
280100090000
280100100000
280100110000
280100120000
280100130000
280100140000
280100150000
280100160000
280100170000
280100180000
280100190000
280100200000
280100210000
280100220000
280100230000
280100240000
280100250000
280100260000
280100270000
280100280000
280100290000
280100300000
280100310000
280100320000
280100330000
280100340000
280100350000
280100360000
280100370000
280100380000
280110010000
280110020000
280110030000
280110040000
280110050000
280110060000
280110070000
280110080000
280110090000
280110100000
280110110000
280110120000
280110130000
280110160000
280110170000
280110180000
280110190000
280110210000
280110220000
280110230000
280110240000
280110250000
280110260000
280110300000
280110310000
280110320000
280110330000
280110340000
280110350000
280110360000
280110370000
280110380000
280110390000
280110400000
280120010000
280120020000
280120030000
280120040000
280120060000
280120070000
280120080000
280120090000
280120100000
280120110000
280120120000
280120130000
280120140000
280120150000
280120160000
280120170000
280120180000
280120190000
280120200000
280120210000
280120220000
280120230000
280120260000
280120270000
280120280000
280120290000
280120300000
280120310000
280120320000
280120330000
280120340000
280120350000
280120360000
280120370000
280120380000
280120390000
280120400000
280130030000
280130040000
280130050000
280130100000
280130160000
280130210000
280130220000
280130230000
280130250000
280130260000
280130270000
280130280000
280130290000
280130300000
280130310000
280130320000
280130330000
280130340000
280130350000
280130360000
280130370000
280130380000
280130430000
280130440000
280130460000
280130470000
280130480000
280130490000
280130500000
280130510000
280130520000
280130530000
280130550000
280130560000
280130570000
280130580000
280130590000
280130600000
280130610000
280130620000
280130630000
280130640000
280130650000
280130660000
280130670000
280130680000
280130690000
280130700000
280130710000
280130720000
280130730000
280130740000
280140010000
280140030000
280140040000
280140050000
280140070000
280140080000
280140090000
280140100000
280140110000
280140120000
280140130000
280140140000
280140150000
280140160000
280140170000
280140190000
280140200000
280140210000
280140220000
280140240000
280140250000
280140260000
280140270000
280140280000
280140290000
280140300000
280140310000
280140320000
280140330000
280140340000
280140350000
280140370000
280140380000
280140390000
280140410000
280140420000
280140430000
280140440000
280140450000
280140460000
280140470000
280140480000
280140490000
280140500000
280140510000
280140520000
280140530000
280140540000
280140550000
280140560000
280140570000
280140580000
280140590000
280140600000
280140610000
280140620000
280140630000
280140640000
280140650000
280140660000
280140670000
280140680000
280140690000
280140700000
280140710000
280140720000
280140730000
280140740000
280140750000
280140760000
280140770000
280140780000
280140790000
280140800000
280140810000
280140820000
280140830000
280140840000
280140850000
280140860000
280140870000
280140890000
280140900000
280140910000
280140920000
280140930000
280140940000
280140960000
280140970000
280140980000
280140990000
280141000000
280141010000
280141020000
280141030000
280141040000
280141050000
280141070000
280150010000
280150020000
280150030000
280150040000
280150050000
280150070000
280150080000
280150090000
280150100000
280150110000
280150130000
280150140000
280150150000
280150160000
280150180000
280150190000
280150200000
280150210000
280150220000
280150230000
280150240000
280150250000
280150260000
280150270000
280150290000
280150300000
280150310000
280150320000
280150330000
280150340000
280150350000
280150360000
280150370000
280150380000
280150390000
280150400000
280150410000
280150420000
280150430000
280160010000
280160020000
280160030000
280160040000
280160050000
280160060000
280160070000
280160080000
280160100000
280160130000
280160140000
280160160000
280160170000
280160180000
280160200000
280160210000
280160220000
280160230000
280160240000
280160250000
280160260000
280160270000
280160280000
280160290000
280160300000
280160310000
280160320000
280160330000
280160340000
280160350000
280160360000
280160370000
280170030000
280170040000
280170050000
280170060000
280170070000
280170080000
280170090000
280170110000
280170120000
280170130000
280170140000
280170150000
280170160000
280170170000
280170190000
280170200000
280170220000
280170230000
280170240000
280170250000
280170260000
280170270000
280170280000
280170290000
280170300000
280170310000
280170320000
280170330000
280170340000
280170350000
280170360000
280170370000
280170380000
280170390000
280170400000
280170410000
280170420000
280170430000
280170440000
280170450000
280170460000
280170470000
280170480000
280170490000
280170500000
280170510000
280170520000
280170530000
280170540000
280170550000
280170560000
280170570000
280170580000
280170590000
280170610000
280170620000
280170630000
280170650000
280170660000
280170670000
280170680000
280170690000
280170700000
280170710000
280170720000
280170730000
280170740000
280180010000
280180020000
280180030000
280180040000
280180050000
280180060000
280180070000
280180080000
280180090000
280180100000
280180110000
280180120000
280180130000
280180140000
280180150000
280180160000
280180170000
280180180000
280180190000
280180200000
280180210000
280180220000
280180230000
280180240000
280180250000
280180260000
280180270000
280180280000
280180300000
280180310000
280180320000
280180330000
280180340000
280180350000
280180360000
280180370000
280180380000
280180390000
280180400000
280180410000
280180420000
280180430000
280190010000
280190020000
280190030000
280190040000
280190050000
280190060000
280190070000
280190080000
280190090000
280190100000
280190110000
280190120000
280190130000
280190140000
280190150000
280190160000
280190170000
280190180000
280190190000
280190200000
280190210000
280190220000
280190230000
280190240000
280190250000
280190260000
280190270000
280190280000
280190290000
280190300000
280190310000
280190320000
280190330000
280190340000
280190350000
280190360000
280190370000
280190380000
280190390000
280190400000
280190410000
280190420000
280190430000
280190440000
280190450000
280190460000
280190470000
280190480000
280190490000
280190500000
280190510000
280190520000
280190530000
280190540000
280190550000
280190560000
280190570000
280190580000
280190590000
280190600000
280190610000
280190620000
280190630000
280190640000
280190650000
280190660000
280190670000
280190680000
280190690000
280190700000
280190710000
280190720000
280190730000
280190740000
280190750000
280200010000
280200020000
280200030000
280200040000
280200050000
280200060000
280200070000
280200080000
280200090000
280200100000
280200110000
280200120000
280200130000
280200140000
280200150000
280200160000
280200170000
280200180000
280200190000
280200200000
280200210000
280200220000
280200230000
280200240000
280200250000
280200260000
280200270000
280200280000
280200290000
280200300000
280200310000
280200320000
280200330000
280200340000
280200350000
280200360000
280200370000
280200380000
280200390000
280200400000
280200410000
280210010000
280210020000
280210030000
280210040000
280210050000
280210060000
280210070000
280210080000
280210090000
280210100000
280210110000
280210120000
280210130000
280210140000
280210150000
280210160000
280210170000
280210180000
280210190000
280210200000
280210210000
280210220000
280210230000
280210240000
280210250000
280210260000
280210270000
280210280000
280210290000
280210300000
280210310000
280210320000
280210330000
280210340000
280210350000
280210360000
280210370000
280210380000
280210390000
280210400000
280210410000
280210420000
280210430000
280210440000
280210450000
280210460000
280220010000
280220020000
280220030000
280220040000
280220050000
280220060000
280220070000
280220080000
280220090000
280220100000
280220110000
280220120000
280220130000
280220140000
280220150000
280220160000
280220170000
280220180000
280220190000
280220200000
280220210000
280220220000
280220230000
280220240000
280220250000
280220260000
280220270000
280220280000
280220290000
280220300000
280220310000
280220320000
280220330000
280220340000
280220350000
280220360000
280220370000
280220380000
280220390000
280220400000
280220410000
280220420000
280220430000
280220440000
280220450000
280220460000
280220470000
280220480000
280220490000
280220500000
280220510000
280220520000
280230010000
280230020000
280230030000
280230040000
280230050000
280230060000
280230070000
280230080000
280230090000
280230100000
280230110000
280230120000
280230130000
280230140000
280230150000
280230160000
280230170000
280230180000
280230190000
280230200000
280230250000
280230280000
280230290000
280230300000
280230310000
280230320000
280230330000
280230340000
280230350000
280230360000
280230370000
280230380000
280230390000
280230400000
280230410000
280230420000
280230430000
280230440000
280230450000
280230460000
280230470000
280230480000
280230490000
280230500000
280230510000
280230520000
280230530000
280230540000
280230550000
280230560000
280230570000
280230580000
280230590000
280230600000
280230610000
280230620000
280230630000
280230640000
280230650000
280230660000
280230670000
280230680000
280230690000
280230700000
280230710000
280230720000
280230730000
280230740000
280230750000
280230760000
280230770000
280230780000
280230790000
280230800000
280230810000
280230820000
280230830000
280230840000
280230850000
280230860000
280230870000
280230880000
280230890000
280230900000
280230910000
280230920000
280230930000
280230940000
280230950000
280230960000
280230970000
280230980000
280230990000
280231000000
280231010000
280231020000
280231030000
280231040000
280231050000
280231060000
280231070000
280231080000
280231090000
280231100000
280231110000
280231120000
280231130000
280231140000
280231150000
280231160000
280231170000
280231180000
280231190000
280231200000
280231210000
280231220000
280231230000
280240010000
280240020000
280240030000
280240040000
280240050000
280240060000
280240070000
280240080000
280240090000
280240100000
280240110000
280240120000
280240130000
280240140000
280240150000
280240160000
280240170000
280240180000
280240190000
280240200000
280240210000
280240220000
280240230000
280240240000
280240250000
280240260000
280240270000
280240280000
280240290000
280240300000
280240310000
280240320000
280240330000
280240340000
280240350000
280240360000
280240370000
280240380000
280240390000
280240400000
280240410000
280240420000
280240430000
280240440000
280240450000
280240460000
280240470000
280240480000
280240490000
280240500000
280240510000
280240520000
280240530000
280240540000
280240550000
280240560000
280240600000
280250010000
280250020000
280250030000
280250040000
280250050000
280250060000
280250070000
280250080000
280250090000
280250100000
280250110000
280250120000
280250130000
280250140000
280250150000
280250160000
280250170000
280250180000
280250190000
280250200000
280250210000
280250220000
280250230000
280250240000
280250250000
280250260000
280250270000
280250280000
280250310000
280250320000
280250330000
290010010000
290010020000
290010030000
290010040000
290010050000
290010060000
290010070000
290010090000
290010100000
290010110000
290010120000
290010130000
290010140000
290010150000
290010160000
290010170000
290010190000
290010220000
290010230000
290010240000
290010250000
290010260000
290020010000
290020030000
290020040000
290020050000
290020060000
290020070000
290020080000
290020100000
290020110000
290020120000
290020130000
290020140000
290020150000
290020160000
290020170000
290020180000
290020190000
290020200000
290020210000
290020220000
290020230000
290020250000
290020260000
290020270000
290020280000
290020300000
290020310000
290020320000
290020330000
290020370000
290020380000
290020390000
290020440000
290020450000
290020460000
290020470000
290020490000
290020500000
290020510000
290020520000
290020530000
290020540000
290020550000
290020560000
290020570000
290020580000
290020590000
290020600000
290020610000
290020620000
290020630000
290020640000
290020650000
290020660000
290020670000
290020680000
290020690000
290020700000
290020710000
290020720000
290020730000
290020740000
290020750000
290020760000
290020770000
290020780000
290020790000
290020800000
290020810000
290020820000
290020830000
290020840000
290020860000
290020870000
290020880000
290020890000
290020900000
290020910000
290020920000
290020930000
290020940000
290028880000
290030010000
290030030000
290030040000
290030050000
290030060000
290030070000
290030080000
290030090000
290030100000
290030110000
290030120000
290030130000
290030140000
290030150000
290030160000
290030170000
290030180000
290030190000
290030200000
290030220000
290030230000
290030240000
290030250000
290030260000
290030270000
290030280000
290030290000
290030300000
290030310000
290030320000
290030330000
290030340000
290030350000
290030360000
290030390000
290030400000
290030410000
290030420000
290030430000
290030440000
290030450000
290030460000
290030470000
290030480000
290030490000
290030500000
290030510000
290030520000
290030530000
290030540000
290030550000
290030560000
290030570000
290030580000
290030590000
290030600000
290037770000
290040010000
290040020000
290040030000
290040040000
290040050000
290040060000
290040070000
290040080000
290040090000
290040100000
290040110000
290040120000
290040130000
290040140000
290040150000
290040160000
290040170000
290040180000
290040190000
290040200000
290040210000
290040220000
290040230000
290040240000
290040250000
290040260000
290040270000
290040280000
290040290000
290040300000
290040310000
290040320000
290040330000
290040340000
290040350000
290040360000
290040370000
290040380000
290040390000
290040400000
290040410000
290040420000
290040430000
290040440000
290040450000
290040460000
290040470000
290040480000
290040490000
290040500000
290040510000
290040520000
290040530000
290040540000
290040560000
290040570000
290040580000
290040590000
290040600000
290040610000
290040620000
290040630000
290040670000
290040680000
290040690000
290040700000
290040710000
290040720000
290040730000
290040740000
290040750000
290040760000
290040770000
290040780000
290040790000
290040800000
290040810000
290040820000
290040830000
290040840000
290040850000
290040860000
290040870000
290040880000
290040890000
290040900000
290040910000
290040920000
290040930000
290040940000
290040950000
290040960000
290040970000
290040980000
290040990000
290041000000
290041010000
290041020000
290041030000
290041040000
290041050000
290041060000
290041070000
290041080000
290041090000
290041100000
290041110000
290041120000
290041130000
290041140000
290041150000
290041160000
290041170000
290041180000
290041190000
290041200000
290041210000
290041220000
290041230000
290041240000
290041250000
290041260000
290041270000
290041280000
290041290000
290041300000
290041310000
290047770000
290050010000
290050020000
290050030000
290050050000
290060010000
290060020000
290060030000
290060040000
290060050000
290060060000
290060070000
290060080000
290060090000
290060100000
290060110000
290060120000
290060130000
290060140000
290060150000
290060160000
290060170000
290060180000
290060190000
290060200000
290060210000
290060220000
290060230000
290060240000
290060250000
290060260000
290060270000
290060280000
290060290000
290060300000
290060310000
310010010000
310010020000
310010030000
310010040000
310010050000
310010060000
310010080000
310010090000
310010100000
310010110000
310010120000
310010130000
310010140000
310010150000
310010160000
310010170000
310010190000
310010200000
310010210000
310010220000
310010230000
310010240000
310010250000
310010260000
310010270000
310010280000
310010290000
310010300000
310010310000
310010340000
310010370000
310010380000
310010390000
310010400000
310010420000
310010430000
310010440000
310010450000
310010460000
310010470000
310010480000
310010490000
310010500000
310010510000
310010520000
310010530000
310010540000
310010550000
310010560000
310010590000
310010610000
310010620000
310010630000
310010640000
310017770000
310020010000
310020030000
310020040000
310020050000
310020060000
310020070000
310020080000
310020090000
310020100000
310020110000
310020120000
310020130000
310020140000
310020150000
310020160000
310020170000
310020180000
310020190000
310020200000
310020210000
310020220000
310020230000
310020250000
310020260000
310020270000
310020280000
310020290000
310020300000
310020310000
310020320000
310020330000
310030010000
310030020000
310030030000
310030040000
310030050000
310030060000
310030070000
310030080000
310030090000
310030100000
310030110000
310030130000
310030140000
310030150000
310030160000
310030170000
310030180000
310030190000
310030200000
310030220000
310030230000
310030240000
310030250000
310030290000
310030300000
310030310000
310030320000
310030330000
310030340000
310030350000
310030360000
310030370000
310040010000
310040020000
310040030000
310040040000
310040050000
310040060000
310040070000
310040080000
310040090000
310040100000
310040110000
310040120000
310040130000
310040140000
310040150000
310040160000
310040170000
310040180000
310040190000
310040200000
310040210000
310040220000
310040230000
310040240000
310040250000
310040260000
310040270000
310040280000
310040290000
310040300000
310040310000
310040320000
310040330000
310040340000
310040350000
310040360000
310040370000
310040380000
320010010000
320010020000
320010030000
320010040000
320010050000
320010060000
320010070000
320010080000
320010100000
320010110000
320010120000
320010130000
320010140000
320010150000
320010170000
320010180000
320010190000
320010200000
320010210000
320010230000
320010240000
320010250000
320010260000
320010270000
320010280000
320010290000
320020010000
320020020000
320020030000
320020040000
320020050000
320020060000
320020070000
320020080000
320020090000
320020100000
320020110000
320020120000
320020130000
320020140000
320020150000
320020160000
320020170000
320020180000
320020190000
320020200000
320020210000
320020220000
320020230000
320020240000
320020250000
320020260000
320020270000
320020280000
320020290000
320020300000
320020320000
320020330000
320020340000
320020350000
320020360000
320020380000
320020390000
320020400000
320020410000
320020420000
320020430000
320020450000
320020460000
320020470000
320020480000
320020490000
320020500000
320020510000
320020530000
320020540000
320020550000
320020560000
320020570000
320020580000
320020590000
320020610000
320020620000
320020630000
320020640000
320020670000
320020680000
320020690000
320020710000
320020720000
320020760000
320020770000
320020780000
320020790000
320020800000
320020810000
320020820000
320020830000
320020840000
320020850000
320020860000
320020870000
320020880000
320020890000
320020900000
320020910000
320020920000
320020930000
320020940000
320020950000
320020960000
320020970000
320020980000
320020990000
320021000000
320021010000
320021020000
320021030000
320021040000
320021050000
320021060000
320021070000
320021080000
320021110000
320021120000
320021130000
320021140000
320021150000
320021160000
320021170000
320021180000
320021190000
320027770000
320030010000
320030020000
320030030000
320030050000
320030060000
320030070000
320030080000
320030090000
320030100000
320030110000
320030120000
320030130000
320030140000
320030150000
320030160000
320030170000
320030190000
320030200000
320030220000
320030230000
320030240000
320030250000
320030260000
320030270000
320030280000
320030300000
320030350000
320030360000
320030370000
320030380000
320030390000
320030400000
320030410000
320030420000
320030430000
320030440000
320030450000
320030460000
320030470000
320030480000
320030490000
320040010000
320040020000
320040030000
320040040000
320040050000
320040060000
320040080000
320040090000
320040120000
320040130000
320040140000
320040150000
320040160000
320040170000
320040180000
320040190000
320040200000
320040210000
320040220000
320040230000
320040240000
320040250000
320040260000
320040270000
320040280000
320040290000
320040300000
320040310000
320040320000
320040330000
320040340000
320040350000
320040360000
320040370000
320040380000
320040390000
320040400000
320040410000
320040420000
320040430000
320040440000
320040450000
320040460000
320040470000
320040480000
320040490000
320050010000
320050020000
320050030000
320050040000
320050060000
320050070000
320050080000
320050090000
320050100000
320050110000
320050120000
320050130000
320057770000
330010010000
330010020000
330010030000
330010040000
330010050000
330010060000
330010070000
340010010000
340010020000
340010030000
340010040000
340010050000
340010060000
340010070000
340010080000
340010090000
340010100000
340010110000
340010120000
340010130000
340010140000
340010150000
340010160000
340010170000
340010180000
340010190000
340010200000
340010210000
340010220000
340010230000
340020010000
340020020000
340020030000
340020040000
340020050000
340020060000
340020070000
340020080000
340020090000
340020100000
340020110000
340030010000
340030020000
340030030000
340030050000
340030060000
340030070000
340030080000
340030090000
340030110000
340030120000
340030130000
340030140000
340030160000
340030170000
340030210000
340030220000
340030230000
340030240000
340030250000
340030260000
340030310000
340030340000
340030350000
340030360000
340030370000
340030380000
340030390000
340030400000
340030430000
340030450000
340030520000
340030530000
340030540000
340030550000
340030560000
340030570000
340030580000
340030590000
340030600000
340030610000
340030620000
340030630000
340030640000
340030650000
340030660000
340030670000
340030680000
340040010000
340040030000
340040040000
340040050000
340040060000
340040070000
340040090000
340040110000
340040120000
340040150000
340040160000
340040180000
340040190000
340040200000
340040210000
340040220000
340040230000
340040240000
340040250000
340040260000
340040270000
340040280000
340040290000
340040300000
340040310000
340040320000
340040330000
340040340000
340040350000
340040360000
340040370000
340040380000
340040390000
340040400000
340040410000
340040420000
340040430000
350010010000
350010020000
350010030000
350010040000
350010050000
350010060000
350010070000
350010080000
350010090000
350010100000
350010110000
350010120000
350010130000
350010140000
350010150000
350010160000
350010170000
350010180000
350010190000
350010200000
350010210000
350010220000
350010230000
350010240000
350010250000
350010260000
350010270000
350010280000
350010290000
350010300000
350010310000
350010320000
350010330000
350010340000
350010350000
350010360000
350010370000
350010380000
350010390000
350010400000
350010410000
350010420000
350010430000
350010450000
350010460000
350010470000
350010480000
350010490000
350010500000
350010510000
350010520000
350010530000
350010540000
350010550000
350010560000
350010570000
350010580000
350010590000
350010600000
350010610000
350010620000
350010630000
350010640000
350010650000
350010670000
350010680000
350010690000
350010700000
350010720000
350010730000
350010740000
350010750000
350010760000
350010770000
350010780000
350010790000
350010800000
350010810000
350010820000
350010830000
350010840000
350010850000
350010860000
350010870000
350010880000
350010890000
350010900000
350010910000
350020010000
350020020000
350020030000
350020040000
350020050000
350020060000
350020070000
350020080000
350020090000
350020100000
350020110000
350020120000
350020130000
350020140000
350020150000
350020160000
350020170000
350020180000
350020190000
350020200000
350020210000
350020220000
350020230000
350020240000
350020250000
350020260000
350020270000
350020290000
350020300000
350020310000
350020320000
350020330000
350020350000
350020360000
350020380000
350020400000
350020410000
350030010000
350030020000
350030030000
350030040000
350030050000
350030060000
350030070000
350030080000
350030090000
350030100000
350030110000
350030120000
350030130000
350030140000
350030150000
350030160000
350030170000
350030180000
350030190000
350030200000
350030210000
350030220000
350030230000
350030240000
350030250000
350030260000
350030270000
350030320000
350030330000
350030340000
350030350000
350030370000
350030380000
350030390000
350030400000
350030410000
350030420000
350030430000
350030440000
350030450000
350030460000
350030470000
350030490000
350030550000
350030560000
350030570000
350030580000
350030590000
350030620000
350030630000
350030640000
350030650000
350030690000
350030700000
350030710000
350030720000
350030740000
350030750000
350030770000
350030820000
350030830000
350030840000
350030880000
350030890000
350030900000
350030910000
350040010000
350040030000
350040040000
350040050000
350040060000
350040070000
350040080000
350040090000
350040100000
350040110000
350040120000
350040130000
350040140000
350040150000
350040160000
350040170000
350040180000
350040190000
350040200000
350040210000
350040220000
350040230000
350040240000
350040250000
350040260000
350040280000
350040290000
350040300000
350040310000
350040320000
350040330000
350040340000
350040350000
350040360000
350040370000
350040380000
350040390000
350040400000
350040410000
350040420000
350040430000
350040440000
350040450000
350040460000
350040480000
350040490000
350040500000
350040510000
350040540000
350040550000
350040560000
350040570000
350040590000
350040600000
350040610000
350040620000
350040630000
350040640000
350040660000
350040670000
350040680000
350040690000
350040700000
350040710000
350040720000
350040730000
350040740000
350040750000
350040760000
350040770000
350040780000
350040790000
350040800000
350040810000
350040820000
350040830000
350040840000
350040850000
350040860000
350040870000
350040880000
350040920000
350040940000
350040950000
350040960000
350040970000
350040980000
350040990000
350041000000
350041010000
350050010000
350050020000
350050030000
350050040000
350050050000
350050060000
350050070000
350050080000
350050090000
350050100000
350050110000
350050120000
350050130000
350050140000
350050150000
350050160000
350050180000
350050190000
350050200000
350050210000
350050220000
350050230000
350050240000
350050250000
350050270000
350050290000
350050300000
350050310000
350050320000
350050330000
350050340000
350050360000
350050370000
350050380000
350050390000
350050400000
350050410000
350050420000
350050430000
350060010000
350060020000
350060030000
350060040000
350060050000
350060060000
350060070000
350060080000
350060090000
350060100000
350060110000
350060120000
350060130000
350060140000
350060150000
350060160000
350060170000
350060180000
350060190000
350060200000
350060210000
350060220000
350060230000
350060240000
350060250000
350060260000
350060270000
350060280000
350060290000
350060300000
350060310000
350060320000
350060330000
350060340000
350060350000
350060360000
350060370000
350060380000
350060390000
350060400000
350060410000
350060420000
350060430000
350060440000
350060450000
350060460000
350060470000
350060480000
350060490000
350070010000
350070020000
350070030000
350070040000
350070050000
350070060000
350070070000
350070080000
350070090000
350070100000
350070110000
350070120000
350070130000
350070140000
350070150000
350070160000
350070170000
350070180000
350070190000
350070200000
350070210000
350070220000
350070230000
350070240000
350070250000
350070260000
350070270000
350070280000
350070290000
350070300000
350070310000
350070320000
350070330000
350070350000
350080010000
350080020000
350080030000
350080040000
350080050000
350080060000
350080070000
350080080000
350080090000
350080100000
350080110000
350080120000
350080140000
350080150000
350080160000
350080170000
350080180000
350080190000
350080200000
350080210000
350080220000
350080230000
350080240000
350080250000
350080260000
350080270000
350080280000
350080290000
350090010000
350090020000
350090030000
350090040000
350090050000
350090060000
350090070000
350090080000
350090090000
350090100000
350090110000
350090120000
350090130000
350090140000
350090150000
350090160000
350090170000
350090180000
350090190000
350090200000
350090210000
350090220000
350090230000
350090240000
350090250000
350090260000
350090270000
350090280000
350090290000
350090300000
350090310000
350090320000
350090330000
350090340000
350100010000
350100020000
350100030000
350100040000
350100050000
350100060000
350100070000
350100080000
350107770000
360010010000
360010020000
360010030000
360010050000
360010060000
360010070000
360010080000
360010090000
360010100000
360010110000
360010120000
360010130000
360010150000
360010760000
360010770000
360010780000
360020010000
360020020000
360020040000
360020050000
360020060000
360020070000
360020080000
360020090000
360020100000
360020110000
360020120000
360020130000
360020140000
360020150000
360020160000
360020170000
360020180000
360020200000
360020230000
360020240000
360020250000
360020260000
360020270000
360020280000
360020300000
360020310000
360020320000
360020330000
360020340000
360020350000
360020360000
360020370000
360020380000
360020390000
360030010000
360030020000
360030030000
360030040000
360030050000
360030060000
360030070000
360030080000
360030090000
360030100000
360030110000
360030120000
360030130000
360030140000
360030150000
360030160000
360030170000
360030190000
360030200000
360030210000
360030220000
360030230000
360030240000
360030250000
360030260000
360030270000
360030280000
360030290000
360030300000
360030310000
360030320000
360030330000
360030340000
360030350000
360030370000
360030380000
360030390000
360040010000
360040020000
360040050000
360040060000
360040070000
360040080000
360040100000
360040110000
360040120000
360040150000
360040170000
360040180000
360040200000
360040210000
360040230000
360040270000
360040280000
360040300000
360040310000
360040320000
360040330000
360040340000
360040350000
360040360000
360040370000
360040380000
360040390000
360040400000
360040410000
360040420000
360040430000
360040440000
360040450000
360040460000
360040470000
360040480000
360050010000
360050020000
360050030000
360050040000
360050050000
360050060000
360050080000
360050100000
360050110000
360050130000
360050140000
360050150000
360050170000
360050180000
360050190000
360050200000
360050210000
360050220000
360050230000
360050240000
360050250000
360050260000
360050270000
360050290000
360050300000
360050330000
360050340000
360050360000
360050370000
360050380000
360050390000
360050400000
360050410000
360050420000
360050430000
360050440000
360050450000
360050460000
360050470000
360050480000
360050490000
360050500000
360050510000
360050520000
360050530000
360050540000
360050550000
360050560000
360050570000
360050590000
360050600000
360050610000
360050620000
360050630000
360050640000
360050650000
360050660000
360050670000
360050680000
360050690000
360050700000
360050720000
360050740000
360050760000
360050770000
360050780000
360050820000
360050850000
360050860000
360050870000
360050880000
360050890000
360050900000
360050920000
360050930000
360050960000
360050970000
360050980000
360050990000
360051000000
360051010000
360051020000
360051040000
360051050000
360051060000
360051070000
360051080000
360051090000
360051100000
360051110000
360051120000
360051130000
360051140000
360051150000
360051160000
360051170000
360051180000
360051190000
360051200000
360060010000
360060020000
360060030000
360060040000
360060050000
360060060000
360060070000
360060080000
360060090000
360060100000
360060110000
360060120000
360060130000
360060140000
360060160000
360060170000
360060180000
360060190000
360060200000
360060210000
360060220000
360060230000
360060240000
360060250000
360060260000
360060270000
360060280000
360060300000
360060310000
360060320000
360060330000
360060340000
360060350000
360060360000
360060370000
360060380000
360060390000
360060400000
360060410000
360060420000
360060430000
360060440000
360060450000
360060460000
360060470000
360060500000
360060510000
360060520000
360060530000
360060540000
360060550000
360060560000
360060570000
360060580000
360060590000
360060600000
360060610000
360060620000
360060630000
360060640000
360060650000
360060660000
360060700000
360060710000
360060720000
360060730000
360060770000
360060780000
360060790000
360060800000
360060810000
360060820000
360060830000
360060840000
360060850000
360060860000
360060890000
360060900000
360060910000
360060920000
360060930000
360060940000
360060950000
360060960000
360060970000
360070010000
360070020000
360070030000
360070040000
360070050000
360070060000
360070070000
360070080000
360070090000
360070100000
360070110000
360070120000
360070130000
360070140000
360070150000
360070160000
360070170000
360070180000
360070190000
360070200000
360070210000
360070220000
360070230000
360070240000
360070250000
360070260000
360070270000
360070280000
360080010000
360080020000
360080030000
360080040000
360080050000
360080060000
360080070000
360080080000
360080090000
360080100000
360080110000
360080120000
360080130000
360080140000
360080150000
360080160000
360080170000
360090010000
360090020000
360090030000
360090040000
360090050000
360090060000
360090070000
360090080000
360090090000
360090100000
360090110000
360090120000
360090130000
360090140000
360090150000
360090160000
360090170000
360090180000
360090190000
360090200000
360090210000
360090220000
360090230000
360090240000
360090250000
360090260000
360090270000
360090280000
360090290000
360090300000
360090310000
360090320000
360090330000
360090340000
360090350000
360090360000
360090370000
360090380000
360090390000
360090400000
360090410000
360090420000
360090430000
360090440000
360090450000
360090460000
360090470000
360090480000
360090490000
360100010000
360100020000
360100030000
360100040000
360100060000
360100070000
360100080000
360100090000
360100100000
360100110000
360100120000
360100130000
360100140000
360100150000
360100160000
360100170000
360100180000
360100190000
360100200000
360100210000
360100220000
360110010000
360110030000
360110040000
360110050000
360110060000
360110070000
360110080000
360110090000
360110100000
360110110000
360110120000
360110130000
360110140000
360110150000
360110160000
360110170000
360110180000
360110190000
360110200000
360110210000
360110220000
360110230000
360110240000
360110250000
360110260000
360110270000
360110280000
360110290000
360110300000
360110310000
360110320000
360110330000
360110340000
360110350000
360110360000
360110370000
360110380000
360110390000
360110400000
360110410000
360110420000
360110430000
360110440000
360110450000
360110460000
360110470000
360110480000
360110490000
360110500000
360110510000
360110520000
370010010000
370010020000
370010030000
370010040000
370010050000
370010060000
370010070000
370010080000
370010090000
370010100000
370010110000
370010120000
370010140000
370010150000
380010010000
380010020000
380010030000
380010040000
380010060000
380010070000
380010080000
380010090000
380010100000
380010110000
380010120000
380010130000
380010140000
380010150000
380010170000
380010180000
380010190000
380010200000
380010210000
380010220000
390010010000
390010020000
390010030000
390010040000
390010050000
390010060000
390010070000
390010090000
390010110000
390010130000
390010150000
390010170000
390010180000
390010230000
390010240000
390010250000
390010260000
390010270000
390010310000
390010320000
390010330000
390010340000
390010350000
390010370000
390010420000
390020010000
390020020000
390020030000
390020040000
390020050000
390020060000
390020070000
390020080000
390020090000
390020100000
390020110000
390020120000
390020130000
390020140000
390020150000
390030010000
390030020000
390030030000
390030040000
390030050000
390030060000
390030070000
390030080000
390030090000
390030100000
390030110000
390030120000
390030140000
390030150000
390030160000
390030170000
390030180000
390030190000
390030200000
390030210000
390030220000
390030240000
390030250000
390030260000
390030270000
390030280000
390030290000
390030300000
390030310000
390030320000
390030330000
390030340000
390030350000
390030360000
390040010000
390040020000
390040030000
390040040000
390040050000
390040060000
390040070000
390040080000
390040090000
390040100000
390040110000
390040120000
390040130000
390040140000
390040150000
390040160000
390040170000
390050010000
390050020000
390050030000
390050040000
390050050000
390050060000
390050070000
390050080000
390050090000
390050100000
390050110000
390050120000
390050130000
390050140000
390050150000
390050160000
390050170000
390050180000
390050190000
390060010000
390060020000
390060030000
390060040000
390060050000
390060060000
390060070000
390060080000
390060090000
390060100000
390060110000
390060120000
390060130000
390060140000
390060150000
390060160000
390060170000
390060180000
390060190000
390060200000
390060210000
390060220000
390060230000
390060240000
390060250000
390060260000
390060270000
390060280000
390060290000
390060300000
390060310000
390060320000
390060330000
390060340000
410010010000
410010020000
410010030000
410010040000
410010050000
410010060000
410010070000
410010080000
410010090000
410010100000
410010140000
410010150000
410010160000
410010170000
410020010000
410020040000
410020050000
410020060000
410020080000
410020090000
410020100000
410020110000
410030020000
410030030000
410030040000
410030050000
410030070000
410030080000
410030090000
410030100000
410030110000
410030120000
410030130000
410030140000
410030150000
410030170000
410030180000
410030190000
410030200000
410030220000
410030240000
410030260000
410030290000
410030320000
410030340000
410030350000
410030370000
410030380000
410030390000
410030420000
410030430000
410030540000
410030550000
410030560000
410030570000
410030580000
410030590000
410040010000
410040020000
410040030000
410040040000
410040050000
410040060000
410040070000
410040080000
410040090000
410040100000
410040110000
410040120000
410040130000
410040150000
410040160000
410040180000
410040210000
410040270000
410040280000
410040300000
410040310000
410040320000
410040330000
410040340000
410040350000
410040380000
410040400000
410040410000
410040420000
410040440000
410040450000
410040460000
410040470000
410040480000
410040490000
410040500000
410040510000
410040520000
410040530000
410040540000
410040550000
410040560000
410040570000
410040580000
410040590000
410040600000
410040610000
410040620000
410040630000
410040640000
410040650000
410050010000
410050020000
410060010000
410060020000
410060030000
410060040000
410060050000
410060060000
410060070000
410060080000
410060090000
420010020000
420010050000
420010060000
420010100000
420010120000
420010130000
420010150000
420010160000
420010210000
420010230000
420010270000
420010280000
420010290000
420010300000
420010310000
420020020000
420020030000
420020040000
420020050000
420020060000
420020070000
420020080000
420020130000
420020140000
420020150000
420020160000
420020170000
420020180000
420020190000
420020200000
420020210000
420030030000
420030040000
420030060000
420030070000
420030080000
420040010000
420040020000
420040030000
420040040000
420040050000
420040060000
420040070000
420040080000
420040090000
420040100000
420040110000
420040120000
420040130000
420040150000
420040160000
420040170000
420040180000
420040190000
420040200000
420040210000
420040220000
420040230000
420040240000
420040250000
420040270000
420040280000
420040290000
420040300000
420040310000
420040320000
420050010000
420050030000
420050040000
420050050000
420060010000
420060020000
420060030000
420060090000
420070010000
420070020000
420070030000
420080010000
420080020000
420080030000
420080040000
420080050000
420080060000
420080070000
420080080000
420080110000
420080130000
420080170000
420080180000
420080190000
420080200000
420080210000
420080220000
420080230000
420080240000
420080250000
420080260000
420080270000
420080280000
420080290000
420080300000
420080310000
420080320000
420080330000
420080340000
420080350000
420080360000
420080370000
420080380000
420080390000
420080400000
420080410000
420080420000
420080430000
420080440000
420080450000
420080460000
420080470000
420080480000
420080490000
420080500000
420080510000
420080520000
420090010000
420090020000
420090030000
420090040000
420090050000
420090060000
420090070000
420090080000
420090090000
420090100000
420090110000
420090120000
420090130000
420090140000
430010020000
430010030000
430010070000
430010080000
430010090000
430010100000
430010120000
430010140000
430010150000
430010160000
430010180000
430010190000
430010200000
430010210000
430010220000
430010230000
430010240000
430010250000
430010260000
430010270000
430010280000
430020010000
430020030000
430020040000
430020050000
430020060000
430020070000
430020080000
430020090000
430020100000
430020110000
430020120000
430020130000
430020140000
430020170000
430020180000
430020190000
430020200000
430020210000
430020220000
430020230000
430020240000
430020250000
430020260000
430020270000
430020280000
430020290000
430020300000
430020310000
430020320000
430020330000
430020340000
430020350000
430030010000
430030020000
430030030000
430030040000
430030050000
430030060000
430030070000
430030080000
430030090000
430030100000
430030110000
430030130000
430030150000
430030180000
430030210000
430030220000
430030240000
430030250000
430030310000
430030320000
430030330000
430030340000
430030350000
430030360000
430030370000
430030380000
430030390000
430040010000
430040020000
430040030000
430040040000
430040050000
430040060000
430040070000
430040080000
430040090000
430040110000
430040130000
430040140000
430040150000
430040160000
430040170000
430050020000
430050030000
430050050000
430050060000
430050070000
430050080000
430050090000
430050100000
430050110000
430050120000
430050130000
430050140000
430050150000
430050160000
430050170000
430050180000
430050190000
430050200000
430060010000
430060020000
430060030000
430060040000
430060050000
430060060000
430060070000
430060080000
430060090000
430060100000
430060110000
430060120000
430060130000
430060140000
430060150000
430060160000
430070010000
430070020000
430070040000
430070060000
430070070000
430070100000
430070120000
430070130000
430080010000
430080020000
430080030000
430090010000
430090020000
430090030000
430090040000
430090050000
430090060000
430090070000
430090080000
430090090000
430090100000
430090110000
430090120000
430090130000
430090140000
430090170000
430090210000
430090220000
430090240000
430090260000
430090270000
430090280000
430090290000
430090300000
430090310000
430090320000
430090340000
430090350000
430090360000
430090370000
430090380000
430090390000
430090400000
430090410000
430090420000
430090430000
430090440000
430090450000
430090460000
430090470000
430090480000
430090490000
430090500000
430090510000
430090520000
430090530000
430090540000
430090550000
430090560000
430090570000
430090580000
430090590000
430090600000
430090610000
430090620000
430090630000
430090640000
430100010000
430100020000
430100050000
430100070000
430100080000
430100090000
430110010000
430110020000
430110030000
430110040000
430110050000
430110060000
430110070000
430110080000
430110090000
430110100000
430110110000
430110120000
430110130000
430110140000
430110150000
430110170000
430110180000
430110190000
430110200000
430110210000
430110220000
430110230000
430110240000
430110250000
430110260000
430110270000
430110280000
430110290000
430110300000
430110310000
430110320000
430110330000
430110340000
430110350000
430110360000
430110370000
430110380000
430110390000
430110400000
430110410000
430110420000
430110430000
430110440000
430110450000
430110460000
430110470000
430110480000
430110490000
430110500000
430110510000
430110520000
430110530000
430110540000
430110550000
430110560000
430110570000
430110580000
430110590000
430110600000
430110610000
430110620000
430110630000
430110640000
430110650000
430110660000
430110670000
430110680000
430110690000
430110700000
430110710000
430110720000
430110730000
430120010000
430120020000
430120030000
430120040000
430120050000
430120060000
430120070000
430120080000
430120090000
430120110000
430120130000
430120140000
430120150000
430120160000
430120170000
430120180000
430120190000
430120200000
430120210000
430120220000
430120240000
430120250000
430120260000
430120270000
430120280000
430120290000
430120300000
430120310000
430120320000
430120330000
430120340000
430120350000
430120360000
430120370000
430120380000
430120390000
430120400000
430120410000
430120420000
430120430000
430130010000
430130020000
430130030000
430130060000
430130070000
430130080000
430130120000
430130130000
430130150000
430130170000
430130180000
430130190000
430130210000
430130220000
430130230000
430130240000
430130250000
430130260000
430130270000
430130280000
430130290000
430130300000
430130310000
430130320000
430130330000
430130340000
430130350000
430130360000
430130370000
430130380000
430130390000
430130400000
430130410000
430130430000
430130440000
430130450000
430130460000
430130470000
430140010000
430140020000
430140030000
430140040000
430140050000
430140060000
430140070000
430140080000
430140090000
430140100000
430140110000
430140120000
430140130000
430140140000
430140150000
430140160000
430140170000
430140180000
430140190000
430140200000
430140210000
430140220000
430140230000
430140240000
430140250000
430140260000
430140270000
430140280000
430150010000
430150020000
430150030000
430150040000
430150070000
430150080000
430150090000
430150100000
430150110000
430150120000
430150140000
430150150000
430150160000
430150170000
430150180000
430150190000
430150200000
430150210000
430150220000
430150230000
430150240000
430150250000
430150260000
430150270000
430150280000
430150290000
430150300000
430150310000
430150320000
430150330000
430150340000
430150350000
430150360000
430150370000
430160010000
430160020000
430160030000
430160040000
430160050000
430160060000
430160070000
430160080000
430160090000
430160100000
430160120000
430160130000
430160140000
430160150000
430160160000
430160170000
430160180000
430160190000
430160210000
430160220000
430160230000
430160240000
430160250000
430160260000
430160270000
430160280000
430160290000
430160300000
430170010000
430170020000
430170030000
430170040000
430170050000
430170060000
430170070000
430170080000
430170090000
430170100000
430170110000
430170120000
430170130000
430170140000
430170150000
430170160000
430170170000
430170180000
430170190000
430170200000
430170210000
430170220000
430170230000
430170240000
430170250000
430170260000
430170270000
430170280000
430180010000
430180020000
430180030000
430180040000
430180050000
430180060000
430180070000
430180080000
430180090000
430180100000
430180110000
430180120000
430180130000
430180140000
430180180000
430180190000
430180200000
430180210000
430180220000
430180230000
430180240000
430180250000
430180260000
430180270000
430180280000
430180290000
430180300000
430180310000
430180320000
430180330000
430180340000
430180350000
430180360000
430180370000
430180380000
430180390000
430180400000
430180410000
430180420000
430180430000
430180440000
430180450000
430180460000
430180470000
430180480000
430180490000
430180500000
430180510000
430180520000
430180530000
430180540000
430180550000
430180560000
430190010000
430190030000
430190040000
430190050000
430190060000
430190070000
430190080000
430190090000
430190100000
430190110000
430190120000
430190130000
430190140000
430190150000
430190160000
430190170000
430190180000
430190190000
430190200000
430190210000
430190220000
430190230000
430190240000
430190250000
430190260000
430190270000
430190280000
430190290000
430190300000
430190310000
430190320000
430190330000
430190340000
430190350000
430190360000
430190370000
430190380000
430190390000
430190400000
430190410000
430190420000
430190430000
430190440000
430190450000
430190460000
430190470000
430190480000
430190490000
430190500000
430190510000
430190520000
430190530000
430190540000
430190550000
430190560000
430190570000
430190580000
430190590000
430190600000
430190610000
430190620000
430190630000
430190640000
430190650000
430190660000
430190670000
430190680000
430190690000
430190700000
430190710000
430190720000
430190730000
430190740000
430190750000
430190760000
430190770000
430190780000
430190790000
430190800000
430190810000
430200010000
430200020000
430200030000
430200040000
430200050000
430200060000
430200070000
430200080000
430200090000
430200100000
430200110000
430200120000
440010010000
440010020000
440010030000
440010040000
440010070000
440010080000
440010090000
440010100000
440010110000
440010120000
440010130000
440010140000
440010150000
440010160000
440010170000
440010180000
440010190000
440010200000
440010210000
440010220000
440010230000
440010240000
440010250000
440010260000
440020010000
440020020000
440020030000
440020040000
440020050000
440020060000
440020070000
440030010000
440030020000
440030030000
440030040000
440030050000
440030060000
440030070000
440030080000
440030090000
440030100000
440030110000
440030120000
440030130000
440030140000
440030150000
440030160000
440030170000
440030190000
440030200000
440030210000
440030220000
440030230000
440030240000
440030250000
440030260000
440030270000
440030280000
440030290000
440030300000
440030310000
440030320000
440030330000
440030340000
440030350000
440030360000
440030370000
440030380000
440030390000
440030400000
440030410000
440030420000
440030430000
440030440000
440030460000
440030470000
440030480000
440030490000
440030500000
440030510000
440030520000
440030530000
440030540000
440030550000
440030560000
440030570000
440030580000
440030600000
440030610000
440030620000
440030630000
440030640000
440030650000
440030660000
440030670000
440030680000
440030690000
440030700000
440030710000
440030720000
440030730000
440030740000
440040010000
440040020000
440040030000
440040040000
440040050000
440040060000
440040070000
440040080000
440040090000
440040100000
440040110000
440040120000
440050010000
440050020000
440050030000
440050040000
440050050000
440050060000
440050070000
440050080000
440050090000
440050100000
440050110000
440050120000
440050130000
440050140000
440050150000
440050160000
440050170000
440050180000
440050190000
440050200000
440050210000
440050220000
440050230000
440060010000
440060020000
440060030000
440060040000
440060050000
440060070000
440060080000
440060090000
440060100000
440060110000
440060120000
440060130000
440060150000
440060170000
440060180000
440060190000
440060200000
440060210000
440060220000
440060230000
440060240000
440060250000
440060260000
440060270000
440060280000
440070010000
440070020000
440070030000
440070040000
440070050000
440070060000
440070070000
440070080000
440070090000
440070100000
440070110000
440070120000
440070130000
440070140000
440070150000
440070160000
440070170000
440070180000
440070190000
440070200000
440070210000
440070220000
440070230000
440070250000
440070260000
440070270000
440070280000
440070290000
440070300000
440080010000
440080020000
440080030000
440080040000
440080050000
440080060000
440080070000
440080080000
440080090000
440080100000
440080110000
440080120000
440080130000
440080140000
440080150000
440080160000
440080170000
440080180000
440080190000
440080200000
440080210000
440080220000
440080240000
440080260000
440080270000
440080280000
440080290000
440080300000
440080310000
440080320000
440080330000
440080340000
440080350000
440080360000
440080370000
440080380000
440080390000
440080400000
440080410000
440080420000
440080430000
440080440000
440080450000
440080460000
440080470000
440080480000
440080490000
440080500000
440080510000
440080520000
440080530000
440080540000
440080550000
440080560000
440080570000
440080590000
440080600000
440080610000
440080620000
440080630000
440080660000
440080670000
440080680000
440080690000
440080700000
440080710000
440080720000
440080730000
440080740000
440080750000
440080760000
440080780000
440080790000
440080810000
440080820000
440080830000
440080840000
440080850000
440080860000
440080870000
440080880000
440080890000
440080900000
440080910000
440080920000
440080930000
440080940000
440080950000
440080960000
440080970000
440080980000
440080990000
440081000000
440081010000
440081020000
440081030000
440081040000
440081050000
440081060000
440081070000
440081080000
440081090000
440081100000
440081110000
440081120000
440081130000
440081140000
440081150000
440081160000
440081170000
440081180000
440081190000
440081200000
440081210000
440081220000
440081230000
440081240000
440081250000
440081260000
440081270000
440081280000
440081290000
440081300000
440081310000
440081320000
440081330000
440081340000
440081350000
440081360000
440081370000
440081380000
440081390000
440081400000
440081410000
440081420000
440081430000
440081440000
440081450000
440081460000
440081470000
440081480000
440081490000
440081500000
440081510000
440081520000
440081530000
440090010000
440090020000
440090030000
440090040000
440090050000
440090060000
440090070000
440090080000
440090090000
440090100000
440090110000
440090120000
440090140000
440090150000
440090160000
440090170000
440090180000
440090190000
440090200000
440100010000
440100020000
440100040000
440100050000
440100070000
440100080000
440100090000
440100100000
440100110000
440100120000
440100130000
440100140000
440100150000
440100160000
440100170000
440100180000
440100190000
440100200000
440100210000
440100220000
440100230000
440110010000
440110020000
440110040000
440110050000
440110060000
440110070000
440110080000
440110090000
440110100000
440110110000
440110120000
440110130000
440110140000
440110150000
440110160000
440110170000
440110180000
440110190000
440110200000
440110210000
440110220000
440110230000
440110240000
440110250000
440110260000
440110270000
440110280000
440110290000
440110310000
440110320000
440110330000
440110340000
440110350000
440110370000
440110380000
440110390000
440110400000
440110420000
440110430000
440110440000
440110450000
440110460000
440110490000
440110500000
440110510000
440110520000
440110530000
440110540000
440110550000
440110560000
440110570000
440110580000
440110590000
440110610000
440110620000
440110630000
440110640000
440110650000
440110670000
440110680000
440110690000
440110700000
440110710000
440110720000
440110730000
440110740000
440110750000
440110760000
440110770000
440110780000
440110790000
440110800000
440110810000
440110820000
440110830000
440110840000
440110850000
440110860000
440110870000
440110880000
440110890000
440110900000
440110910000
440110920000
440110930000
440110940000
440110950000
440110960000
440110970000
440110980000
440110990000
440111000000
440111010000
440111020000
440111030000
440111040000
440111050000
440111060000
440111070000
440120020000
440120030000
440120040000
440120050000
440120060000
440120070000
440120080000
440120090000
440120110000
440120120000
440120130000
440120140000
440120180000
440120190000
440120210000
440120220000
440120230000
440120240000
440120250000
440120260000
440120270000
440120280000
440120290000
440120300000
440120310000
440120320000
440120330000
440120340000
440120350000
440120360000
440120370000
440120380000
440120390000
440120400000
440120410000
440120420000
440120430000
440120440000
440120450000
440120460000
440120470000
440120480000
440120490000
440120500000
440120510000
440130010000
440130020000
440130030000
440130040000
440130050000
440130060000
440130070000
440130080000
440130090000
440130100000
440130110000
440130120000
440130130000
440130140000
440130150000
440130160000
440130170000
440130180000
440130190000
440130200000
440130210000
440130220000
440130230000
440130240000
440130250000
440130260000
440130270000
440130280000
440130290000
440130300000
440130310000
440130320000
440130330000
440130340000
440130350000
440130360000
440130370000
440130380000
440130390000
440130400000
440130410000
440130420000
440130430000
440130440000
440130450000
440130460000
440130470000
440130480000
440130490000
440140010000
440140020000
440140040000
440140050000
440140090000
440140110000
440150010000
440150020000
440150030000
440150040000
440150050000
440150080000
440150090000
440150100000
440150110000
440150120000
440150130000
440150140000
440160010000
440160020000
440160030000
440160050000
440160060000
440160070000
440160090000
440160100000
440160110000
440160120000
440170010000
440170020000
440170030000
440170040000
440170050000
440170060000
440170070000
440170080000
440170090000
440170100000
440170110000
440170120000
440170130000
440170140000
440170150000
440170160000
440170170000
440170180000
440170190000
440170200000
440170210000
440170220000
440170230000
440170240000
440170250000
440170260000
440170270000
440170280000
440170290000
440170310000
440170320000
440170330000
440170340000
440170350000
440170360000
440170370000
440170380000
440170390000
440170400000
440170410000
440170420000
440170430000
440170440000
440170450000
440170460000
440170470000
440170480000
440170490000
440170500000
440170510000
440170520000
440170530000
440170540000
440170550000
440170560000
440170570000
440170580000
440170590000
440170600000
440170610000
440170620000
440170630000
440170640000
440170650000
440170660000
440170670000
440170680000
440170690000
440170700000
440170710000
440170720000
440170730000
440170740000
440170750000
440170760000
440170770000
440170780000
440170790000
440170800000
440170810000
440170820000
440170830000
440170840000
440170850000
440170860000
440170870000
440170880000
440170890000
440170900000
440170910000
440170920000
440170930000
440170940000
440170950000
440170960000
440170970000
440170980000
440170990000
440171000000
440171020000
440171030000
440171040000
440171050000
440171060000
440171070000
440171080000
440171090000
440171100000
440171110000
440171120000
440171130000
440171140000
440171150000
440171160000
440171170000
440171180000
440171190000
440171200000
440171210000
440171220000
440171230000
440171240000
440171250000
440171260000
440171270000
440171280000
440171290000
440171300000
440171310000
440171330000
440171340000
440171350000
440171360000
440171380000
440171390000
440171400000
440171410000
440171420000
440171430000
440171440000
440171450000
440171460000
440171470000
450010010000
450010020000
450010070000
450010080000
450010110000
450010120000
450010130000
450010160000
450010180000
450020010000
450020020000
450020040000
450020050000
450020060000
450020070000
450020080000
450020110000
450020120000
450020130000
450020150000
450020160000
450020180000
450020190000
450020210000
450020220000
450020240000
450020260000
450020280000
450020300000
450020350000
450020360000
450020440000
450020460000
450020470000
450020480000
450020490000
450020500000
450020510000
450020520000
450020530000
450020560000
450020570000
450020580000
450020590000
450020600000
450020610000
450020620000
450020630000
450020640000
450020650000
450020660000
450020670000
450020680000
450020690000
450020700000
450020710000
450020720000
450020730000
450020740000
450020750000
450020760000
450020770000
450020780000
450020790000
450020800000
450020810000
450020820000
450020840000
450030050000
450030060000
450030070000
450030080000
450030090000
450030100000
450030110000
450030120000
450030130000
450030140000
450030150000
450030160000
450030170000
450030180000
450030190000
450030200000
450030220000
450030230000
450030240000
450030390000
450030400000
450030410000
450030420000
450030430000
450030440000
450030450000
450030460000
450030470000
450030480000
450030490000
450030500000
450030510000
450030520000
450030530000
450030540000
450030550000
450030560000
450030600000
450030610000
450030620000
450030630000
450030640000
450030650000
450030660000
450030680000
450030690000
450030700000
450030710000
450030720000
450030730000
450030740000
450030750000
450030760000
450030770000
450030810000
450030820000
450030830000
450030840000
450030850000
450030860000
450030870000
450030880000
450030890000
450030900000
450030910000
450030920000
450030930000
450030940000
450030950000
450030960000
450030990000
450031120000
450031130000
450031140000
450031150000
450031160000
450031170000
450031180000
450031200000
450031210000
450031220000
450031230000
450031240000
450031250000
450031260000
450031270000
450031280000
450031290000
450031300000
450031310000
450031320000
450031330000
450040010000
450040020000
450040030000
450040040000
450040050000
450040060000
450040070000
450040080000
450040090000
450040100000
450040110000
450040120000
450040130000
450040140000
450040150000
450040160000
450040170000
450040180000
450040190000
450040200000
450040210000
450040220000
450040230000
450040240000
450040250000
450040260000
450040270000
450040280000
450040290000
450040300000
450040310000
450040320000
450040330000
450040340000
450040350000
450040360000
450040370000
450040380000
450040400000
450040410000
450040420000
450040440000
450040450000
450040460000
450040480000
450040490000
450040500000
450040520000
450040530000
450040540000
450040550000
450040560000
450040570000
450040580000
450040590000
450040600000
450040610000
450040620000
450040630000
450040640000
450040650000
450040660000
450040670000
450040680000
450040690000
450040700000
450040710000
450040720000
450040730000
450040740000
450040750000
450040760000
450040770000
450040780000
450040790000
450040800000
450040810000
450040820000
450040830000
450040840000
450040850000
450040860000
450040880000
450040890000
450040900000
450040910000
450040920000
450040930000
450040940000
450040950000
450040960000
450040980000
450040990000
450041000000
450041010000
450041020000
450041030000
450041040000
450041050000
450041060000
450041070000
450041090000
450041100000
450041110000
450041120000
450041130000
450041140000
450041150000
450041160000
450041170000
450041180000
450041190000
450041200000
450041210000
450041220000
450041230000
450041240000
450041250000
450041260000
450041270000
450041280000
450041290000
450041300000
450041310000
450041320000
450041330000
450041340000
450041350000
450041360000
450041370000
450041380000
450041390000
450041400000
450041410000
450041420000
450041430000
450041440000
450041450000
450041460000
450041470000
450041480000
450050010000
450050020000
450050050000
450050060000
450050070000
450050080000
450050090000
450050100000
450050120000
450050140000
450050160000
450050170000
450050180000
450050190000
450050200000
450050210000
450050220000
450050230000
450060010000
450060020000
450060030000
450060040000
450060050000
450060060000
450060070000
450060080000
450060090000
450060100000
450060110000
450060120000
450060130000
450060140000
450060150000
450060160000
450060170000
450060180000
450060190000
450060200000
450060220000
450060230000
450060250000
450060260000
450060270000
450060280000
450060290000
450060360000
450060370000
450060380000
450060390000
450060400000
450060410000
450060420000
450060430000
450060440000
450060450000
450060460000
450060470000
450060480000
450060490000
450060500000
450060530000
450060540000
450060550000
450060560000
450060570000
450060580000
450060590000
450060600000
450060610000
450060620000
450060630000
450060640000
450060650000
450060660000
450060670000
450060680000
450060690000
450060700000
450060710000
450060720000
450060730000
450060740000
450060750000
450060760000
450060770000
450060780000
450060790000
450060800000
450060810000
450060820000
450060830000
450060840000
450070020000
450070030000
450070040000
450070050000
450070060000
450070070000
450070080000
450070090000
450070100000
450070110000
450070120000
450070130000
450070140000
450070150000
450070160000
450070170000
450070180000
450070190000
450070320000
450070340000
450070350000
450070360000
450070370000
450080080000
450080090000
450080100000
450080110000
450080120000
450080130000
450080140000
450080150000
450080160000
450080170000
450080180000
450080190000
450080220000
450080280000
450080290000
450080300000
450090010000
450090020000
450090030000
450090040000
450090050000
450090060000
450090070000
450090080000
450090090000
450090100000
450090110000
450090120000
450090130000
450090150000
450090160000
450090170000
450090190000
450090200000
450100010000
450100020000
450100030000
450100040000
450100050000
450100060000
450100070000
450100090000
450100100000
450100110000
450100120000
450100130000
450100140000
450100150000
450100160000
450100170000
450100210000
450100220000
450100230000
450100250000
450100260000
450100280000
450100290000
450100300000
450100310000
450100760000
450100780000
450100790000
450100800000
450100810000
450100820000
450100830000
450100840000
450100850000
450100880000
450100890000
450100900000
450100910000
450100920000
450100930000
450100940000
450100950000
450100960000
450100970000
450100980000
450100990000
450101000000
450101010000
450101020000
450101030000
450101040000
450101050000
450101060000
450101070000
450101080000
450101090000
450101100000
450101110000
450101120000
450101130000
450101140000
450101150000
450101160000
450101170000
450101190000
450101200000
450101210000
450101220000
450101230000
450101240000
450101250000
450101260000
450101270000
450101280000
450101290000
450101300000
450101310000
450101330000
450101360000
450110010000
450110020000
450110030000
450110040000
450110050000
450110060000
450110070000
450110080000
450110090000
450110100000
450110110000
450110120000
450110130000
450110140000
450110150000
450110160000
450110170000
450110180000
450110190000
450110200000
450110210000
450110220000
450110230000
450110240000
450110250000
450110260000
450110270000
450110280000
450110290000
450110300000
450110310000
450110320000
450110340000
450110350000
450110360000
450120010000
450120020000
450120100000
450120110000
450120130000
450120150000
450120160000
450120180000
450120190000
450120200000
450120210000
450120250000
450120270000
450120290000
450120310000
450120320000
450120330000
450120340000
450120360000
450120370000
450120380000
450120390000
450120410000
450120420000
450120430000
450120440000
450120450000
450120460000
450120470000
450130010000
450130020000
450130030000
450130040000
450130050000
450130060000
450130070000
450130080000
450130090000
450130100000
450130110000
450130120000
450130130000
450130140000
450130150000
450130160000
450130170000
450130180000
450130190000
450130200000
450130210000
450130220000
450130230000
450130240000
450130250000
450130260000
450130270000
450140010000
450140020000
450140030000
450140040000
450140050000
450140060000
450140070000
450140100000
450140110000
450140120000
450140130000
450140140000
450140150000
450140160000
450140170000
450140180000
450140190000
450140200000
450140260000
450140270000
450140280000
450140290000
450150010000
450150020000
450150040000
450150060000
450150100000
450150110000
450150120000
450150130000
450150140000
450150150000
450150160000
450150170000
450150180000
450150190000
450150200000
450150210000
450150220000
450150230000
450150240000
450150250000
450150260000
450150270000
450150280000
450150290000
450150300000
450150310000
450150320000
450150330000
450150340000
450150350000
450150360000
450150370000
450150380000
450150390000
450150400000
450150410000
450150420000
450160010000
450160020000
450160030000
450160040000
450160050000
450160060000
450160090000
450160100000
450160110000
450160120000
450160130000
450160140000
450160150000
450160160000
450160170000
450160180000
450160190000
450160200000
450160210000
450160220000
450160230000
450160240000
450160250000
450160260000
450160280000
450160290000
450160300000
450160310000
450160320000
450160330000
450160340000
450160350000
450160360000
450160370000
450160380000
450160400000
450160410000
450160420000
450160430000
450160440000
450160450000
450160460000
450160470000
450160490000
450160500000
450160510000
450160520000
450160530000
450160540000
450160550000
450160560000
450160570000
450160580000
450160590000
450160600000
450160610000
450160620000
450170010000
450170020000
450170030000
450170040000
450170050000
450170060000
450170070000
450170080000
450170090000
450170110000
450170130000
450170150000
450170160000
450170170000
450170180000
450170190000
450170200000
450170220000
450170230000
450170240000
450170250000
450170260000
450170270000
450170280000
450170290000
450170300000
450170310000
450170320000
450170330000
450170340000
450170350000
450170360000
450170370000
450170380000
450170390000
450170400000
450170410000
450170420000
450170430000
450170440000
450170450000
450170460000
450170470000
450170480000
450170490000
450170500000
450170510000
450170520000
450170530000
450170540000
450170550000
450170570000
450170580000
450170590000
450170600000
450170610000
450170620000
450170630000
450170650000
450170660000
450170670000
450170680000
450170690000
450170700000
450170710000
450180030000
450180050000
450180060000
450180080000
450180090000
450180110000
450180120000
450180130000
450180140000
450180160000
450180170000
450180180000
450180190000
450180200000
450180220000
450180230000
450180240000
450180250000
450180260000
450180270000
450180280000
450180290000
450180300000
450180310000
450180320000
450180330000
450180340000
450180350000
450180360000
450180370000
450180380000
450180390000
450180400000
450180410000
450180420000
450180430000
450180440000
450180450000
450180460000
450180470000
450180480000
450180490000
450180500000
450180510000
450180520000
450180530000
450180540000
450180550000
450180560000
450180570000
450180580000
450190020000
450190030000
450190040000
450190050000
450190060000
450190070000
450190080000
450190090000
450190100000
450190110000
450190130000
450190140000
450190150000
450190160000
450190170000
450190180000
450190190000
450190200000
450200010000
450200020000
450200030000
450200040000
450200050000
450200060000
450200070000
450200080000
450200090000
450200100000
450200110000
450200120000
450200130000
450200140000
450200150000
450200160000
450200170000
450200180000
450200190000
450200200000
450200210000
450200220000
450200230000
450200240000
450200250000
450200270000
450200280000
450200290000
450200300000
450200310000
450200320000
450200330000
450200340000
450200350000
450200360000
450200370000
450200380000
450200390000
450200400000
450200410000
450200420000
450200440000
450200450000
450200460000
450200470000
450200480000
450200490000
450200500000
450200510000
450200520000
450200530000
450200540000
450200550000
450200560000
450200570000
450200580000
450200590000
450200600000
450200610000
450200620000
450200630000
450200640000
450200650000
450200660000
450210010000
450210020000
450210030000
450210050000
450210060000
450210080000
450210100000
450210110000
450210120000
450210130000
450210140000
450210150000
450210160000
450210170000
450210180000
450210190000
450210200000
450210210000
450210220000
450210230000
450210240000
450210250000
450210260000
450210270000
450210280000
450210290000
450210300000
450210310000
450210320000
450210330000
450210340000
450210350000
450210360000
450210370000
450210380000
450210390000
450210400000
450210410000
450210420000
450210430000
450210440000
450210450000
450210460000
450210470000
450210480000
450210490000
450210500000
450210510000
450210520000
450210530000
450210540000
450210550000
450210560000
450210570000
450210580000
450210590000
450210600000
450210610000
450210620000
450210630000
450220010000
450220020000
450220030000
450220040000
450220050000
450220060000
450220070000
450220080000
450220090000
450220100000
450220110000
450220120000
450220130000
450220140000
450220150000
450220160000
450220170000
450220180000
450230010000
450230020000
450230030000
450230040000
450230050000
450230060000
450230070000
450230080000
450230090000
450230100000
450230110000
450230120000
450230130000
450230140000
450230150000
450230160000
450230170000
450230180000
450230190000
450230200000
450230210000
450230220000
450230230000
450230240000
450230250000
450230260000
450230270000
450230280000
450230290000
450230300000
450230310000
450230320000
450230330000
450230340000
450230350000
450230360000
450230370000
450230390000
450230400000
450230410000
450230420000
450230430000
450230440000
450230450000
450230460000
450230470000
450230480000
450230490000
450230500000
450230510000
450230520000
450230530000
450230540000
450230550000
450230560000
450230570000
450230580000
450230590000
450230600000
450230610000
450230620000
450230630000
450230640000
450230650000
450230660000
450230670000
450230680000
450230690000
450230700000
450230710000
450240010000
450240020000
450240030000
450240040000
450240050000
450240060000
450240070000
450240080000
450240090000
450240100000
460010040000
460010060000
460010070000
460010080000
460010090000
460010100000
460010110000
460010120000
460010130000
460010140000
460010180000
460010190000
460010210000
460010220000
460010240000
460010250000
460010260000
460010270000
460010280000
460010290000
460010300000
460010310000
460010320000
460020010000
460020020000
460020030000
460020040000
460020070000
460020080000
460030010000
460030020000
460030030000
460030040000
460030070000
460030100000
460030120000
460030130000
460030150000
460030160000
460030170000
460030180000
460030190000
460030200000
460030210000
460040010000
460040020000
460040030000
460040040000
460040050000
460040060000
460040070000
460040080000
460050010000
460050080000
460050100000
460050110000
460050120000
460050130000
460050150000
460050160000
460050170000
460050180000
460050190000
460050200000
460050210000
460050220000
460050230000
460050240000
460050250000
460050260000
460050270000
460050280000
460050290000
460050300000
460050310000
460050320000
460050330000
460050340000
460050350000
460050360000
460050370000
460060010000
460060020000
460060030000
460060040000
460060050000
460060060000
460060070000
460060080000
460060090000
460060100000
460060110000
460060120000
460060130000
460060150000
460060160000
460060170000
460060180000
460060190000
460070010000
460070020000
460070040000
460070050000
460070060000
460070070000
460070080000
460070090000
460070100000
460070110000
460070120000
460070130000
460070140000
460070150000
460070170000
460070180000
460070190000
460070200000
460070210000
460070220000
460070230000
460070240000
460070250000
460070260000
460070270000
460070280000
460070290000
460070300000
460070310000
460070320000
460070330000
460070340000
460070360000
460070370000
460070380000
460070390000
460070400000
460070410000
460070420000
460070430000
460070440000
460070450000
460070460000
460070470000
460070480000
460070490000
460070500000
460070510000
460070520000
460070530000
460070540000
460070550000
460070560000
460070570000
460070580000
460070590000
460070600000
460070610000
460070620000
460070630000
460070640000
460070650000
460070660000
460070670000
460070680000
460070690000
460070700000
460070710000
460070720000
460070730000
460070740000
460070750000
460070760000
460070770000
460070780000
460070790000
460070800000
460070810000
460070820000
460070830000
460070840000
460070850000
460070860000
460070870000
460070880000
460070890000
460070900000
460070910000
460070920000
460070930000
460070940000
460070960000
460070980000
460070990000
460071000000
460071010000
460071020000
460071030000
460080010000
460080020000
460080030000
460080040000
460080060000
460080070000
460080080000
460080090000
460080100000
460080110000
460080120000
460080130000
460080140000
460080150000
460080160000
460080170000
460080180000
460080190000
460080200000
460080220000
460080230000
460080240000
460080250000
460080260000
460080270000
460080280000
460080290000
460080300000
460080310000
460080320000
460080330000
460080340000
460080350000
460080360000
460080370000
460080380000
460080390000
460080400000
460080410000
460080420000
460080430000
460080440000
460080450000
460080460000
460080470000
460080480000
460080490000
460080510000
460080520000
460080530000
460080540000
460080550000
460080560000
460080570000
460080580000
460080590000
460080600000
460080610000
460080620000
460080630000
460080640000
460080650000
460080660000
460080670000
460080680000
460080690000
460080700000
460080710000
460080720000
460080730000
460080740000
460080750000
460080760000
460080770000
460080780000
460080790000
460080800000
460080810000
460080820000
460080830000
460080840000
460080850000
460080860000
460090010000
460090020000
460090030000
460090040000
460090050000
460090060000
460090070000
460090080000
460090090000
460090100000
460090110000
460090120000
460090130000
460090140000
460090150000
460090160000
460090170000
460090180000
460090190000
460090200000
460090210000
460090220000
460090230000
460090240000
460090260000
460090270000
460090280000
460090290000
460090300000
460090310000
460090320000
460090330000
460090340000
460090350000
460090360000
460090370000
460090390000
460090400000
460090410000
460090430000
460090440000
460090450000
460090460000
460090470000
460090480000
460090490000
460090500000
460090510000
460090520000
460090530000
460090540000
460090550000
460090560000
460090570000
460090580000
460090590000
460090600000
460090610000
460090620000
460090630000
460090640000
460090650000
460090660000
460090670000
460090680000
460090690000
460090700000
460090710000
460090720000
460090730000
460090740000
460090750000
460090760000
460090770000
460090780000
460090790000
460090800000
460090810000
460090820000
460090830000
460090840000
460090850000
460090860000
460090870000
460090880000
460090890000
460090900000
460090910000
460090920000
460090930000
460090940000
460090950000
460090960000
460090970000
460090980000
460090990000
460091000000
460091010000
460091020000
460091030000
460091040000
460091050000
460100010000
460100020000
460100030000
460100040000
460100050000
460100060000
460100070000
460100080000
460100090000
460100100000
460100110000
460100120000
460100130000
460100140000
460100150000
460100160000
460100170000
460100180000
460100190000
460100200000
460100210000
460100220000
460100230000
460100240000
460100250000
460100260000
460100270000
460100280000
460100290000
460100300000
460100310000
460100320000
460100330000
460100340000
460100350000
460100360000
460100370000
460100380000
460100390000
460100400000
460100410000
460100420000
460100430000
460110040000
460110050000
460110060000
460110070000
460110090000
460110100000
460110380000
460110390000
460110400000
460110410000
460110430000
460110440000
460110450000
460110460000
460110480000
460110490000
460110500000
460110510000
460110520000
460110530000
460120010000
460120020000
460120030000
460120040000
460120050000
460120060000
460120070000
460120080000
460120090000
460120100000
460120110000
460120120000
460120130000
460120140000
460120150000
460120160000
460120170000
460120180000
460120190000
460120200000
460120210000
460120220000
460120230000
460120240000
460120250000
460130010000
460130020000
460130030000
460130040000
460130050000
460130060000
460130070000
460130080000
460130090000
460130100000
460130110000
460130120000
460130130000
460130140000
460130150000
460130160000
460130170000
460130180000
460130190000
460130200000
460130210000
460130220000
460130230000
460130240000
460130250000
460130260000
460130270000
460130280000
460130290000
460130300000
460130310000
460130320000
460130330000
460130340000
460130350000
460130360000
460130370000
460130380000
460130390000
460130400000
460130410000
460130420000
460130430000
460130440000
460130450000
460130460000
460130470000
460130480000
460130490000
460130500000
460130510000
460130520000
470010010000
470010020000
470010040000
470010050000
470010100000
470010110000
470010130000
470010140000
470010150000
470010160000
470010170000
470010180000
470010200000
470010220000
470010230000
470010240000
470010250000
470010260000
470010270000
470010280000
470010290000
470010300000
470010310000
470010320000
470020020000
470020030000
470020060000
470020070000
470020090000
470020100000
470020130000
470020140000
470020150000
470020160000
470020170000
470020180000
470020190000
470020200000
470020210000
470020220000
470020230000
470020260000
470020270000
470020280000
470020290000
470020310000
470020320000
470020330000
470020340000
470020350000
470020360000
470020370000
470020380000
470020390000
470020400000
470020410000
470020420000
470020430000
470020440000
470030010000
470030070000
470030080000
470030100000
470030150000
470030160000
470030170000
470030180000
470030230000
470030240000
470040010000
470040020000
470040050000
470040080000
470040090000
470040100000
470040110000
470040120000
470050010000
470050020000
470050030000
470060010000
470060020000
470060030000
470060050000
470060060000
470060070000
470060080000
470060090000
470060100000
470060110000
470060120000
470060130000
470060140000
470060150000
470060160000
470060170000
470060180000
470060190000
470060200000
470070010000
470070020000
470070030000
470070040000
470070050000
470070060000
470070070000
470070080000
470070090000
470070100000
470070110000
470070120000
470070140000
470070150000
470070160000
470070170000
470070180000
470070190000
470070200000
470070210000
470070220000
470070230000
470070240000
470070250000
470070260000
470070270000
470070280000
470070290000
470070300000
470070310000
470070320000
470070330000
470070340000
470070350000
470070360000
470070370000
470070380000
470070390000
470070400000
470070410000
470070420000
470070430000
470070440000
470070450000
470070460000
470070470000
470070480000
470070490000
470070500000
470070510000
470070520000
470070530000
470070540000
470070550000
470070560000
470070570000
470070580000
470070590000
470070600000
470070610000
470070620000
470070630000
470070640000
470070650000
470070660000
470070670000
470070680000
470070690000
470070700000
470070710000
470070720000
470070730000
470070740000
470070750000
470070760000
470070770000
470070780000
470070790000
470070800000
470070810000
470070820000
470070830000
470070840000
470070850000
470070860000
470070870000
470070880000
470070890000
470070900000
470070910000
470070920000
470070930000
470070940000
470070950000
470070960000
470070970000
470070980000
470070990000
470071000000
470071010000
470071020000
470071030000
470071040000
470071050000
470071060000
470071070000
470071080000
470071090000
470071100000
470071110000
470071120000
470071130000
470071140000
470071150000
470071160000
470080010000
470080020000
470080030000
470080040000
470080050000
470080060000
470080070000
470080080000
470080090000
470080100000
470080110000
470080120000
470080130000
470080140000
470080150000
470080160000
470080170000
470080180000
470080190000
470080200000
470080210000
470080220000
470090010000
470090020000
470090030000
470090040000
470090050000
470090060000
470090070000
470090080000
470090090000
470090100000
470090110000
470090120000
470090130000
470090140000
470090150000
470090160000
470090170000
480010010000
480010020000
480010040000
480010050000
480010060000
480010080000
480010090000
480010100000
480020010000
480020020000
480020030000
480020040000
480020050000
480020060000
480030010000
480030020000
480030030000
480030040000
480030050000
480030060000
480030070000
480030080000
480030090000
480030100000
480030110000
480030120000
480030130000
480030140000
480040010000
480040020000
480040030000
480040050000
480040060000
480040120000
480040130000
480040140000
480040150000
480040160000
480040170000
480040180000
480040190000
480040200000
480040210000
480040230000
480040240000
480040250000
480040260000
480040270000
480040280000
480040290000
480040300000
480040310000
480040330000
480040350000
480040360000
480050010000
480050020000
480050030000
480050040000
480050050000
480050060000
480060010000
480060020000
480060030000
480060070000
480060080000
480060090000
480060100000
480060110000
480060120000
480060130000
480060140000
480060150000
480060160000
480060170000
480060180000
480060190000
480060200000
480060210000
480060220000
480060230000
480060240000
480060250000
480060260000
480060270000
480060280000
480060290000
480060300000
480060310000
480060320000
480060330000
480060340000
480060350000
480060360000
480060370000
480060380000
480060390000
480060410000
480060420000
480060430000
480060440000
480060450000
480060460000
480060470000
480060480000
480060490000
480060500000
480060520000
480060530000
480060550000
480060560000
480060570000
480060580000
480060590000
480060600000
480060610000
480060620000
480060630000
480060640000
480060650000
480060660000
480060670000
480060680000
480060690000
480070010000
480070020000
480070030000
480070040000
480070050000
480070060000
480070070000
480070080000
480070090000
480070100000
480070110000
480070120000
480070130000
480070140000
480070150000
480070160000
480070170000
480070180000
480070200000
480070210000
480070220000
480070230000
480070240000
480070250000
480070260000
480070280000
480070290000
480070300000
480070310000
480070320000
480080010000
480080020000
480080040000
480080050000
480080060000
480080070000
480080080000
480080090000
480080100000
480080110000
480080120000
480080130000
480080140000
480080150000
480080160000
480080170000
480080180000
480080190000
480080200000
480080210000
480080220000
480080230000
480080240000
480080250000
480080260000
480080270000
480080280000
480080290000
480080300000
480080310000
480080320000
480090010000
480090020000
480090030000
480090040000
480090050000
480090060000
480090070000
480090080000
480090090000
480090100000
480090110000
480090120000
480090130000
480090140000
480090150000
480090160000
480090170000
480090180000
480090190000
480090200000
480090210000
480090220000
490010010000
490010020000
490010030000
490010040000
490010050000
490010060000
490010070000
490020010000
490020020000
490020030000
490020040000
490020050000
490020060000
490020070000
490020080000
490020090000
490020100000
490020110000
490020120000
490020130000
490020140000
490020150000
490020160000
490020170000
490020180000
490020190000
490020200000
490020210000
490020220000
490020230000
490020240000
490020250000
490020260000
490020270000
490030010000
490030020000
490030030000
490030040000
490030050000
490030060000
490030070000
490030080000
490030090000
490030100000
490030110000
490030120000
490040010000
490040020000
490040030000
490040040000
490040050000
490040060000
490040070000
490040080000
490040090000
490040100000
490040110000
490040120000
490040130000
490040140000
490040150000
490040160000
490040170000
490040180000
490040190000
490040200000
490040210000
490040220000
490040230000
490040240000
490040250000
490040260000
490040270000
490048880000
490050010000
490050020000
490050030000
490050040000
490050050000
490050060000
490050070000
490050080000
490050090000
490050100000
490050110000
490050120000
490050130000
490050140000
490050150000
490050160000
490050170000
490050180000
490050190000
490050200000
490050210000
490050220000
490050230000
490050240000
490050250000
490050260000
490050270000
490050280000
490050290000
490050300000
490050310000
490050320000
490050330000
490050340000
490050350000
490050360000
490050370000
490050380000
490050390000
490050400000
490050410000
490050420000
490060010000
490060020000
490060030000
490060040000
490060050000
490060060000
490060070000
490060080000
490060090000
490060100000
490060110000
490060120000
490060130000
490060140000
490060150000
490060160000
490060170000
490060180000
490060190000
490060200000
490060210000
490060220000
490060230000
490060240000
490060250000
490060260000
490060270000
490060280000
490060290000
490060300000
490060310000
490060320000
490060330000
490060340000
490060350000
490060360000
490060370000
490060380000
490060390000
490060400000
490060410000
490060420000
490060430000
490060440000
490060450000
490060460000
490060470000
490060480000
490060490000
490060500000
490060510000
490060520000
490060530000
490060540000
490060550000
490060560000
490060570000
490060580000
490060590000
490060600000
490060610000
490060620000
490060630000
490060640000
490060650000
490070010000
490070020000
490070030000
490070040000
490070050000
490070060000
490070070000
490070080000
490070090000
490070100000
490070110000
490070120000
490070130000
490070140000
490070150000
490070160000
490070170000
490070180000
490070190000
490070200000
490070210000
490070220000
490070230000
490070240000
490070250000
490070260000
490070270000
490070280000
490070290000
490070300000
490070310000
490080010000
490080020000
490080030000
490080040000
490080050000
490080060000
490080070000
490080080000
490080090000
490080100000
490080110000
490080120000
490080130000
490080140000
490080150000
490080160000
490080170000
490080180000
490080190000
490080200000
490080210000
490080220000
490080230000
490080240000
490080250000
490080260000
490080270000
490080280000
490080290000
490080300000
490080310000
490080320000
490080330000
490080340000
490080350000
490080360000
490080370000
490080380000
490080390000
490080400000
490080420000
490080430000
490080440000
490080450000
490080460000
490080470000
490080480000
490080490000
490080500000
490080510000
490080520000
490080530000
490080540000
490090010000
490090020000
490090030000
490090040000
490090050000
490090060000
490090070000
490090080000
490090090000
490090100000
490090110000
490090120000
490090130000
490090140000
490090150000
490090160000
490090170000
490090180000
490090190000
490090200000
490090210000
490090220000
490090230000
490090240000
490090250000
490090260000
490090270000
490090280000
490090290000
490090300000
490090310000
490090320000
490090330000
490100010000
490100020000
490100030000
490100040000
490100050000
490100060000
490100070000
490100080000
490100090000
490100100000
490100110000
490100120000
490100130000
490100140000
490100150000
490100160000
490100170000
490100180000
490100190000
490100200000
490100210000
490100220000
490100230000
490100240000
490100250000
490100260000
490100270000
490100280000
490100290000
490100300000
490100310000
490100320000
490100330000
490100340000
490100350000
490100360000
490100370000
490100380000
490100390000
490100400000
490100410000
490100420000
490100430000
490100440000
490100450000
490100460000
490100470000
490100480000
490100490000
490100500000
490100510000
490100520000
490100530000
490100540000
490100550000
490100560000
490110010000
490110020000
490110030000
490110040000
490110050000
490110060000
490110070000
490110080000
490110090000
490110100000
490110110000
490110120000
490110130000
490110140000
490110150000
490110160000
490110170000
490110180000
490120010000
490120020000
490120030000
490120040000
490120050000
490130010000
490130020000
490130030000
490140010000
490140020000
490140030000
490140040000
490140050000
490140060000
490140070000
490140080000
490140090000
490140100000
490140110000
490140120000
490140130000
490140140000
490140170000
490140200000
490140210000
490140220000
490150010000
490150020000
490150030000
490150040000
490150050000
490150060000
490150070000
490150080000
490150090000
490150100000
510010010000
510010020000
510010030000
510010040000
510010050000
510010060000
510010070000
510010080000
510010100000
510010110000
510010120000
510010130000
510010140000
510010150000
510010160000
510010170000
510010190000
510010200000
510010210000
510020010000
510020040000
510020060000
510020080000
510020100000
510020120000
510020130000
510020140000
510020150000
510020170000
520010010000
520010020000
520010030000
520010060000
520010070000
520010080000
520010120000
520010130000
520010140000
520010150000
520010160000
520010170000
520010180000
520010190000
520010200000
520010210000
520010220000
520010230000
520010240000
520010250000
520010260000
520010270000
520020010000
520020020000
520020030000
520020040000
520020060000
520020070000
520020080000
520020090000
520030010000
520030020000
520030030000
520030040000
520040010000
520040020000
520040030000
520040040000
520040050000
520050010000
520050020000
520050030000
520050040000
520050050000
520050060000
520050080000
520050100000
520050110000
520050120000
520050130000
520050140000
520050150000
520050160000
520050170000
520050180000
520050190000
520050200000
520050210000
520050220000
520050230000
520050240000
520050250000
520050260000
520060010000
520060030000
520060040000
520060050000
520070030000
520070040000
520070070000
520070120000
520070130000
520070140000
520070200000
520070210000
520070220000
520070230000
520070240000
520070250000
520070260000
520070270000
520070280000
520080010000
520080020000
520080030000
520080040000
520080050000
520080060000
520080080000
520080090000
520080100000
520080120000
520080130000
520080150000
520080160000
520080170000
520080190000
520080200000
520080210000
520080220000
520080230000
520080240000
520080250000
520080260000
520080270000
520080290000
520080300000
520080310000
520090010000
520090020000
520090030000
520090040000
520090050000
520090060000
520090070000
520090080000
520090090000
520090110000
520090120000
520090130000
520090140000
520090150000
520090160000
520090170000
520090210000
520090220000
520090240000
520090250000
520090260000
520090270000
520090280000
520090290000
520090300000
520090310000
520090320000
520090330000
520090340000
520090350000
520090370000
520090380000
520090400000
520090430000
520090440000
520090450000
520090460000
520090470000
520090480000
520090500000
520090520000
520090530000
520090540000
520090550000
520090560000
520090570000
520090580000
520100010000
520100020000
520100030000
520100040000
520100050000
520100060000
520100070000
520110010000
520110020000
520110030000
520110040000
520110050000
520110060000
520120010000
520120020000
520120030000
520120040000
520120050000
520120060000
520120070000
520120080000
520120090000
520120100000
520120110000
520120120000
520120130000
520120140000
520120150000
520120160000
520120170000
520120180000
520120190000
520120200000
520120220000
520120230000
520120240000
520120250000
520120260000
520120270000
520120280000
520120290000
520120300000
520120320000
530010010000
530010020000
530010040000
530010050000
530010070000
530010080000
530010090000
530010100000
530010110000
530010120000
530020010000
530020020000
530020030000
530020040000
530020050000
530030010000
530030020000
530030030000
530030040000
530030050000
530030060000
530030070000
530030080000
530030090000
530030100000
530030110000
530030120000
530030130000
530030140000
530030150000
530030160000
530030170000
530030180000
530030190000
530040010000
530040030000
530040050000
530040060000
530050010000
530050030000
530050040000
530050050000
530050060000
530050080000
530050100000
530050120000
530050160000
530050170000
530050180000
530050190000
530050200000
530050210000
530050240000
530050250000
530050260000
530050280000
530050300000
530050320000
530050330000
530050340000
530050350000
530050360000
530050380000
530050390000
530050400000
530050410000
530050420000
530050430000
530050440000
530050450000
530050460000
530050470000
530050480000
530050490000
530050500000
530050510000
530050520000
530050530000
530050540000
530050550000
530050560000
530060010000
530060040000
530060070000
530060080000
530060090000
530060100000
530060110000
530060120000
530060130000
530060140000
530060150000
530060160000
530060170000
530060200000
530060210000
530060220000
530060230000
530060240000
530060250000
530060260000
530060270000
530060280000
530060290000
530060300000
530060310000
530070010000
530070020000
530070040000
530070100000
530070140000
530070150000
530070160000
530070170000
530070180000
530070190000
530070210000
530070220000
530070230000
530070240000
530070250000
530070260000
530070270000
530070320000
530070330000
530070340000
530070350000
530070360000
530070370000
530070380000
530070390000
530070400000
530070410000
530070420000
530070430000
530070440000
530070450000
530070460000
530070470000
530070480000
530070490000
530070500000
530070510000
530070520000
530080010000
530080020000
530080030000
530080040000
530080050000
530080060000
530080070000
530080090000
530080100000
530080110000
530080120000
530080130000
530080140000
530080150000
530080160000
530080170000
530080180000
530080190000
530080200000
530080210000
530080220000
530080250000
530080260000
530080270000
530080280000
530080290000
530080300000
530090010000
530090020000
530090030000
530090040000
530090050000
530090060000
530090070000
530090080000
530090090000
530090100000
530090110000
530090120000
530090130000
530090140000
530090150000
530090160000
530090170000
530090180000
530090190000
530090200000
530090210000
530090220000
530090230000
530090240000
530090250000
530090260000
530090270000
530090280000
530090290000
530090300000
530090310000
530090320000
530090330000
530090340000
530090350000
530090360000
530090370000
530090380000
530090390000
530090400000
530090410000
530090420000
530090430000
530090440000
530090450000
530090460000
530090470000
530090480000
530090490000
530090500000
530090510000
530090520000
530090530000
530090540000
530090550000
530090560000
530090570000
530090580000
530090590000
530090600000
530090610000
530090620000
530090630000
530090640000
530090650000
530090660000
530090670000
530090680000
530090690000
530090700000
530090710000
530090720000
530090730000
530090740000
530090750000
530090760000
530090770000
530090780000
530090790000
530090800000
530090810000
530090820000
530090830000
530090840000
530090850000
530090860000
530090870000
530090880000
530100010000
530100020000
530100030000
530100040000
530100050000
530100060000
530100070000
530100080000
530100090000
530100100000
530100110000
530100120000
530100130000
530100140000
530100150000
530100160000
530100170000
530100180000
530100190000
530100200000
530100210000
530100220000
530100230000
530100240000
530100250000
530100260000
530100270000
530100280000
530100290000
530100300000
530100310000
530100320000
530100330000
530100340000
530100350000
530100360000
530100370000
530100380000
530100390000
530100400000
530100410000
530100420000
530100430000
530100440000
530100450000
530100460000
530100470000
530100480000
530100490000
530100500000
530100520000
530100530000
530100540000
530100550000
530100560000
530100570000
530100580000
530100590000
530100600000
530100610000
530100620000
530100630000
530100640000
530100650000
530100660000
530100670000
530100680000
530100690000
530100700000
530100710000
530100720000
530100730000
530100740000
530100750000
530100760000
530100770000
530100780000
530100790000
530100800000
530100810000
530100820000
530100830000
530100840000
530100850000
530100860000
530100870000
530100880000
530100890000
530100900000
530100910000
530100920000
530100930000
530100940000
530100950000
530100960000
530110010000
530110020000
530110030000
530110040000
530110050000
530110060000
530110070000
530110080000
530110090000
530110100000
530110110000
530110120000
530110130000
530110140000
530110150000
530110160000
530110170000
530110180000
530110190000
530110200000
530110210000
530110220000
530110230000
530110240000
530110250000
530110260000
530110270000
530110280000
530110290000
530110300000
530110310000
530110320000
530110330000
530110340000
530110350000
530110360000
530110370000
530110380000
530110390000
530110400000
530110410000
530110420000
530110430000
530110440000
530110450000
530110460000
530110470000
530110480000
530110490000
530110500000
530110510000
530110520000
530110530000
530110540000
530110550000
530110560000
530110570000
530110580000
530110590000
530110600000
530110610000
530110620000
530110630000
530110640000
530110650000
530110660000
530110670000
530110680000
530110690000
530110700000
530110710000
530110720000
530110730000
530110740000
530110750000
530110760000
530110770000
530110780000
530110790000
530110800000
530110810000
530110820000
530110830000
530110840000
530110850000
530110860000
530110870000
530110880000
530110890000
530110900000
530110910000
530110920000
530110930000
530110940000
530110950000
530110960000
530110970000
530110980000
530110990000
530111000000
530111010000
530111020000
530111030000
530111050000
530111060000
530111070000
530111080000
530111090000
530120010000
530120020000
530120030000
530120040000
530120050000
530120060000
530120070000
530120080000
530120090000
530120100000
530120110000
530120120000
530120130000
530120140000
530120150000
530120160000
530120170000
530120180000
530120190000
530120200000
530120210000
530120220000
530120230000
530120240000
530120250000
530120260000
530120270000
530120280000
530120290000
530120300000
530120310000
530120320000
530120330000
530120340000
530120350000
530120360000
530120370000
530120380000
530120390000
530120400000
530120410000
530120420000
530120430000
530120440000
530120450000
530120460000
530120470000
530120480000
530120490000
530120500000
530120510000
530120520000
530120530000
530120540000
530120550000
530120560000
530120570000
530120580000
530120590000
530120600000
530120610000
530120620000
530120630000
530120640000
530120650000
530120660000
530120670000
530120680000
530120690000
530120700000
530120710000
540010010000
540010020000
540010030000
540010040000
540010050000
540010070000
540010080000
540010090000
540010100000
540010110000
540010120000
540010130000
540010140000
540010150000
540010170000
540010180000
540010190000
540010200000
540010210000
540010220000
540010230000
540010240000
540010250000
540010260000
540010270000
540010280000
540020010000
540020020000
540020030000
540020050000
540020060000
540020070000
540020090000
540020100000
540020110000
540020120000
540020130000
540020140000
540020150000
540020160000
540020170000
540020180000
540020190000
540020200000
540020210000
540020220000
540030020000
540030030000
540030040000
540030050000
540030060000
540030080000
540030110000
540030120000
540030130000
540030140000
540030150000
540030160000
540030170000
540030180000
540030190000
540030200000
540030220000
540030230000
540030240000
540030250000
540030260000
540030270000
540030280000
540030290000
540030300000
540030310000
540030320000
540030330000
540030340000
540030350000
540030360000
540030370000
540030380000
540030390000
540030400000
540030410000
540040010000
540040020000
540040030000
540040040000
540040050000
540040060000
540040070000
540040090000
540040100000
540040110000
540040120000
540040130000
540040140000
540040150000
540040160000
540040170000
540040180000
540040190000
540050010000
540050020000
540050030000
540050040000
540050050000
540050060000
540050070000
540050080000
540050090000
540050100000
540050110000
540050120000
540050130000
540050140000
540050160000
540050170000
540050180000
540050190000
540050200000
540050210000
540050220000
540050230000
540050240000
540050250000
540050260000
540050270000
540050280000
540050290000
540050300000
540050310000
540050320000
540050330000
540050340000
540050360000
540050370000
540050380000
540050390000
540050400000
540050410000
540050430000
540050450000
540050470000
540050480000
540050490000
540050510000
540050520000
540050530000
540050540000
540050550000
540050560000
540050570000
540050580000
540050590000
540050600000
540050610000
540050620000
540050630000
540050640000
540050650000
540050660000
540050670000
540050680000
540050690000
540050700000
540050710000
540050720000
540050730000
540050750000
540050760000
540050770000
540050780000
540050790000
540050800000
540050810000
540050820000
540050830000
540050840000
540050850000
540050860000
540050870000
540050880000
540050890000
540050900000
540050910000
540060010000
540060020000
540060030000
540060040000
540060050000
540060060000
540060070000
540060080000
540060090000
540060100000
540060110000
540060120000
540060130000
540060140000
540060150000
540060160000
540060200000
540060210000
540060220000
540060230000
540060240000
540060250000
540060260000
540060270000
540060280000
540060290000
540060300000
540060310000
540060320000
540060330000
540060340000
540060350000
540060360000
540060370000
540060380000
540060390000
540060400000
540060410000
540060420000
540060430000
540060440000
540060450000
540060460000
540060470000
540060490000
540060500000
540060510000
540060520000
540060530000
540060540000
540060550000
540060560000
540060570000
540060580000
540060590000
540060600000
540060610000
540060620000
540060630000
540060640000
540060650000
540060660000
540060670000
540060680000
540060690000
540060700000
540060710000
540060720000
540060730000
540060740000
540060750000
540060760000
540060770000
540060780000
540060790000
540060800000
540060810000
540060820000
540060830000
540060840000
540060850000
540060860000
540060870000
540060880000
540060890000
540060900000
540060910000
540060920000
540060930000
540060940000
540060950000
540060960000
540060970000
540060980000
540070010000
540070020000
540070030000
540070040000
540070050000
540070070000
540070080000
540070100000
540070110000
540070120000
540070130000
540070140000
540070150000
540070160000
540070170000
540070180000
540070190000
540070200000
540070210000
540070240000
540070260000
540070280000
540070350000
540070360000
540070370000
540070380000
540070390000
540070400000
540070410000
540070420000
540070430000
540070440000
540070450000
540070460000
540070470000
540070500000
540070510000
540070520000
540070530000
540070540000
540070550000
540070560000
540070570000
540070580000
540070600000
540070610000
540070620000
540070630000
540070640000
540070650000
540070660000
540070670000
540070680000
540070690000
540070700000
540070710000
540070720000
540070730000
540070740000
540070750000
540080010000
540080020000
540080030000
540080040000
540080050000
540080060000
540080070000
540080080000
540080090000
540080100000
540080110000
540080120000
540080130000
540080140000
540080150000
540080160000
540080170000
540080180000
540080190000
540080200000
540080210000
540080220000
540080230000
540080240000
540080250000
540080260000
540080270000
540080280000
540080290000
540080300000
540080310000
540080320000
540080330000
540080340000
540080350000
540080360000
540080370000
540080380000
540080390000
540080400000
540080410000
540080420000
540080430000
540080440000
540080450000
540080460000
540080480000
540080490000
540080500000
540080510000
540080520000
540080530000
540080540000
540080550000
540080560000
540080570000
540080580000
540080590000
540080600000
540080610000
540080620000
540080630000
540080640000
540080650000
540080660000
540080670000
540080680000
540080690000
540080700000
540080710000
540080720000
540090010000
540090020000
540090030000
540090040000
540090050000
540090060000
540090070000
540090080000
540090090000
540090100000
540090110000
540090120000
540090130000
540090140000
540090150000
540090160000
540090170000
540090180000
540090190000
540090200000
540090240000
540090250000
540090260000
540090270000
540090280000
540090290000
540100010000
540100020000
540100030000
540100040000
540100050000
540100060000
540100070000
540100080000
540100090000
540100100000
540100110000
540100120000
540100130000
540100140000
540100150000
540100160000
540100170000
540100180000
540100190000
540100200000
540100210000
540100220000
540100230000
540100240000
540100250000
540100260000
540100270000
540100280000
540100290000
540100300000
540100310000
540100320000
540100330000
540100340000
540100350000
540100360000
540100370000
540100380000
540100390000
540100400000
540100410000
540100420000
540100430000
540100440000
540100450000
540100460000
540100470000
540100480000
540100490000
540100500000
540100510000
540100520000
540100530000
540100540000
540100550000
540100560000
540100570000
540100580000
540100590000
540100600000
540100610000
540100620000
540100630000
540100640000
540100650000
540110010000
540110020000
540110030000
540110040000
540110050000
540110060000
540110070000
540110080000
540110090000
540110100000
540110110000
540110120000
540110130000
540110140000
540110150000
540110160000
540110170000
540110180000
540110190000
540110200000
540110210000
540110220000
540110230000
540110240000
540110250000
540110260000
540110270000
540110280000
540110290000
540110300000
540110310000
540110320000
540110330000
540110340000
540110350000
540110360000
540110370000
540110380000
540110390000
540110400000
540110410000
540110420000
540110430000
540110440000
540110450000
540110460000
540110470000
540110480000
540110490000
540110500000
540110510000
540110520000
540110530000
540110540000
540110550000
540110560000
540110570000
540110580000
540110590000
540110600000
540110610000
540110620000
540110630000
540110640000
540110650000
540110660000
540110670000
540110680000
540110690000
540110700000
540110710000
540110720000
540110730000
540110740000
540110750000
540110760000
540110770000
540110780000
540110790000
540110800000
540110810000
540110830000
540110840000
540110850000
540110860000
540110870000
540110880000
540110890000
540110900000
540110910000
540110920000
540110930000
540110940000
540110950000
540110960000
540110970000
540110980000
540110990000
540111000000
540111010000
540111020000
540111030000
540111040000
540111050000
540111060000
540111070000
540111080000
540111090000
540111100000
540111110000
540111120000
540111140000
540111150000
540111160000
540111170000
540111180000
540111190000
540111200000
540111210000
540111220000
540111230000
540111240000
540111250000
540111260000
540111270000
540111280000
550010010000
550010020000
550010030000
550010040000
550010050000
550010060000
550010070000
550010080000
550010090000
550010100000
550010110000
550010120000
550010130000
550010140000
550010150000
550010160000
550010170000
550010180000
550010190000
550010200000
550010210000
550010220000
550010230000
550010240000
550010250000
550010260000
550010270000
550010280000
550010290000
550010300000
550010310000
550010320000
550010330000
550010340000
550010350000
550010360000
550010370000
550010380000
550010410000
550010430000
550010440000
550010450000
550010460000
550010470000
550010480000
550010490000
550010500000
550010510000
550010520000
550010530000
550010550000
550010560000
550010570000
550010580000
550010590000
550010610000
550010620000
550010650000
550010660000
550010670000
550010680000
550010690000
550010700000
550010710000
550010740000
550010750000
550010760000
550010770000
550010790000
550010800000
550010810000
550010820000
550010850000
550010860000
550010870000
550010880000
550010890000
550010900000
550010910000
550010920000
550010930000
550010950000
550010960000
550010970000
550010980000
550010990000
550011000000
550011010000
550011020000
550011030000
550011040000
550011050000
550011060000
550011070000
550011080000
550011090000
550011100000
550011120000
550011130000
550011140000
550011150000
550011160000
550011170000
550011180000
550011190000
550011200000
550011210000
550011220000
550011230000
550011240000
550011250000
550011260000
550011270000
550011280000
550011290000
550011300000
550020010000
550020020000
550020030000
550020040000
550020050000
550020060000
550020070000
550020080000
550020090000
550020100000
550020110000
550020120000
550020130000
550020140000
550020170000
550020180000
550020200000
550020210000
550020220000
550020230000
550020240000
550020250000
550020260000
550020270000
550020280000
550020290000
550020300000
550020310000
550020320000
550020330000
550020360000
550020370000
550020380000
550020390000
550020400000
550020410000
550020430000
550020440000
550020450000
550020460000
550020470000
550020480000
550020490000
550020500000
550020510000
550020520000
550020530000
550020540000
550020550000
550020560000
550020570000
550020580000
550020590000
550020600000
550020610000
550020620000
550020630000
550020650000
550020680000
550020690000
550020700000
550020710000
550020720000
550020730000
550020740000
550020750000
550020760000
550020770000
550020850000
550020870000
550020880000
550020890000
550020900000
550020910000
550020920000
550020930000
550020940000
550020950000
550020970000
550020980000
550020990000
550021000000
550021010000
550021020000
550021030000
550021040000
550021050000
550021060000
550021070000
550021080000
550021090000
550021100000
550021110000
550021120000
550021130000
550021140000
550021150000
550021160000
550021170000
550021180000
550021190000
550021200000
550021210000
550021220000
550021230000
550021240000
550021250000
550021260000
550021270000
550021280000
550021290000
550030010000
550030030000
550030040000
550030050000
550030060000
550030070000
550030080000
550030090000
550030100000
550030110000
550030120000
550030130000
550030140000
550030150000
550030180000
550030190000
550030210000
550030220000
550030250000
550030270000
550030280000
550030290000
550030300000
550030310000
550030320000
550030330000
550030340000
550030350000
550030360000
550030380000
550030390000
550030400000
550030410000
550030420000
550040010000
550040020000
550040030000
550040040000
550040050000
550040060000
550040070000
550040080000
550040090000
550040100000
550040110000
550040120000
550040130000
550040140000
550040150000
550040160000
550040170000
550040180000
550040200000
550040210000
550040220000
550040230000
550040240000
550040250000
550040260000
550040270000
550040280000
550040290000
550040300000
550040310000
550040320000
550040330000
550040340000
550040350000
550040380000
550040390000
550040400000
550040410000
550040420000
550040430000
550040440000
550040450000
550040460000
550040470000
550040480000
550040490000
550040500000
550040510000
550040520000
550040530000
550040540000
550040550000
550040560000
550040570000
550040580000
550040590000
550040600000
550040610000
550040620000
550040630000
550040640000
550040650000
550040660000
550040670000
550040680000
550040690000
550040700000
550040710000
550040720000
550040730000
550050010000
550050020000
550050030000
550050040000
550050050000
550050060000
550050090000
550050100000
550050140000
550050160000
550050170000
550050180000
550050190000
550050200000
550050210000
550050220000
550050230000
550050240000
550050250000
550050260000
550050270000
550050280000
550050290000
550050300000
550050310000
550050320000
550060010000
550060020000
550060030000
550060040000
550060050000
550060060000
550060070000
550060090000
550060100000
550060150000
550060160000
550060170000
550060180000
550060190000
550060200000
550060210000
550060220000
550060230000
550060240000
550060250000
550060260000
550060270000
550060300000
550060310000
550060320000
550070020000
550070050000
550070060000
550070070000
550070080000
550070090000
550070100000
550070110000
550070120000
550070130000
550070140000
550070150000
550070170000
550070180000
550070190000
550070200000
550070210000
550070220000
550070230000
550070240000
550070250000
550070260000
550070270000
550070280000
550070290000
550070300000
550070310000
550070320000
550070330000
550070340000
550070350000
550070360000
550070370000
550070380000
550070390000
550070400000
550080020000
550080030000
550080040000
550080070000
550080080000
550080090000
550080100000
550080110000
550080120000
550080130000
550080160000
550080180000
550080200000
550080220000
550080240000
550080250000
550080270000
550080280000
550080290000
550080300000
550080310000
550080320000
550080360000
550080370000
550080380000
550080390000
550080400000
550080410000
550080420000
550080430000
550080440000
550080450000
550080470000
550080480000
550080510000
550080520000
550080530000
550080540000
550080550000
550080560000
550080570000
550080580000
550080590000
550080600000
550080610000
550080620000
550080630000
550080640000
550080650000
550080660000
550080670000
550080680000
550080690000
550080700000
550080710000
550080720000
550080730000
550080740000
550080750000
550080760000
550090060000
550090070000
550090080000
550090100000
550090110000
550090120000
550090130000
550090140000
550090180000
550090190000
550090200000
550090210000
550090220000
550090230000
550090240000
550090250000
550090270000
550090280000
550090290000
550090300000
550090310000
550090320000
550090330000
550090350000
550090360000
550090370000
550090380000
550090390000
550090400000
550090410000
550090420000
550090430000
550090440000
550090450000
550090470000
550090480000
550090490000
550090500000
550090510000
550090520000
550090530000
550090540000
550090550000
550090560000
550090570000
550090580000
550090590000
550090600000
550090610000
550090620000
550090630000
550090640000
550090650000
550090660000
550090670000
550090680000
550090690000
550090700000
550090710000
550090720000
550090730000
550090740000
550090760000
550090770000
550090780000
550100010000
550100020000
550100030000
550100060000
550100080000
550100100000
550100110000
550100120000
550100130000
550100170000
550100180000
550100190000
550100200000
550100210000
550100220000
550100230000
550100240000
550100250000
550100260000
550100270000
550100280000
550100290000
550100300000
550100310000
550100320000
550100330000
550100350000
550110010000
550110020000
550110030000
550110040000
550110050000
550110070000
550110080000
550110090000
550110100000
550110110000
550110120000
550110130000
550110140000
550110150000
550110160000
550110170000
550110180000
550110190000
550110200000
550110210000
550110220000
550110230000
550110240000
550110250000
550110260000
550110270000
550110280000
550110290000
550110310000
550110320000
550110330000
550110340000
550110350000
550110360000
550110370000
550110380000
550110390000
550110400000
550110410000
550110420000
550110430000
550110440000
550110450000
550110460000
550110470000
550110480000
550110490000
550110500000
550110510000
550110520000
550110530000
550110540000
550110550000
550110560000
550110570000
550110580000
550110590000
550110600000
550110610000
550110620000
550110630000
550120010000
550120020000
550120030000
550120040000
550120050000
550120060000
550120070000
550120080000
550120090000
550120100000
550120110000
550120120000
550120130000
550120140000
550120150000
550120160000
550120170000
550120180000
550130010000
550130020000
550130030000
550130040000
550130050000
550130060000
550130070000
550130080000
550130090000
550130100000
550130110000
550130120000
550130130000
550130140000
550130150000
550130160000
550130170000
550130180000
550130190000
550130200000
550130220000
550130230000
550130240000
550140010000
550140020000
550140030000
550140040000
550140050000
550140060000
550140070000
550140080000
550140090000
550140100000
550140110000
550140120000
550140130000
550140140000
550140150000
550140160000
550140170000
550140180000
550140190000
550140200000
550140220000
550140230000
550140240000
550140250000
550140260000
550140270000
550140280000
550140290000
550140300000
550140310000
550140320000
550140330000
550140340000
550140350000
550140360000
550140370000
550140380000
550140390000
550140400000
550140410000
550140420000
550140430000
550140440000
550140460000
550140470000
550140480000
550140490000
550140500000
550140510000
550140520000
550140530000
550140540000
550140580000
550140590000
550140600000
550140610000
550140620000
550140630000
550140640000
550140650000
550140660000
550140670000
550140680000
550140690000
550140700000
550140710000
550140720000
550140730000
550140740000
550140750000
550140760000
550140770000
550140780000
550140790000
550140800000
550140810000
550150010000
550150020000
550150030000
550150040000
550150050000
550150060000
550150070000
550150080000
550150090000
550150100000
550150110000
550150120000
550150130000
550150140000
550150150000
550150160000
550150170000
550150180000
550150190000
550150200000
550150210000
550150220000
550150240000
550150250000
550150260000
550150270000
550150280000
550150290000
550150300000
550150310000
550150320000
550150330000
550150340000
550150350000
550150360000
550150370000
550150380000
550150390000
550150400000
550150410000
550150420000
550160010000
550160020000
550160030000
550160040000
550160050000
550160060000
550160070000
550160080000
550160090000
550160100000
550160110000
550160120000
550160130000
550160140000
550160150000
550160160000
550160170000
550160180000
550170010000
550170020000
550170030000
550170040000
550170050000
550170060000
550170070000
550170080000
550170090000
550170100000
550170110000
550170120000
550170130000
550170140000
550170150000
550170160000
550170170000
550170180000
550170190000
550170200000
550170210000
550170220000
550170230000
550170240000
550170250000
550170260000
550170270000
550170280000
550170290000
550170300000
550170310000
550170320000
550170330000
550170340000
550170350000
550170360000
550170370000
550170380000
550170400000
550170410000
550170420000
550170430000
550170440000
550170450000
550170460000
550170470000
550180010000
550180020000
550180030000
550180040000
550180050000
550180060000
550180070000
550180080000
550180090000
550180100000
550180110000
550180120000
550180130000
550180140000
550180150000
550180160000
550180170000
550180180000
550180190000
550180200000
550180210000
550180220000
550180230000
550180240000
550180250000
550180260000
550180270000
550180280000
550180290000
550180300000
550180310000
550180320000
550180330000
550180340000
550180350000
550180360000
550180370000
550180380000
550180390000
550180400000
550180410000
550180420000
550180430000
550180440000
550180450000
550180460000
550180470000
550180480000
550180490000
550180500000
550180510000
550180520000
550180530000
550180540000
550180550000
550180560000
550180570000
550190010000
550190020000
550190030000
550190040000
550190050000
550190060000
550190070000
550190080000
550190090000
550190100000
550190110000
550190120000
550190130000
550190140000
550190150000
550190160000
550190170000
550190180000
550190190000
550190200000
550190210000
550190220000
550190230000
550190240000
550190250000
550190260000
550190270000
550190280000
550190290000
550190300000
550190310000
550190320000
550190330000
550190340000
550190350000
550190360000
550190370000
550190380000
550190390000
550190400000
550190410000
550190420000
550190430000
550190440000
550190450000
550190460000
560010010000
560010030000
560010070000
560010080000
560010090000
560010100000
560010110000
560010130000
560010140000
560010150000
560010160000
560010170000
560010180000
560010190000
560010200000
560010210000
560010220000
560010230000
560010260000
560010270000
560010280000
560010290000
560010300000
560010310000
560010320000
560010330000
560010340000
560010350000
560010360000
560010370000
560010380000
560010420000
560010450000
560010490000
560010500000
560010510000
560010520000
560010550000
560010560000
560010570000
560010580000
560010600000
560010620000
560010630000
560010640000
560010650000
560010660000
560010670000
560010690000
560010700000
560010710000
560010730000
560010740000
560010750000
560010760000
560010770000
560010780000
560010790000
560010800000
560010810000
560010820000
560010830000
560010840000
560010850000
560010860000
560010870000
560010880000
560010890000
560010900000
560010910000
560010920000
560010930000
560010940000
560010950000
560010960000
560010970000
560010980000
560010990000
560011000000
560011010000
560011020000
560011030000
560011040000
560011050000
560011060000
560011070000
560011080000
560011090000
560011100000
560011110000
560011120000
560011130000
560011140000
560011150000
560011160000
560011170000
560011180000
560011190000
560011200000
560011210000
560011220000
560020010000
560020020000
560020030000
560020040000
560020050000
560020060000
560020070000
560020080000
560020090000
560020100000
560020110000
560020120000
560020130000
560020140000
560020150000
560020160000
560020170000
560020180000
560020190000
560020200000
560020210000
560020220000
560020230000
560020240000
560020250000
560020260000
560020270000
560020280000
560020290000
560020300000
560020310000
560020320000
560020330000
560020340000
560020350000
560020360000
560020370000
560020380000
560020390000
560020400000
560020410000
560020420000
560020430000
560020440000
560020450000
560020460000
560030010000
560030020000
560030030000
560030040000
560030050000
560030060000
560030070000
560030080000
560030090000
560030100000
560030110000
560030120000
560030130000
560030140000
560030150000
560030160000
560030180000
560030190000
560030200000
560030210000
560030220000
560030230000
560030240000
560030250000
560030260000
560030270000
560030280000
560030290000
560030300000
560030310000
560030320000
560030330000
560030340000
560030350000
560030360000
560030370000
560030380000
560030390000
560030400000
560030410000
560030420000
560030430000
560030440000
560030450000
560030460000
560030470000
560030480000
560030490000
560030500000
560030510000
560030520000
560030530000
560030540000
560030550000
560030560000
560030570000
570010010000
570010020000
570010030000
570010040000
570010050000
570010060000
570010070000
570010080000
570010090000
570010100000
570010110000
570010120000
570010130000
570010140000
570010150000
570010160000
570010170000
570010180000
570010190000
570010200000
570010210000
570010220000
570010230000
570010240000
570010250000
570010260000
570010270000
570010280000
570010290000
570010300000
570010310000
570010320000
570020010000
570020020000
570020030000
570020050000
570020060000
570020070000
570020080000
570020090000
570020100000
570020110000
570020120000
570020130000
570020140000
570020150000
570020160000
570020170000
570020180000
570020190000
570020230000
570020270000
570020300000
570020310000
570020320000
570020330000
570020340000
570020350000
570020360000
570020370000
570020380000
570020390000
570020400000
570020410000
570020420000
570020430000
570020440000
570020450000
570030010000
570030020000
570030030000
570030040000
570030070000
570030080000
570030100000
570030130000
570030150000
570030180000
580010010000
580010020000
580010030000
580010040000
580010050000
580010060000
580010070000
580010080000
580010090000
580010100000
580010110000
580010120000
580010130000
580010140000
580010150000
580010160000
580010170000
580010180000
580010190000
580010200000
580010210000
580010220000
580010230000
580010240000
580010250000
580010260000
580010270000
580010280000
580010290000
580010300000
580010310000
580010320000
580010330000
580010340000
580010350000
580010360000
580010370000
580020010000
580020020000
580020030000
580020050000
580020060000
580020070000
580020080000
580020090000
580020100000
580020110000
580030020000
580030030000
580030040000
580030050000
580030060000
580030070000
580030080000
580030090000
580030100000
580030110000
580030120000
580030130000
580030140000
580030150000
580030170000
580030180000
580030190000
580030200000
590010010000
590010040000
590010080000
590010100000
590010130000
590010140000
590010150000
590010160000
590010170000
590020010000
590020020000
590020030000
590020040000
590020050000
590020060000
590030010000
590030020000
590030030000
590030040000
590030050000
590040010000
590040030000
590040040000
590040050000
590040060000
590040070000
590040080000
590040090000
590040100000
590040110000
590040120000
590040130000
590040150000
590040160000
590040180000
590040190000
590040200000
590050020000
590050030000
590050040000
590050050000
590050060000
590050070000
590050080000
590050090000
590050100000
590050110000
590050120000
590050130000
590050140000
590050150000
590050160000
590050170000
590050180000
590050190000
590050200000
590050210000
590050220000
590050230000
590050240000
590050250000
590050260000
590050270000
590050280000
590050290000
590050300000
590050310000
590050320000
590050330000
590050340000
590050350000
590050360000
590050370000
590050380000
590050390000
590050400000
590050410000
590050420000
590050430000
590050440000
590050450000
590050460000
590050470000
590050480000
590050490000
590050500000
590050510000
590050520000
590050530000
590050540000
590050550000
590050560000
590050570000
590050580000
590050590000
590050600000
590050610000
590050620000
590050630000
590050640000
590050650000
590050660000
590050670000
590050680000
590050690000
590050700000
590050710000
590050720000
590050730000
590050740000
590050750000
590050760000
590050770000
590050780000
590050790000
590050800000
590050810000
590050820000
590050830000
590050840000
590050850000
590050860000
590050870000
590050880000
590050890000
590050900000
590050910000
590050920000
590050930000
590050940000
590050950000
590050960000
590050970000
590060010000
590060020000
590060030000
590060040000
590060050000
590060060000
590060070000
590060080000
590060090000
590060100000
590060110000
590060120000
590060130000
590060140000
590060150000
590060160000
590060170000
590060180000
590060190000
590060200000
590060210000
590060220000
590060230000
590060240000
590060250000
590060260000
590060270000
590060280000
590060290000
590060300000
590060310000
590060320000
590060330000
590060340000
590060350000
590060360000
590060370000
590060380000
590060390000
590060400000
590060410000
590060420000
590060430000
590060440000
590060450000
590060460000
590060470000
590060480000
590060490000
590060500000
590060510000
590060520000
590060530000
590060540000
590060550000
590060560000
590060570000
590070010000
590070020000
590070030000
590070040000
590070050000
590070060000
590070070000
590070080000
590070090000
590070100000
590070110000
590070120000
590070130000
590070140000
590070150000
590070160000
590070170000
590070180000
590070190000
590070200000
590070210000
590070220000
590070230000
590070240000
590070250000
590070260000
590070270000
590080030000
590080040000
590080050000
590080060000
590080070000
590080080000
590080090000
590080100000
590080110000
590080120000
590080130000
590080140000
590080150000
590080160000
590080170000
590080180000
590080190000
590080200000
590080210000
590080220000
590080230000
590080240000
590080250000
590080260000
590080270000
590080280000
590080290000
590080300000
590080310000
590080320000
590080330000
590090010000
590090020000
590090030000
590090040000
590090050000
590090060000
590090070000
590090080000
590090090000
590090100000
590090110000
590090120000
590090130000
590090140000
590090150000
590090160000
590090170000
590090180000
590090190000
590090200000
590090210000
590090220000
590090230000
590090240000
590090250000
590090260000
590090270000
590090280000
590090290000
590090300000
590090310000
590090320000
590090330000
590090340000
590090350000
590090360000
590090370000
590090380000
590090390000
590090400000
590090410000
590090420000
590090430000
590090440000
590090450000
590090460000
590090470000
590090480000
590090490000
590090500000
590090510000
590090520000
590090530000
590090540000
590090550000
590090560000
590090570000
590100010000
590100020000
590100030000
590100040000
590100050000
590100060000
590100070000
590100080000
590100090000
590100100000
590100110000
590100120000
590100130000
590100140000
590100150000
590100160000
590100170000
590100180000
590100190000
590100200000
590100210000
590100220000
590100230000
590100240000
590100250000
590100260000
590100270000
590100280000
590100290000
590100300000
590100430000
590100540000
590100570000
590100580000
590100590000
590100600000
590100610000
590110020000
590110030000
590110040000
590110050000
590110060000
590110070000
590110080000
590110090000
590110100000
590110110000
590110120000
590110130000
590110140000
590110150000
590110160000
590110170000
590110180000
590110190000
590110200000
590110210000
590110220000
590110230000
590110240000
590110250000
590110260000
590110270000
590110280000
590110290000
590110300000
590110310000
590110320000
590110330000
590110340000
590110350000
590110360000
590110370000
590110380000
590110390000
590110400000
590110410000
590110420000
590110430000
590110440000
590110450000
590110460000
590110470000
590110480000
590110490000
590110500000
590110510000
590110520000
590110530000
590110540000
590110550000
590110560000
590110570000
590110580000
590110590000
590110600000
590110610000
590110620000
590110630000
590110640000
590110650000
590110660000
590110670000
590110680000
590110690000
590110700000
590110710000
590110720000
590110730000
590110740000
590110750000
590110760000
590110770000
590110780000
590110790000
590110800000
590110810000
590110820000
590110830000
590110840000
590110850000
590120010000
590120020000
590120030000
590120040000
590120050000
590120060000
590120070000
590120080000
590120090000
590120100000
590120110000
590120120000
590120130000
590120140000
590120150000
590120160000
590120170000
590120180000
590120190000
590120200000
590120210000
590120220000
590120230000
590120240000
590120250000
590120260000
590120270000
590120280000
590120290000
590120300000
590120310000
590120320000
590120330000
590120340000
590120350000
590120360000
590120370000
590120380000
590120390000
590120400000
590120410000
590120420000
590120430000
590120440000
590120450000
590120460000
590120470000
590120480000
590120490000
590120500000
590120510000
590120520000
590120530000
590120540000
590120550000
590120560000
590120570000
590120580000
590120590000
590120600000
590130010000
590130020000
590130030000
590130040000
590130050000
590130060000
590130070000
590130080000
590130090000
590130100000
590130110000
590130120000
590130130000
590130140000
590130150000
590130160000
590130170000
590130180000
590130190000
590130200000
590130210000
590130220000
590130230000
590130240000
590130250000
590130260000
590130270000
590130280000
590130290000
590130300000
590130310000
590130320000
590130330000
590130340000
590130350000
590130360000
590130370000
590130380000
590130390000
590130400000
590130410000
590130420000
590130430000
590130440000
590130450000
590130460000
590130470000
590130480000
590130490000
590130500000
590130510000
590130520000
590130530000
590130540000
590130550000
590130560000
590130570000
590130580000
590130590000
590130600000
590130610000
590130620000
590130630000
590130640000
590130650000
590130660000
590130670000
590130680000
590130690000
590130700000
590130710000
590130720000
590130730000
590130740000
590130750000
590130760000
590130770000
590130780000
590130790000
590130800000
590130810000
590130820000
590130830000
590130840000
590130850000
590130860000
590130870000
590130880000
590130890000
590130900000
590130910000
590130920000
590130930000
590130940000
590130950000
590130960000
590130970000
590130980000
590130990000
590131000000
590131010000
590140010000
590140020000
590140030000
590140040000
590140050000
590140060000
590140070000
590140080000
590140090000
590140100000
590140110000
590140120000
590140130000
590140140000
590140150000
590140160000
590140170000
590140180000
590140190000
590140200000
590140210000
590140220000
590140230000
590140240000
590140250000
590140260000
590140270000
590140280000
590140290000
590140300000
590140310000
590140320000
590140330000
590140340000
590140350000
590140360000
590140370000
590140380000
590140390000
590140400000
590140410000
590140420000
590140430000
590140440000
590140450000
590140460000
590140470000
590140480000
590140490000
590140500000
590140510000
590140520000
590140530000
590140540000
590150010000
590150020000
590150030000
590150040000
590150050000
590150060000
590150070000
590150080000
590150090000
590150100000
590150110000
590150120000
590150130000
590150140000
590150150000
590150160000
590150170000
590150180000
590150190000
590150200000
590150210000
590150220000
590150230000
590150240000
590150250000
590150260000
590150270000
590150280000
590150290000
590150300000
590150310000
590150320000
590150330000
590150340000
590150350000
590150360000
590150370000
590150380000
590150390000
590150400000
590150410000
590150420000
590150430000
590150440000
590150450000
590150460000
590150470000
590150480000
590150490000
590150500000
590150510000
590150520000
590150530000
590150540000
590150550000
590150560000
590150570000
590150580000
590150590000
590150600000
590150610000
590150620000
590150630000
590150640000
590150650000
590150660000
590150670000
590150680000
590150690000
590150700000
590150710000
590150720000
590150730000
590150740000
590150750000
590150760000
590150770000
590150780000
590150790000
590150800000
590150810000
590150820000
590150830000
590150840000
590150850000
590150860000
590150870000
590150880000
590150890000
590150900000
590150910000
590150920000
590150930000
590150940000
590150950000
590150960000
590150970000
590150980000
590150990000
590151000000
590151010000
590151020000
590160010000
590160020000
590160030000
590160040000
590160050000
590160060000
590160070000
590160080000
590160090000
590160100000
590160110000
590160120000
590160130000
590160140000
590160150000
590160160000
590160170000
590160180000
590160190000
590160200000
590160210000
590160220000
590160230000
590160240000
590160250000
590160260000
590160270000
590160280000
590160290000
590160310000
590160320000
590160330000
590160340000
590160350000
590160360000
590160370000
590160380000
590160390000
590160400000
590160410000
590160420000
590160430000
590160440000
590160450000
590160460000
590160470000
590160480000
590160490000
590160500000
590160510000
590160520000
590160530000
590170010000
590170020000
590170030000
590170040000
590170050000
590170060000
590170070000
590170080000
590180010000
590180020000
590180030000
590180040000
590180050000
590180060000
590180070000
590180080000
590180090000
590180100000
590180110000
590180120000
590180130000
590180140000
590180150000
590180160000
590180170000
590180180000
590180190000
590180200000
590180210000
590180220000
590180230000
590180240000
590180250000
590180260000
590180270000
590180280000
590180290000
590180300000
590180310000
590180320000
590180330000
590180340000
590180350000
590180360000
590180370000
590180380000
590180390000
590180400000
590180410000
590180420000
590180430000
590180440000
590180450000
590180460000
610010010000
610010020000
610010030000
610010040000
610010050000
610010060000
610010070000
610010080000
610010090000
610010100000
610010110000
610010120000
610010130000
610010140000
610010160000
610010170000
610020590000
610020600000
610020610000
610020620000
610020630000
610020640000
610020650000
610020660000
610020690000
610020700000
610020710000
610020720000
610020730000
610020740000
610020750000
610020760000
610020770000
610020780000
610020790000
610020800000
610020830000
610020840000
610020850000
610020860000
610020870000
610020880000
610030020000
610030030000
610030040000
610030080000
610030090000
610030140000
610030150000
610030160000
610030170000
610030180000
610030190000
610030200000
610030210000
610030220000
610030230000
610030240000
610030250000
610030260000
610030280000
610030290000
610030300000
610030310000
610030320000
610030330000
610030340000
610030360000
610030370000
610030380000
610030390000
610030410000
610030430000
610030440000
610030450000
610030460000
610030470000
610030480000
610030490000
610030500000
610030510000
610030520000
610030530000
610030540000
610030550000
610030560000
610030570000
610030580000
610030590000
610030600000
610030610000
610030620000
610030630000
610030640000
610030650000
610030660000
610030670000
610040010000
610040040000
610040050000
610040060000
610040070000
610040080000
610040090000
610040100000
610040110000
610040120000
610040130000
610040140000
610040150000
610040160000
610040170000
610040180000
610040200000
610040410000
610040420000
610040430000
610040440000
610040450000
610050010000
610050020000
610050030000
610050040000
610050050000
610050060000
610050070000
610050080000
610050210000
610050220000
610050230000
610060010000
610060020000
610060030000
610060040000
610060050000
610060060000
610060070000
610060080000
610060090000
610060100000
610060110000
610060120000
610060130000
610060140000
610060150000
610060160000
610070010000
610070020000
610070030000
610070040000
610070050000
610070060000
610070070000
610070080000
610070090000
610070100000
610070110000
610070120000
610070130000
610070140000
610070150000
610070160000
610070170000
610070180000
610070190000
610070200000
610070210000
610070220000
610070230000
610070240000
610070250000
610070260000
610070270000
610070280000
610070290000
610070300000
610070310000
610070320000
610070330000
610070340000
610070350000
610070360000
610070370000
610070380000
610070390000
610070400000
610070410000
610070420000
610070430000
610070440000
610070450000
610070460000
610070470000
610070480000
610070490000
610070500000
610070510000
610070520000
610070530000
610070540000
610070550000
610070560000
610070570000
610070580000
610070590000
610070600000
610070610000
610070620000
610080010000
610080020000
610080030000
610080040000
610080050000
610080060000
610080070000
610080080000
610080090000
610080100000
610080110000
610080120000
610080130000
610080140000
610080150000
610080160000
610080170000
610080180000
610080190000
610080200000
610080210000
610080220000
610080230000
610080240000
610080250000
610080260000
610080270000
610080280000
610080290000
610080300000
610080310000
610080320000
610080330000
610080340000
610080350000
610080360000
610080370000
610080380000
610080390000
610080400000
610080410000
610080420000
610080430000
610080440000
610080450000
610080460000
610080470000
610080480000
610080490000
610080500000
610080510000
610080520000
610080530000
610080540000
610080550000
610080560000
610080570000
610090010000
610090020000
610090030000
610090040000
610090050000
610090060000
610090070000
610090080000
610090090000
610090100000
610090110000
610090120000
610090130000
610090140000
610090150000
610090160000
610090170000
610090180000
610090190000
610090200000
610090210000
610090220000
610090230000
610090240000
610090250000
610090260000
610090270000
610090280000
610090290000
610090300000
610090310000
610090320000
610090330000
610090340000
610090350000
610090360000
610090370000
610090380000
610090390000
610090400000
610090410000
610090420000
610090430000
610090440000
610090450000
610090460000
610090470000
610090480000
610090490000
610090500000
610090510000
610090520000
610090530000
610090540000
610090550000
610090560000
610090570000
610090580000
610090590000
610090600000
610090610000
610090620000
610090630000
610090640000
610090650000
610090660000
610100010000
610100020000
610100030000
610100040000
610100050000
610100060000
610100070000
610100080000
610100090000
610100100000
610100110000
610100120000
610100130000
610100140000
610100150000
610100160000
620010010000
620010020000
620010030000
620010040000
620010050000
620010060000
620010070000
620010080000
620010090000
620010110000
620010120000
620010130000
620010140000
620010150000
620010180000
620010190000
620010230000
620010240000
620010250000
620010260000
620010270000
620010310000
620010320000
620010330000
620010380000
620010390000
620010500000
620010510000
620010600000
620010610000
620010640000
620010650000
620010660000
620010690000
620010700000
620010740000
620010750000
620010760000
620010770000
620010800000
620010810000
620010830000
620010870000
620010880000
620010890000
620010900000
620010920000
620020010000
620020030000
620020040000
620020050000
620020060000
620020070000
620020080000
620020090000
620020100000
620020110000
620020120000
620020140000
620020150000
620020160000
620020190000
620020200000
620020210000
620020240000
620020250000
620020270000
620020280000
620020290000
620020300000
620020310000
620030010000
620030020000
620030030000
620030040000
620030050000
620030060000
620030070000
620030080000
620030090000
620030100000
620030110000
620030120000
620030130000
620030140000
620030150000
620030160000
620030170000
620030180000
620030190000
620030200000
620030210000
620030220000
620030230000
620030240000
620030250000
620030260000
620030270000
620030280000
620030290000
620030300000
620030310000
620030320000
620030330000
620030340000
620030350000
620030360000
620030370000
620030380000
620030390000
620030400000
620030410000
620030420000
620030430000
620030440000
620030450000
620030460000
620030470000
620030480000
620030490000
620030500000
620030510000
620030520000
620030540000
620030550000
620030560000
620030570000
620030580000
620040010000
620040020000
620040030000
620040040000
620040050000
620040060000
620040070000
620040080000
620040090000
620040100000
620040110000
620040120000
620040130000
620040140000
620040150000
620040160000
620040170000
620040180000
620040190000
620040200000
620040210000
620040220000
620040230000
620040240000
620040250000
620040260000
620040270000
620040280000
620040290000
620040300000
620040310000
620040320000
620040330000
620040340000
620040350000
620050010000
620050020000
620050030000
620050040000
620050050000
620050060000
620050070000
620050080000
620050090000
620050100000
620050110000
620050120000
620050130000
620050140000
620050150000
620050160000
620050170000
620050180000
620050190000
620050220000
620050230000
620050240000
620050250000
620050260000
620050270000
620050280000
620050290000
620050300000
620050310000
620050320000
620050330000
620050340000
620060010000
620060020000
620060030000
620060040000
620060050000
620060060000
620060070000
620060080000
620060090000
620060100000
620060110000
620060120000
620060130000
620060140000
620060150000
620060160000
620060170000
620060180000
620060190000
620060200000
620060210000
620060220000
620060230000
620060240000
620060250000
620060260000
620060270000
620060280000
620060290000
620060300000
620060310000
620060320000
620060330000
620060340000
620060350000
620060360000
620060370000
620060380000
620060390000
620060400000
620060410000
620060420000
620060440000
620060450000
620060460000
620060470000
620060480000
620060490000
620060500000
620060510000
620060520000
620060530000
620060540000
620060550000
620060560000
620060570000
620060580000
620060590000
620060600000
620060610000
620060620000
620060630000
620060640000
620060650000
620060660000
620060670000
620060680000
620060690000
620060700000
620060710000
620060720000
620060730000
620060740000
620060750000
620060760000
620060770000
620060780000
620060790000
620060800000
620060810000
620070010000
620070020000
620070030000
620070040000
620070050000
620070060000
620070070000
620070080000
620070090000
620070100000
620070110000
620080010000
620080020000
620080030000
620080040000
620080050000
620080060000
620080070000
620080080000
620080090000
620080100000
620080110000
620080120000
620080130000
620080140000
620080150000
620080160000
620080170000
620080180000
620080190000
620080200000
620080210000
620080220000
620080230000
620080240000
620080250000
620080260000
620080270000
620080280000
620080290000
620080300000
620080310000
620080320000
620080330000
620080340000
620080350000
620080360000
620080370000
620080380000
620080390000
620090010000
620090020000
620090030000
620090040000
620090050000
620090060000
620090070000
620090080000
620090090000
620090100000
620090110000
620090120000
620090130000
620090140000
620090150000
620090160000
620090170000
620090180000
620090190000
620090200000
620090210000
620090220000
620090230000
620090240000
620090250000
620090260000
620090270000
620090280000
620090290000
620090300000
620090310000
620090320000
620090330000
620090340000
620100010000
620100020000
620100030000
620100040000
620100050000
620100060000
620100070000
620100080000
620100090000
620100100000
620100110000
620100120000
620100130000
620100140000
620100150000
620100160000
620100170000
620100180000
620100190000
620100200000
620100210000
620100220000
620100230000
620100240000
620100250000
620100260000
620100270000
620100280000
620100290000
620100300000
620100310000
620100320000
620100330000
620100340000
620100350000
620100360000
620100370000
620100380000
620100390000
620100400000
620100410000
620100420000
620100430000
620100440000
620100450000
620100460000
620100470000
620100480000
620100490000
620100500000
620100510000
620100520000
620100530000
620100540000
620100550000
620110010000
620110020000
620110030000
620110040000
620110050000
620110060000
620110070000
620110080000
620110090000
620110100000
620110110000
620110120000
620110130000
620110140000
620110150000
620110160000
620110170000
620110180000
620110190000
620110200000
620110210000
620110220000
620110230000
620110240000
620110250000
620110260000
620110270000
620110280000
620110290000
620110300000
620110310000
620110320000
620110330000
620110340000
620110350000
620110360000
620110370000
620110380000
620110390000
620110400000
620110410000
620110420000
620110430000
620110440000
620110450000
620110460000
620110470000
620110480000
620110490000
620110500000
620110510000
620110520000
620110530000
620110540000
620110550000
620110560000
620110570000
620110580000
620110590000
620110600000
620110610000
620110620000
620120010000
620120020000
620120030000
620120040000
620120050000
620120060000
620120070000
620120080000
620120090000
620120100000
620120110000
620120120000
620130010000
620130030000
620130040000
620130050000
620130060000
620130070000
620130080000
620130090000
620130100000
620130110000
620130120000
620130130000
620130170000
620130180000
620130190000
620130200000
620130210000
620130220000
620130260000
620130270000
620140010000
620140030000
620140040000
620140050000
620140060000
620140070000
620140080000
620140090000
620140100000
620140110000
620140120000
620140130000
620140140000
620140150000
620140160000
620140170000
620140180000
620140200000
620140210000
620140220000
620140230000
620140240000
620140250000
620140260000
620140270000
620140280000
620140290000
620140300000
620147770000
620150010000
620150020000
620150030000
620150040000
620150050000
620150060000
620150070000
620150080000
620150090000
620150100000
620150110000
620150120000
620150130000
620150140000
620150150000
620150160000
620150170000
620150180000
620150190000
620150200000
620150210000
620150220000
620150230000
620150240000
620150250000
620150260000
620150270000
620150280000
620150290000
620150300000
620150310000
620150320000
620150330000
620150340000
620150350000
620150360000
620150370000
620150380000
620150390000
620150400000
620150420000
620150430000
620150440000
620150450000
620160010000
620160020000
620160030000
620160040000
620160050000
620160060000
620160070000
620160080000
620160090000
620160100000
620160110000
620160120000
620160130000
620160140000
620160150000
620160160000
620160170000
620160180000
620160190000
620170010000
620170020000
620170030000
620170040000
620170050000
620170060000
620170070000
620170080000
620170090000
620180010000
620180020000
620180030000
620180040000
620180050000
620180060000
620180070000
620180080000
620180090000
620180100000
620180110000
620180120000
620190010000
620190020000
620190030000
620190040000
620190050000
620190060000
620190070000
620190090000
620190100000
620190110000
620190120000
620190130000
620190140000
620190150000
620190160000
620190170000
620190180000
620190200000
620190210000
620190220000
620190230000
620190240000
620190250000
620190260000
620190270000
620190280000
620190290000
620190300000
620190310000
620190320000
620190330000
620200010000
620200020000
620200030000
620200040000
620200050000
620200060000
620200070000
620200080000
620200090000
620200100000
620200110000
620210010000
620210020000
620210030000
620210040000
620210050000
620210060000
630010010000
630010020000
630010030000
630010040000
630010050000
630010060000
630010070000
640010010000
640010020000
640010030000
640010040000
640010050000
640010060000
640010070000
640010080000
640010270000
640010280000
640010290000
640010300000
640010310000
640010320000
640010330000
640010340000
640010350000
640010360000
640010370000
640010380000
640010390000
640010410000
640010430000
640010460000
640010480000
640010490000
640010510000
640010520000
640010530000
640010540000
640010550000
640010560000
640010570000
640010590000
640010600000
640010650000
640010710000
640010730000
640010840000
640010850000
640010870000
640010880000
640010890000
640010900000
640010910000
640010920000
640010930000
640010940000
640010950000
640010980000
640010990000
640011020000
640011030000
640011040000
640011050000
640011060000
640011080000
640011090000
640011100000
640011110000
640011120000
640011130000
640011140000
640011150000
640011170000
640011180000
640011190000
640011200000
640011210000
640011220000
640011230000
640011240000
640011250000
640011260000
640011270000
640011280000
640011290000
640011300000
640011350000
640011360000
640011370000
640011380000
640011390000
640011400000
640011410000
640011420000
640011430000
640011450000
640011460000
640011470000
640011480000
640011490000
640011500000
640011510000
640011520000
640011540000
640011550000
640011560000
640011570000
640011580000
640011590000
640011600000
640011610000
640011620000
640011630000
640011640000
640011650000
640011660000
640011670000
640011680000
640011690000
640011700000
640011710000
640020010000
640020020000
640020030000
640020210000
640020540000
640020550000
640020610000
640020620000
640020760000
640021180000
640021230000
640021240000
640021250000
640021320000
640021370000
640021410000
640021420000
640021430000
640021440000
640021470000
640021480000
640021540000
640021550000
640021560000
640021570000
640021580000
640021590000
640021600000
640021610000
640021620000
640021630000
640021640000
640021650000
640021660000
640021670000
640021680000
640021690000
640021700000
640021710000
640021720000
640030010000
640030020000
640030030000
640030050000
640030060000
640030070000
640030080000
640030090000
640030150000
640030160000
640030260000
640030280000
640030290000
640030300000
640030310000
640030320000
640030350000
640030970000
640040010000
640040020000
640040030000
640040040000
640040050000
640040060000
640040070000
640040080000
640040110000
640040120000
640040130000
640040140000
640040150000
640040160000
640040170000
640040180000
640040190000
640040200000
640040230000
640040550000
640040560000
640040570000
640040580000
640040590000
640040600000
640050010000
640050020000
640050030000
640050040000
640050050000
640050060000
640050070000
640050080000
640050090000
640050100000
640050110000
640050120000
640050130000
640050140000
640050150000
640050160000
640050170000
640050180000
640050190000
640050200000
640050210000
640050220000
640050230000
640050240000
640050250000
640050260000
640050270000
640050280000
640050290000
640050300000
640060010000
640060020000
640060030000
640060040000
640060050000
640060060000
640060070000
640060090000
640060110000
640060130000
640060140000
640060150000
640060160000
640060200000
640060210000
640060220000
640060230000
640060240000
640060250000
640060260000
640060270000
640060280000
640060290000
640060300000
640060330000
640060340000
640060350000
640060360000
640060370000
640060380000
640060390000
640060400000
640060410000
640060420000
640060430000
640060440000
640060450000
640060460000
640060470000
640060480000
640060490000
640060500000
640060510000
640060520000
640060540000
640060550000
640060560000
640060570000
640060580000
640060590000
640060600000
640060610000
640060620000
640060630000
640060640000
640060650000
640060660000
640060670000
640060680000
640060690000
640060700000
640060710000
640060720000
640060730000
640060740000
640060750000
640060760000
640060770000
640060780000
640060790000
640060800000
640060820000
640060840000
640060860000
640060870000
640070010000
640070020000
640070030000
640070040000
640070050000
640070060000
640070070000
640070080000
640070090000
640070100000
640070110000
640070120000
640070130000
640070140000
640070150000
640070160000
640070170000
640070180000
640070190000
640070200000
640070210000
640070220000
640070230000
640070240000
640070250000
640070260000
640070270000
640070280000
640070290000
640070300000
640070310000
640070320000
640070330000
640070340000
640070350000
640070360000
640070370000
640070380000
640070390000
640070400000
640070410000
640070420000
640070430000
640070440000
640070450000
640070460000
640070470000
640070480000
640070490000
640070500000
640070510000
640070520000
640070530000
640070540000
640070550000
640070560000
640070570000
640070580000
640070590000
640070600000
640070610000
640070620000
640070630000
640070640000
640070650000
640070660000
640070670000
640070680000
640070690000
640070700000
640070710000
640070720000
640070730000
640070740000
640070750000
640070760000
640070770000
640070780000
640070790000
640070800000
640070810000
640070820000
640070830000
640070840000
640070850000
640070860000
640070870000
640070890000
640070920000
640070940000
640070950000
640070960000
640070970000
640070980000
640070990000
640071000000
640071010000
640071020000
640071030000
640071040000
640071050000
640071060000
640071070000
640071080000
640071090000
640071100000
640071110000
640071120000
640071130000
640071140000
640071150000
640071160000
640071170000
640071180000
640071190000
640071200000
640071210000
640071220000
640071230000
640071240000
640071250000
640071260000
640071270000
640071280000
640071290000
640080010000
640080040000
640080050000
640080060000
640080070000
640080080000
640080090000
640080100000
640080110000
640080120000
640080130000
640080200000
640080210000
640080220000
640080240000
640080250000
640080260000
640080270000
640080280000
640080290000
640080300000
640080310000
640080320000
640080330000
640080340000
640080350000
640080360000
640080370000
640080380000
640080390000
640080400000
640080410000
640080420000
640080430000
640080450000
640080460000
640080470000
640080480000
640080490000
640080500000
640080510000
640080520000
640080530000
640080540000
640080550000
640080560000
640080570000
640080580000
640080590000
640080600000
640080610000
640080620000
640080630000
640080640000
640080650000
640080660000
640080670000
640080680000
640080690000
640080700000
640080710000
640080720000
640080730000
640080740000
640080750000
640080760000
640080780000
640080790000
640080800000
640080810000
640080820000
640080830000
640080840000
640080850000
640080860000
640080870000
640080880000
640080890000
640080900000
640080910000
640080920000
640090010000
640090020000
640090030000
640090040000
640090050000
640090060000
640090070000
640090080000
640090090000
640090100000
640090110000
640090120000
640090130000
640090140000
640090150000
640090160000
640090170000
640090180000
640090190000
640090200000
640090210000
640090220000
640090230000
640090240000
640090250000
640090260000
640090270000
640090280000
640090290000
640090300000
640090310000
640090320000
640090330000
640090340000
640090350000
640090360000
640090370000
640090380000
640090390000
640090400000
640090410000
640090420000
640090430000
640090440000
640090450000
640090460000
640090470000
640090480000
640090490000
640090500000
640090510000
640090520000
640090530000
640090540000
640090550000
640090560000
640090570000
640090580000
640090590000
640090600000
640090610000
640090620000
640090630000
640090640000
640090650000
640090660000
640090670000
640090680000
640090690000
640090700000
640090710000
640090720000
640090730000
640090740000
640090750000
640090760000
640090770000
640090780000
640090790000
640090800000
640100010000
640100020000
640100030000
640100040000
640100050000
640100060000
640100070000
640100080000
640100090000
640100100000
640100110000
640100120000
640100130000
640100140000
640100150000
640100160000
640100170000
640100180000
640100190000
640100200000
640100210000
640100220000
640100230000
640100240000
640100250000
640100260000
640100270000
640100280000
640100290000
640100300000
640100310000
640100320000
640100330000
640100340000
640100350000
640100360000
640100370000
640100380000
640100390000
640100400000
640100410000
640100420000
640100430000
640100440000
640100450000
640100460000
640100470000
640100480000
640100490000
640100500000
640100510000
640100520000
640100530000
640100540000
640100550000
640100560000
640100570000
640100580000
640100590000
640100600000
640100610000
640100620000
640100630000
640100640000
640100650000
640100660000
640100670000
640100680000
640100690000
640100700000
640100710000
640100720000
640100730000
640100740000
640100750000
640100760000
640100770000
640100780000
640100790000
640100800000
640100810000
640100820000
640100830000
640100840000
640110010000
640110020000
640110030000
640110040000
640110050000
640110060000
640110070000
640110080000
640110090000
640110100000
640110110000
640110120000
640110130000
640110140000
640110150000
640110160000
640110180000
640110190000
640110200000
640110210000
640110220000
640110230000
640110240000
640110250000
640110260000
640110270000
640110280000
640110290000
640110300000
640110310000
640110320000
640110330000
640110340000
640110350000
640110360000
640110370000
640110380000
640110390000
640110400000
640110410000
640110420000
640110430000
640110440000
640110450000
640110460000
640110470000
640110480000
640110490000
640110500000
640110510000
640110520000
640110530000
640110540000
640110550000
640110560000
640110570000
640110580000
640110590000
640110600000
640110610000
640110620000
640110630000
640110640000
640110650000
640110660000
640110680000
640110690000
640110700000
640110720000
640110730000
640110740000
640110750000
640110760000
640110770000
640110780000
640120010000
640120020000
640120030000
640120040000
640120050000
640120060000
640120070000
640120080000
640120090000
640120100000
640120110000
640120120000
640120130000
640120140000
640120150000
640120160000
640120170000
640120180000
640120190000
640120200000
640120210000
640120220000
640120230000
640120240000
640120250000
640120260000
640120270000
640120280000
640120290000
640120300000
640120310000
640120320000
640120330000
640120340000
640120350000
640120360000
640120370000
640120380000
640120390000
640120400000
640120410000
640120420000
640120430000
640120440000
640120450000
640120460000
640120470000
640120480000
640120490000
640120500000
640120510000
640120520000
640120530000
640120540000
640120550000
640120560000
640120570000
640120580000
640120590000
640120600000
640120610000
640120620000
640120630000
640120640000
640120650000
640120660000
640120670000
640120680000
640120690000
640120700000
640120710000
640120720000
640120730000
640120740000
640120750000
640120760000
640120770000
640120780000
640120790000
640120800000
640120810000
640120820000
640120830000
640120840000
640120850000
640130010000
640130020000
640130030000
640130040000
640130050000
640130060000
640130070000
640130080000
640130090000
640130100000
640130110000
640130120000
640130130000
640130140000
640130150000
640130160000
640130170000
640130180000
640130190000
640130200000
640130210000
640130220000
640130230000
640130240000
640130250000
640130260000
640130270000
640130280000
640130290000
640130300000
640130310000
640130320000
640130330000
640130340000
640130350000
640130360000
640130370000
640130380000
640130390000
640130400000
640130410000
640130420000
640130430000
640130440000
640130450000
640130460000
640130470000
640130480000
640130490000
640130500000
640130510000
640130520000
640130530000
640130540000
640130550000
640130560000
640130570000
640130580000
640130590000
640130600000
640130610000
640130620000
640130630000
640130640000
640130650000
640130660000
640130670000
640130680000
640130690000
640130700000
640130710000
640130720000
640130730000
640130740000
640130750000
640130800000
640130850000
640140010000
640140020000
640140030000
640140040000
640140050000
640140060000
640140070000
640140080000
640140090000
640140100000
640140110000
640140120000
640140130000
640140140000
640140150000
640140160000
640140170000
640140180000
640140190000
640140200000
640140210000
640140220000
640140230000
640140240000
640140250000
640140260000
640140270000
640140280000
640140290000
640140300000
640140310000
640140320000
640140330000
640140340000
640140350000
640140360000
640140370000
640140380000
640140390000
640140400000
640140410000
640140420000
640140430000
640140440000
640140450000
640140460000
640140470000
640140480000
640140490000
640140500000
640140510000
640140520000
640140530000
640140540000
640140550000
640140560000
640140570000
640140580000
640140590000
640140600000
640140610000
640140620000
640140630000
640140640000
640140650000
640140660000
640140670000
640140680000
640140690000
640140700000
640140710000
640140720000
640140730000
640140740000
640150010000
640150020000
640150030000
640150040000
640150050000
640150060000
640150070000
640150080000
640150090000
640150100000
640150110000
640150120000
640150130000
640150140000
640150150000
640150160000
640150170000
640150180000
640150190000
640150200000
640150210000
640150220000
640150230000
640150240000
640150250000
640150260000
640150270000
640150280000
640150290000
640150300000
640150310000
640150320000
640150330000
640150340000
640150350000
640150360000
640150370000
640150380000
640150390000
640150400000
640150410000
640150420000
640150430000
640150440000
640150450000
640150460000
640150470000
640150480000
640150490000
640150500000
640150510000
640150520000
640150530000
640150540000
640150550000
640150560000
640150570000
640150580000
640150590000
640150600000
640150610000
640150620000
640150630000
640150640000
640150650000
640150660000
640150670000
640150680000
640150690000
640150700000
640150710000
640150720000
640150730000
640150740000
640150750000
640150760000
640150770000
640150780000
640150790000
640150800000
640150810000
640150820000
640150830000
640150840000
640150850000
640150860000
640150880000
640150890000
640150900000
640150910000
640150920000
640150930000
640150940000
640150950000
640150960000
640150970000
640150980000
640150990000
640151000000
640151010000
640151020000
640151030000
640151050000
640151060000
640151070000
640151080000
640151090000
640160010000
640160020000
640160030000
640160040000
640160050000
640160060000
640160070000
640160080000
640160090000
640160100000
640160110000
640160120000
640160130000
640160140000
640160150000
640160160000
640160170000
640160180000
640160190000
640160200000
640160210000
640160220000
640160230000
640160240000
640160250000
640160260000
640160270000
640160280000
640160290000
640160300000
640160310000
640160320000
640160330000
640160340000
640160350000
640160360000
640160370000
640160390000
640160400000
640160410000
640160420000
640160430000
640160440000
640160450000
640160460000
640160470000
640160480000
640160490000
640160500000
640160510000
640160520000
640160530000
640160540000
640160550000
640160560000
640160570000
640160580000
640160590000
640160600000
640160610000
640160620000
640160630000
640160640000
640160650000
640170010000
640170020000
640170030000
640170040000
640170050000
640170060000
640170070000
640170080000
640170090000
640170100000
640170110000
640170120000
640170130000
640170140000
640170150000
640170160000
640170170000
640170180000
640170190000
640170200000
640170210000
640170220000
640170230000
640170240000
640170250000
640170260000
640170270000
640170280000
640170290000
640170300000
640170310000
640170320000
640170330000
640170340000
640170350000
640170360000
640170380000
640170400000
640170410000
640170420000
640170430000
640170440000
640170450000
640170460000
640170470000
640170480000
640170490000
640170500000
640170510000
640170520000
640170530000
640170540000
640170550000
640170560000
640170570000
640170580000
640170590000
640170600000
640170610000
640170620000
640170630000
640170640000
640170650000
640170660000
640170670000
640170680000
640170690000
640170700000
640170710000
640170720000
640170730000
640170740000
640170750000
640170760000
640170770000
640170780000
640170790000
640170800000
640170810000
640170820000
640170830000
640170840000
640170850000
640170860000
640170870000
640170880000
640170890000
640170900000
640170910000
640170920000
640170930000
640170940000
640170950000
640170960000
640170970000
640170980000
640170990000
640171000000
640171010000
640171020000
640171030000
640171040000
640171050000
640171060000
640171070000
640171080000
640171090000
640171100000
640171110000
640171120000
640171130000
640171140000
640171150000
640171160000
640171170000
640180010000
640180020000
640180030000
640180040000
640180050000
640180060000
640180070000
640180080000
640180090000
640180100000
640180110000
640180120000
640180130000
640180140000
640180150000
640180160000
640180170000
640180180000
640180190000
640180220000
640180250000
640180260000
640180270000
640180280000
640180290000
640180300000
640180310000
640180320000
640180330000
640180340000
640180350000
640180360000
640180370000
640180380000
640180400000
640180410000
640180420000
640180430000
640180440000
640180450000
640180460000
640180470000
640180480000
640180490000
640180500000
640180510000
640180520000
640180530000
640180540000
640180550000
640180560000
640180570000
640180580000
640180590000
640180600000
640180610000
640180620000
640180630000
640180640000
640180650000
640180700000
640180720000
640180740000
640180770000
640180780000
640180790000
640180800000
640180810000
640180820000
640180830000
640180840000
640180850000
640180860000
640180870000
640180880000
640180890000
640180900000
640180910000
640180920000
640180930000
640180940000
640180950000
640180960000
640180970000
640180980000
640180990000
640181000000
640181010000
640190010000
640190020000
640190030000
640190040000
640190050000
640190060000
640190070000
640190080000
640190090000
640190100000
640190110000
640190120000
640190130000
640190140000
640190150000
640190160000
640190170000
640190180000
640190190000
640190200000
640190210000
640190220000
640190230000
640190240000
640190250000
640190260000
640190270000
640190280000
640190290000
640190300000
640190310000
640190320000
640190330000
640190340000
640190350000
640190360000
640190370000
640190380000
640190390000
640190400000
640190410000
640190420000
640190430000
640190440000
640190450000
640190460000
640190470000
640190480000
640190490000
640190500000
640190510000
640190520000
640190530000
640190540000
640190550000
640190560000
640190570000
640190580000
640190590000
640190600000
640190610000
640190620000
640190630000
640190650000
640190660000
640200010000
640200020000
640200030000
640200040000
640200050000
640200060000
640200070000
640200080000
640200090000
640200100000
640200110000
640200120000
640200130000
640200140000
640200150000
640200160000
640200170000
640200180000
640200190000
640200200000
640200210000
640200220000
640200230000
640200240000
640200250000
640200260000
640200270000
640200280000
640200290000
640200300000
640200310000
640200320000
640200330000
640200340000
640200350000
640200360000
640200370000
640200380000
640200390000
640200400000
640200410000
640200420000
640200430000
640200440000
640200450000
640200460000
640200470000
640200480000
640200500000
640210010000
640210020000
640210030000
640210040000
640210050000
640210060000
640210070000
640210080000
640210090000
640210100000
640210110000
640210120000
640210130000
640210140000
640210150000
640210160000
640210170000
640210180000
640210190000
640210200000
640210210000
640210220000
640210230000
640210240000
640210250000
640210260000
640210270000
640210280000
640210290000
640210300000
640210310000
640210320000
640210330000
640210340000
640210350000
640210360000
640210370000
640210380000
640210390000
640210400000
640210410000
640210420000
640210430000
640210440000
640210450000
640210460000
640210470000
640210480000
640210490000
640210500000
640210510000
640210520000
640210530000
640210540000
640210550000
640210560000
640210570000
640210580000
640210590000
640210600000
640210610000
640210620000
640210630000
640210640000
640210650000
640210660000
640210670000
640210680000
640210690000
640210700000
640210710000
640210720000
640210730000
640210740000
640210750000
640210760000
640210770000
640210780000
640210790000
640210800000
640210810000
640210820000
640220010000
640220020000
640220030000
640220040000
640220050000
640220060000
640220070000
640220080000
640220110000
640220120000
640220130000
640220140000
640220150000
640220160000
640220170000
640220180000
640220190000
640220200000
640220210000
640220220000
640220230000
640220240000
640220250000
640220260000
640220270000
640220280000
640220290000
640220300000
640220310000
640220320000
640220330000
640220340000
640220350000
640220360000
640220370000
640220380000
640220390000
640220410000
640220420000
640230010000
640230020000
640230030000
640230040000
640230050000
640230060000
640230070000
640230080000
640230090000
640230100000
640230110000
640230120000
640230130000
640230140000
640230150000
640230160000
640230170000
640230180000
640230190000
640230200000
640230210000
640230220000
640230230000
640230240000
640230250000
640230260000
640230270000
640230280000
640230290000
640230300000
640230310000
640230320000
640230330000
640230340000
640230350000
640230360000
640230370000
640230380000
640230390000
640230400000
640230410000
640230420000
640230430000
640230440000
640230450000
640230460000
640230470000
640230480000
640230490000
640230500000
640230510000
640230520000
640230530000
640230540000
640230550000
640230560000
640230570000
640230580000
640230590000
640230600000
640230610000
640230620000
640230630000
640230640000
640230650000
640230660000
640230670000
640230680000
640230690000
640230700000
640230710000
640230720000
640230730000
640230740000
640230750000
640230760000
640230770000
640230780000
640230790000
640230800000
640230810000
640230820000
640230830000
640230840000
640230850000
640230860000
640230870000
640230880000
640230890000
640230930000
640230940000
640230950000
640230960000
640230970000
640230980000
640230990000
640231000000
640231010000
640231020000
640231030000
640231040000
640231050000
640231060000
640231070000
640231080000
640231090000
640231100000
640231110000
640231120000
640231130000
640231140000
640231150000
640231160000
640231170000
640231180000
640231190000
640231200000
640231210000
640231220000
640231230000
640231240000
640231250000
640240010000
640240020000
640240030000
640240040000
640240050000
640240060000
640240070000
640240080000
640240090000
640240100000
640240110000
640240120000
640240130000
640240140000
640240150000
640240160000
640240170000
640240180000
640240190000
640240200000
640240210000
640240220000
640240240000
640240250000
640240260000
640240270000
640240280000
640240290000
640240300000
640240310000
640240320000
640240330000
640240340000
640240350000
640240360000
640240370000
640240380000
640240390000
640240400000
640250010000
640250020000
640250030000
640250040000
640250050000
640250060000
640250070000
640250080000
640250090000
640250100000
640250110000
640250120000
640250130000
640250140000
640250150000
640250160000
640250170000
640250180000
640250190000
640250200000
640250210000
640250220000
640250230000
640250240000
640250250000
640250260000
640250270000
640250280000
640250290000
640250300000
640250310000
640250320000
640250330000
640250340000
640250350000
640250360000
640250370000
640250380000
640250390000
640260010000
640260020000
640260030000
640260040000
640260050000
640260060000
640260070000
640260080000
640260090000
640260100000
640260110000
640260120000
640260130000
640260140000
640260150000
640260160000
640260170000
640260180000
640260190000
640260200000
640260210000
640260220000
640260230000
640260240000
640260250000
640260260000
640260270000
640260280000
640260300000
640260310000
640260320000
640260330000
640260340000
640260350000
640260360000
640260370000
640260380000
640260390000
640260400000
640260410000
640260420000
640260430000
640260440000
640260450000
640260460000
640260470000
640260480000
640260490000
640260500000
640260510000
640260520000
640260530000
640260540000
640260550000
640260560000
640260570000
640260580000
640260590000
640270010000
640270020000
640270030000
640270040000
640270050000
640270060000
640270070000
640270080000
640270090000
640270100000
640270110000
640270120000
640270130000
640270140000
640270150000
640270160000
640270170000
640270180000
640270190000
640270200000
640270210000
640270220000
640270230000
640270240000
640270250000
640270260000
640270270000
640270280000
640270290000
640270300000
640270310000
640270320000
640270330000
640270340000
640270350000
640270360000
640270370000
640270380000
640270390000
640270400000
640270410000
640270420000
640270430000
640270440000
640270450000
640270460000
640270470000
640270480000
640270490000
640270500000
640270510000
640270520000
640270530000
640270540000
640270550000
640270560000
640270570000
640270580000
640270590000
640270600000
640270610000
640270620000
640270630000
640270640000
640270650000
640270660000
640270670000
640270680000
640270690000
640270700000
640270710000
640270720000
640270730000
640270740000
640270750000
640270760000
640280010000
640280020000
640280030000
640280040000
640280050000
640280060000
640280070000
640280080000
640280090000
640280100000
640280110000
640280120000
640280130000
640280140000
640280150000
640280160000
640280170000
640280180000
640280190000
640280200000
640280210000
640280220000
640280230000
640280240000
640280250000
640280260000
640280270000
640280280000
640280290000
640280300000
640280310000
640280320000
640280330000
640280340000
640280350000
640280360000
640280370000
640280380000
640280390000
640280400000
640280410000
640280420000
640280430000
640280440000
640280450000
640280460000
640280470000
640280480000
640280490000
640280500000
640280510000
640280520000
640280530000
640280540000
640280550000
640280560000
640280570000
640280580000
640280590000
640280600000
640280610000
640280620000
640280630000
640280640000
640280650000
640280660000
640280670000
640280680000
640280690000
640280700000
640280710000
640290010000
640290020000
640290030000
640290040000
640290050000
640290060000
640290070000
640290080000
640290090000
640290100000
640290110000
640290120000
640290130000
640290140000
640290150000
640290160000
640290170000
640290180000
640290190000
640290200000
640290210000
640290220000
640290230000
640290240000
640290250000
640290260000
640290270000
640290280000
640290290000
640290300000
640290310000
640290320000
640290330000
640290340000
640290350000
640290360000
640290370000
640290380000
640290390000
640290400000
640290410000
640290420000
640290430000
640290440000
640290450000
640290460000
640290470000
640290480000
640290490000
640290500000
640290510000
640290520000
640290530000
640290540000
640290550000
640290560000
640300010000
640300020000
640300030000
640300040000
640300050000
640300060000
640300070000
640300080000
640300090000
640300100000
640300110000
640300120000
640300130000
640300140000
640300150000
640300160000
640300170000
640300180000
640300190000
640300200000
640300210000
640300220000
640300230000
640300240000
640300250000
640300260000
640300270000
640310010000
640310020000
640310030000
640310040000
640310050000
640310060000
640310070000
640310080000
640310090000
640310100000
640310110000
640320010000
640320020000
640320030000
640320040000
640320050000
640320060000
640320070000
640320080000
640320090000
640320100000
640320110000
640320120000
640320130000
640320140000
640320150000
640320160000
640320170000
640320180000
640320190000
640320200000
640320210000
640320220000
640320230000
640320240000
640320250000
640320260000
640320270000
640320280000
640320290000
640320300000
640320310000
640320320000
640320330000
640320340000
640320350000
640330010000
640330020000
640330030000
640330040000
640330050000
640330060000
640330070000
640330080000
640330090000
640330100000
640330110000
640330120000
640330130000
640330140000
640330150000
640330160000
640330170000
640330180000
640330190000
640330200000
640330210000
640330220000
640330230000
640330240000
640330250000
640330260000
640330270000
640330280000
640330290000
640330300000
640330310000
640330320000
640330330000
640330340000
640330350000
640330360000
640330370000
640330380000
640330390000
640340010000
640340030000
640340040000
640340050000
640340060000
640340070000
640340080000
640340090000
640340100000
640340110000
640340120000
640340130000
640340140000
640340150000
640340160000
640340170000
640340180000
640340190000
640340200000
640340210000
640340220000
640340230000
640340240000
640340250000
640340260000
640340270000
640340280000
640340290000
640340300000
640340310000
640340320000
640340330000
640340340000
640340350000
640340360000
640340370000
640340380000
640340390000
640340400000
640340410000
640340420000
640340430000
640340440000
640340450000
640340460000
640340540000
640340550000
640350010000
640350020000
640350030000
640350040000
640350050000
640350060000
640350070000
640350080000
640350090000
640350100000
640350110000
640350120000
640350130000
640350140000
640350150000
640350160000
640350170000
640350180000
640350190000
640350200000
640350210000
640350220000
640350230000
640350240000
640350250000
640350260000
640350270000
640350280000
640350290000
640350300000
640350310000
640350320000
640350330000
640350340000
640350350000
640350360000
640350370000
640350380000
640350390000
640350400000
640350410000
640350420000
640350430000
640350440000
640350450000
640350460000
640350470000
640350480000
640350490000
640350500000
640350510000
640350520000
640350530000
640350540000
640350550000
640350560000
640350570000
640350580000
640350590000
640350600000
640350610000
640350620000
640350630000
640350640000
640350650000
640350660000
640350670000
640350680000
640350690000
640350700000
640350710000
640350720000
640350730000
640350740000
640350750000
640350760000
640350770000
640350780000
640350790000
640350800000
640350810000
640350820000
640350830000
640350840000
640350850000
640350860000
640350870000
640350880000
640350890000
640350900000
640350910000
640350920000
640350930000
640350940000
640350950000
640350960000
640350970000
640350980000
640350990000
640351000000
640351010000
640351020000
640351030000
640351040000
640351050000
640351060000
640351070000
640351080000
640351090000
640360010000
640360020000
640360030000
640360040000
640360050000
640360060000
640360070000
640360080000
640360090000
640360100000
640360110000
640360120000
640360130000
640360140000
640360150000
640360160000
640360170000
640360180000
640360190000
640360200000
640360210000
640360220000
640360230000
640360240000
640360250000
640360260000
640360270000
640360280000
640360290000
640360300000
640360310000
640360320000
640360330000
640360340000
640360350000
640360360000
640360370000
640360380000
640360390000
640360400000
640360410000
640360420000
640360430000
640360440000
640360450000
640360460000
640360470000
640360480000
640360490000
640360500000
640360510000
640360520000
640360530000
640360540000
640360550000
640360560000
640360570000
640360580000
640360590000
640360600000
640360610000
640360620000
640360630000
640360640000
640360650000
640360660000
640360670000
640360680000
640360690000
640360700000
640360710000
640360720000
640360730000
640360740000
640360750000
640370010000
640370020000
640370030000
640370040000
640370050000
640370060000
640370070000
640380010000
640380020000
640380030000
640380040000
640380050000
640380060000
640380070000
640380080000
640380090000
640380100000
640380110000
640380120000
640380130000
650010020000
650010030000
650010040000
650010060000
650010080000
650010090000
650010100000
650010110000
650010130000
650010140000
650010150000
650010170000
650010190000
650010200000
650010210000
650010330000
650010450000
650010470000
650010510000
650010520000
650010530000
650010540000
650010550000
650010560000
650010570000
650010580000
650020420000
650020430000
650020440000
650020450000
650020460000
650020470000
650020480000
650020490000
650020520000
650020530000
650020540000
650020550000
650020560000
650020570000
650020580000
650020590000
650020740000
650020810000
650021100000
650021110000
650021210000
650021220000
650021260000
650021270000
650021280000
650021290000
650021310000
650021470000
650021480000
650021490000
650021510000
650021520000
650021530000
650021540000
650021550000
650021560000
650021570000
650021580000
650021590000
650021600000
650021620000
650021630000
650021640000
650021650000
650021660000
650021670000
650021680000
650021690000
650021700000
650021710000
650021720000
650021730000
650021740000
650021750000
650021760000
650021770000
650021780000
650021790000
650021800000
650021810000
650021820000
650021830000
650021850000
650021860000
650021870000
650021880000
650021890000
650021900000
650021910000
650021920000
650021930000
650021940000
650021950000
650021960000
650021970000
650021980000
650021990000
650022000000
650030010000
650030020000
650030040000
650030050000
650030060000
650030070000
650030080000
650030090000
650030100000
650030110000
650030120000
650030130000
650030150000
650030160000
650030170000
650030180000
650030190000
650030200000
650030210000
650030260000
650030280000
650030290000
650030300000
650030310000
650030320000
650030330000
650030340000
650030350000
650030360000
650030370000
650030380000
650030390000
650030400000
650030410000
650030420000
650030430000
650030440000
650030450000
650030460000
650030470000
650040010000
650040020000
650040030000
650040040000
650040050000
650040060000
650040070000
650040080000
650040090000
650040100000
650040110000
650040120000
650040130000
650040140000
650040150000
650040160000
650040170000
650040180000
650040230000
650040240000
650040250000
650040260000
650040270000
650040280000
650040310000
650040320000
650040330000
650040340000
650040380000
650040390000
650040400000
650040410000
650040480000
650040490000
650040560000
650040580000
650040590000
650040630000
650040660000
650040670000
650040680000
650040690000
650040700000
650040710000
650040720000
650040730000
650040740000
650040750000
650040790000
650040800000
650040810000
650040820000
650040830000
650040840000
650040850000
650040860000
650040870000
650040880000
650040890000
650040900000
650040910000
650040920000
650040930000
650040940000
650040950000
650040960000
650040970000
650040980000
650040990000
650041000000
650041010000
650041020000
650041030000
650041040000
650041050000
650041060000
650041070000
650041080000
650041090000
650041100000
650050010000
650050020000
650050030000
650050040000
650050050000
650050060000
650050070000
650050090000
650050100000
650050110000
650050130000
650050140000
650050150000
650050160000
650050180000
650050190000
650050200000
650050210000
650050220000
650050230000
650050250000
650060010000
650060020000
650060030000
650060050000
650060070000
650060080000
650060090000
650060120000
650060130000
650060140000
650060150000
650060160000
650060170000
650060180000
650060190000
650070010000
650070020000
650070030000
650070040000
650070050000
650070060000
650070070000
650070080000
650070090000
650070110000
650070120000
650070130000
650070140000
650070150000
650070160000
650070170000
650070180000
650070190000
650070200000
650070210000
650070220000
650070230000
650070240000
650070250000
650070260000
650070270000
650070280000
650070290000
650070310000
650070320000
650070330000
650070340000
650070350000
650070360000
650070370000
650070380000
650070390000
650070400000
650070410000
650070420000
650070430000
650070440000
650070450000
650070470000
650070480000
650070490000
650070500000
650070510000
650070520000
650070530000
650070540000
650070550000
650070560000
650070570000
650070580000
650070590000
650070600000
650070610000
650070620000
650070630000
650070640000
650070650000
650070660000
650070670000
650070680000
650070690000
650070700000
650070710000
650070720000
650070730000
650070740000
650070750000
650070760000
650070770000
650070780000
650070790000
650070800000
650070810000
650070820000
650070830000
650070840000
650070850000
650070860000
650080010000
650080020000
650080030000
650080040000
650080050000
650080060000
650080070000
650080080000
650080090000
650080100000
650080110000
650080120000
650080130000
650080140000
650080150000
650080160000
650080170000
650080180000
650080190000
650080200000
650080210000
650080220000
650080230000
650080240000
650080250000
650080260000
650080270000
650080280000
650080290000
650080300000
650080310000
650080320000
650080330000
650080340000
650080350000
650080360000
650080370000
650080380000
650080390000
650090010000
650090020000
650090030000
650090040000
650090050000
650090060000
650090070000
650090080000
650090090000
650090100000
650090110000
650090120000
650090130000
650090140000
650090150000
650090160000
650090170000
650090180000
650090190000
650090200000
650090210000
650090220000
650090230000
650090240000
650090250000
650090260000
650090270000
650090280000
650090290000
650090300000
650090310000
650090320000
650090330000
650090340000
650090350000
650090360000
650090370000
650090380000
650090390000
650090400000
650090410000
650090420000
650090430000
650090440000
650090450000
650090460000
650090470000
650090480000
650090490000
650090500000
650090510000
650090520000
650090530000
650090540000
650090550000
650090560000
650090570000
650090580000
650090590000
650090600000
650090610000
650090620000
650090630000
650090640000
650090650000
650090660000
650090670000
650090680000
650090690000
650090700000
650090710000
650090720000
650090730000
650090740000
650090750000
650090760000
650090770000
650090780000
650090790000
650090800000
650090810000
650090820000
650090830000
650090840000
650090850000
650090860000
650090870000
650090880000
650090910000
650090920000
650090930000
650090940000
650090950000
650090960000
650090970000
650090980000
650090990000
650091000000
650091010000
650091020000
650091030000
650091040000
650100010000
650100030000
650100040000
650100050000
650100060000
650100070000
650100090000
650100100000
650100110000
650100130000
650100140000
650100160000
650100170000
650100180000
650100190000
650100200000
650100210000
650100220000
650100240000
650100250000
650100260000
650100270000
650100280000
650100290000
650100300000
650100310000
650100320000
650100330000
650100340000
650100350000
650100360000
650100370000
650100380000
650100390000
650100400000
650100410000
650100420000
650100430000
650100440000
650100450000
650100460000
650100470000
650100480000
650100490000
650100500000
650100510000
650100520000
650100530000
650100540000
650100560000
650100570000
650110010000
650110020000
650110030000
650110040000
650110050000
650110060000
650110070000
650110080000
650110090000
650110100000
650110110000
650110120000
650110130000
650110140000
650110150000
650110160000
650110170000
650110180000
650110190000
650110200000
650110210000
650110220000
650110230000
650110240000
650110250000
650110260000
650110270000
650110280000
650110290000
650110300000
650110310000
650110320000
650110330000
650120010000
650120020000
650120030000
650120040000
650120050000
650120060000
650120070000
650120080000
650120090000
650120100000
650120110000
650120120000
650120130000
650120140000
650120150000
650120160000
650120170000
650120180000
650120190000
650120200000
650120210000
650120220000
650120230000
650120240000
650120250000
650120260000
650120270000
650120280000
650120290000
650120300000
650120310000
650120320000
650130010000
650130020000
650130030000
650130040000
650130050000
650130060000
650130070000
650130080000
650130090000
650130100000
650130110000
650130120000
650130130000
650130140000
650130150000
650130160000
650130170000
650130180000
650130190000
650130200000
650130210000
650130220000
650130230000
650130240000
650130250000
650130260000
650130270000
650130280000
650130290000
650130300000
650130310000
650130320000
650130330000
650130340000
650130350000
650130360000
650130370000
650130380000
650130390000
650130400000
660010020000
660010050000
660010060000
660010090000
660010100000
660010110000
660010130000
660010160000
660010370000
660010380000
660010400000
660010480000
660010500000
660010560000
660010630000
660010640000
660010650000
660010660000
660010670000
660010680000
660010690000
660010700000
660010710000
660010720000
660010730000
660010750000
660010760000
660010770000
660020010000
660020020000
660020030000
660020040000
660020050000
660020060000
660020070000
660020100000
660020170000
660020180000
660020190000
660020200000
660020210000
660020220000
660020230000
660020240000
660020250000
660020260000
660020270000
660020280000
660020290000
660020310000
660020320000
660020340000
660020350000
660020370000
660020390000
660020400000
660020410000
660020420000
660020430000
660020450000
660020460000
660020470000
660027770000
660030020000
660030030000
660030040000
660030050000
660030060000
660030070000
660030080000
660030100000
660030110000
660030130000
660040010000
660040020000
660040030000
660040040000
660040050000
660040060000
660040070000
660040080000
660040090000
660040100000
660040110000
660040120000
660040210000
660040220000
660040240000
660040250000
660040260000
660040300000
660040310000
660040320000
660040330000
660040340000
660040350000
660040360000
660040370000
660040380000
660040390000
660040560000
660040570000
660040580000
660040590000
660040620000
660040630000
660040640000
660040720000
660040730000
660040740000
660040770000
660040780000
660040790000
660040800000
660040810000
660040820000
660040830000
660040840000
660040850000
660040860000
660040870000
660040880000
660040890000
660040900000
660040910000
660040920000
660040930000
660040940000
660040950000
660040960000
660040970000
660040980000
660040990000
660041000000
660041010000
660041020000
660041040000
660041050000
660041060000
660041070000
660041080000
660041090000
660041100000
660041110000
660041120000
660041130000
660041140000
660041150000
660041160000
660041170000
660041180000
660041190000
660041200000
660041210000
660041220000
660041230000
660041240000
660041250000
660041260000
660041270000
660041280000
660041290000
660041300000
660041310000
660041320000
660041330000
660041340000
660041350000
660041360000
660041370000
660041380000
660041390000
660041400000
660041410000
660041420000
660050010000
660050020000
660050030000
660050040000
660050050000
660050060000
660050070000
660050080000
660050090000
660050100000
660050110000
660050120000
660050130000
660050140000
660050150000
660050160000
660050170000
660050180000
660050190000
660050200000
660050210000
660050220000
660050230000
660050240000
660050250000
660050260000
660050270000
660050280000
660050290000
660050300000
660050310000
660050320000
660050330000
660050350000
660050370000
660050380000
660050390000
660050400000
660050410000
660050420000
660050430000
660050440000
660050450000
660050460000
660060020000
660060030000
660060040000
660060050000
660060060000
660060070000
660060080000
660060090000
660060100000
660060110000
660060120000
660060130000
660060140000
660060150000
660060160000
660060170000
660070010000
660070020000
660070030000
660070040000
660070050000
660070060000
660070070000
660070080000
660070090000
660070100000
660070110000
660070120000
660070130000
660070140000
660070150000
660070160000
660070170000
660070180000
660070190000
660070200000
660070210000
660070220000
660070230000
660070240000
660070250000
660070260000
660070270000
660070280000
660070290000
660070300000
660070310000
660070320000
660070330000
660070340000
660070350000
660070360000
660070370000
660070380000
660070390000
660070400000
660070410000
660070420000
660070430000
660070440000
660070450000
660070460000
660070470000
660070480000
660070490000
660070500000
660070510000
660070520000
660070530000
660070540000
660070550000
660070560000
660070570000
660070580000
660070590000
660070600000
660070610000
660070620000
660070630000
660070640000
660070650000
660070660000
660070670000
660070680000
660070690000
660070700000
660070710000
660080010000
660080020000
660080030000
660080040000
660080050000
660080060000
660080070000
660080080000
660080090000
660080100000
660080110000
660080120000
660080130000
660080140000
660080150000
660080160000
660080170000
660080180000
660080190000
660080200000
660080210000
660080220000
660080230000
660080240000
660080250000
660080260000
660080270000
660080280000
660080290000
660080300000
660080310000
660080320000
660080330000
660080340000
660080350000
660080360000
660080370000
660080380000
660080390000
660080400000
660080410000
660080420000
660080430000
660080440000
660080450000
660080460000
660080470000
660080480000
660080500000
660080510000
660080520000
660080530000
660080540000
660080550000
660080560000
660080570000
660080580000
660080590000
660080600000
660080610000
660080620000
660080630000
660080640000
660080650000
660080660000
660090010000
660090020000
660090030000
660090040000
660090050000
660090060000
660090070000
660090080000
660090090000
660090100000
660090110000
660090120000
660090130000
660090140000
660090150000
660090160000
660090170000
660090180000
660090190000
660090200000
660090210000
660090220000
660090230000
660090240000
660090250000
660090260000
660090270000
660090280000
660090290000
660090300000
660090310000
660090320000
660090330000
660090340000
660090350000
660090360000
660090370000
660090380000
660090390000
660090400000
660090410000
660090420000
660090430000
660090440000
660090450000
660090460000
660090470000
660090480000
660090490000
660090500000
660090510000
660090530000
660090540000
660090550000
660090560000
660090570000
660090580000
660090590000
660090600000
660090610000
660090620000
660090630000
660090640000
660090650000
660090670000
660090680000
660090690000
660090700000
660090710000
660090720000
660090730000
660090740000
660090750000
660090760000
660100010000
660100020000
660100030000
660100040000
660100050000
660100060000
660100070000
660100080000
660100090000
660100100000
660100110000
660100120000
660100130000
660100140000
660100150000
660100160000
660100170000
660100180000
660100190000
660100200000
660100210000
660100220000
660100230000
660100240000
660100250000
660100260000
660100270000
660100280000
660100290000
660100300000
660100310000
660100320000
660100330000
660110010000
660110020000
660110030000
660110040000
660110050000
660110060000
660110070000
660110080000
660110090000
660110100000
660110110000
660110120000
660110130000
660110140000
660110150000
660110160000
660110170000
660110180000
660110190000
660120010000
660120020000
660120030000
660120040000
660120050000
660120060000
660120070000
660120080000
660120090000
660120100000
660120110000
660120120000
660120130000
660120140000
660120150000
660120160000
660120170000
660120180000
660120190000
660120200000
660120210000
660120220000
660120230000
670010030000
670010050000
670010060000
670010080000
670010090000
670010100000
670010180000
670010190000
670010210000
670010220000
670010240000
670010250000
670010260000
670010330000
670010340000
670010350000
670010360000
670010370000
670010380000
670010390000
670010410000
670010420000
670010430000
670010440000
670010450000
670020010000
670020100000
670020110000
670020130000
670020140000
670020150000
670020170000
670020200000
670020210000
670020250000
670020270000
670020300000
670020320000
670020330000
670020380000
670020430000
670020440000
670020450000
670020460000
670020470000
670020500000
670020510000
670020530000
670020540000
670020550000
670020560000
670020600000
670020620000
670020630000
670020640000
670020650000
670020660000
670020670000
670020680000
670020690000
670020700000
670020710000
670020720000
670020730000
670020740000
670020750000
670030010000
670030020000
670030030000
670030040000
670030050000
670030060000
670030070000
670030080000
670030090000
670030100000
670030110000
670030120000
670030130000
670030140000
670030150000
670030160000
670030170000
670030180000
670030190000
670030200000
670030210000
670030220000
670030230000
670030240000
670030250000
670030260000
670030270000
670030280000
670030290000
670030300000
670030310000
670030320000
670030330000
670030340000
670030350000
670030360000
670030370000
670030380000
670030390000
670030400000
670030410000
670030420000
670030430000
670030440000
670030450000
670030460000
670030470000
670030490000
670030500000
670030510000
670030520000
670030530000
670030540000
670030550000
670030560000
670030570000
670030580000
670030590000
670030600000
670030610000
670030620000
670030630000
670030640000
670030650000
670030660000
670030670000
670030680000
670030690000
670030700000
670030710000
670030720000
670030730000
670030740000
670030750000
670030760000
670030770000
670030780000
670030790000
670030800000
670030810000
670030820000
670030830000
670030840000
670030850000
670030860000
670030870000
670030880000
670030890000
670030900000
670030910000
670030920000
670030930000
670030940000
670030950000
670030960000
670030970000
670030980000
670030990000
670031000000
670031010000
670031020000
670031030000
670031040000
670031050000
670031060000
670031070000
670031080000
670031090000
670031100000
670031110000
670031120000
670031130000
670031140000
670031150000
670031160000
670031170000
670031180000
670031190000
670031200000
670031210000
670031220000
670031230000
670031240000
670031250000
670031260000
670031270000
670031280000
670031290000
670031300000
670031310000
670031320000
670031330000
670031340000
670031350000
670031360000
670031370000
670031380000
670031390000
670031400000
670031410000
670031420000
670031430000
670031440000
670031450000
670031460000
670031470000
670031480000
670031490000
670031500000
670031510000
670031520000
670031530000
670031540000
670031550000
670031560000
670031570000
670031580000
670031590000
670031600000
670031610000
670031620000
670031630000
670031640000
670031650000
670031660000
670031670000
670031680000
670031690000
670031700000
670031710000
670031720000
670031730000
670031740000
670031750000
670031760000
670031770000
670031780000
670031790000
670031800000
670031810000
670031820000
670031830000
670031840000
670031850000
670031860000
670031870000
670031880000
670031890000
670031900000
670031910000
670031920000
670031930000
670040010000
670040020000
670040030000
670040040000
670040050000
670040080000
670040100000
670040110000
670040120000
670040130000
670040140000
670040150000
670040160000
670040170000
670040180000
670040190000
670040200000
670040210000
670040220000
670040230000
670040240000
670040250000
670040260000
670040270000
670040280000
670040290000
670040300000
670040310000
670040320000
670040330000
670040340000
670040350000
670040360000
670040370000
670040380000
670040390000
670040400000
670040410000
670040420000
670040430000
670040440000
670040450000
670040460000
670050010000
670050020000
670050030000
670050040000
670050050000
670050060000
670050070000
670050080000
670050090000
670050100000
670050110000
670050120000
670050130000
670050140000
670050150000
670050160000
670050170000
670050180000
670050200000
670050210000
670050220000
670050230000
670050240000
670050250000
670050260000
670050270000
670050280000
670050290000
670050300000
670050310000
670050320000
670050330000
670050340000
670050350000
670050360000
670050370000
670050380000
670050390000
670050400000
670050410000
670050420000
670050430000
670050440000
670050450000
670050460000
670050470000
670050480000
670050490000
670050500000
670050510000
670050520000
670050530000
670050540000
670060010000
670060020000
670060030000
670060040000
670060050000
670060060000
670060070000
670060080000
670060090000
670060100000
670060110000
670060120000
670060130000
670060140000
670060150000
670060160000
670060170000
670060180000
670060190000
670070010000
670070020000
670070030000
670070040000
670070050000
670070060000
670070070000
670070080000
670070090000
670070100000
670070110000
670070120000
670070130000
670080010000
670080020000
670080030000
670080040000
670080050000
670080060000
670080070000
670080080000
670080090000
670080100000
670080110000
670080120000
670080130000
670080140000
670080150000
670080160000
670080170000
670080180000
670080190000
670080200000
670080210000
670080220000
670080230000
670080240000
670080250000
670080260000
670080270000
670080280000
670080290000
670080300000
670080310000
670080320000
670080330000
670080340000
670080350000
670080360000
670080370000
670080380000
670080390000
670080400000
670080410000
670080420000
670080430000
670080440000
670080450000
670080460000
670080470000
670080480000
670080490000
670080500000
670080510000
670080520000
670080530000
670080540000
670080550000
670080560000
670080570000
670080580000
670080590000
670080600000
670080610000
670080620000
670080630000
670080640000
670080650000
670080660000
670080670000
670080680000
670080690000
670080700000
670080710000
670080720000
670080730000
670080740000
670080750000
670080760000
670080770000
670080780000
670080790000
670080800000
670080810000
670080820000
670080830000
670080840000
670080850000
670080860000
670080870000
670080880000
670080890000
670080900000
670080910000
670080920000
670080930000
680010010000
680010050000
680010060000
680010080000
680010220000
680010240000
680010250000
680010270000
680010280000
680010290000
680010300000
680010360000
680010370000
680010380000
680010390000
680010400000
680010430000
680010440000
680010450000
680010460000
680010470000
680010480000
680010490000
680010500000
680010510000
680010520000
680010530000
680010540000
680010550000
680010570000
680010580000
680010590000
680010600000
680010610000
680010620000
680010630000
680010640000
680010650000
680010660000
680010670000
680010680000
680010690000
680010700000
680020010000
680020020000
680020030000
680020040000
680020050000
680020060000
680020070000
680020080000
680020090000
680020100000
680020110000
680020120000
680020130000
680020140000
680020150000
680020160000
680020170000
680020180000
680020190000
680020200000
680020210000
680020220000
680020250000
680020270000
680020280000
680020290000
680020300000
680020310000
680020330000
680020380000
680020400000
680020440000
680020460000
680020470000
680020480000
680020490000
680020500000
680020510000
680020520000
680020530000
680020540000
680020550000
680020560000
680020570000
680020580000
680020590000
680030020000
680030030000
680030040000
680030050000
680030060000
680030070000
680030080000
680030090000
680030110000
680030120000
680030130000
680030140000
680030150000
680030160000
680030200000
680030220000
680030230000
680030240000
680030250000
680030270000
680030280000
680030290000
680030300000
680030310000
680030320000
680030340000
680030360000
680030370000
680030380000
680030390000
680030400000
680030410000
680040010000
680040020000
680040030000
680040040000
680040050000
680040060000
680040070000
680040080000
680040100000
680040120000
680040130000
680040140000
680040150000
680040160000
680040170000
680040180000
680040190000
680040200000
680040210000
680040220000
680040230000
680040240000
680040250000
680040260000
680040270000
680040280000
680040290000
680040300000
680040310000
680050010000
680050020000
680050030000
680050040000
680050050000
680050060000
680050070000
680050080000
680050090000
680050100000
680050110000
680050120000
680050130000
680050140000
680050150000
680050160000
680050170000
680050180000
680050190000
680050200000
680050210000
680050220000
680050230000
680050240000
680050250000
680050260000
680050270000
680050280000
680050290000
680050300000
680050310000
680050320000
680050330000
680050340000
680050350000
680050360000
680050370000
680050380000
680050390000
680050400000
680050410000
680050420000
680050430000
680050440000
680050450000
680050460000
680050470000
680050480000
680050490000
680050500000
680050510000
680050520000
680050530000
680050540000
680050550000
680050560000
680050570000
680050580000
680050590000
680060010000
680060020000
680060030000
680060040000
680060050000
680060060000
680060070000
680060080000
680060090000
680060100000
680060110000
680060120000
680060130000
680060140000
680060150000
680060160000
680060170000
680060180000
680060190000
680060200000
680060210000
680060220000
680060230000
680060240000
680060250000
680060260000
680060270000
680060280000
680060290000
680060300000
680060310000
680060320000
680060330000
680060340000
680060350000
680060360000
680060370000
680060380000
680060390000
680060400000
680060410000
680060420000
680060430000
680060440000
680060450000
680070010000
680070020000
680070030000
680070040000
680070050000
680070060000
680070070000
680070080000
680070090000
680070100000
680070110000
680070120000
680070130000
680070140000
680070150000
680070160000
680070170000
680070180000
680070190000
680070200000
680070210000
680070220000
680070230000
680070240000
680070250000
680070260000
680070270000
680070280000
680070290000
680070300000
680070310000
680070320000
680070330000
680070340000
680070350000
680070360000
680070370000
680070380000
680070390000
680070400000
680070410000
680070420000
680070430000
680070440000
680070450000
680070460000
680070470000
680070480000
680070490000
680070500000
680070510000
680070520000
680070530000
680070540000
680070550000
680070560000
680070570000
680070580000
680070590000
680070600000
680070610000
680070620000
680070630000
680070640000
680070650000
680070660000
680070670000
680070680000
680070690000
680070700000
680070710000
680070720000
680070730000
680080010000
680080020000
680080030000
680080040000
680080050000
680080060000
680080070000
680080080000
680080090000
680080100000
680080110000
680080120000
680080130000
680080140000
680080150000
680080160000
680080170000
680080180000
680080190000
680080200000
680080210000
680080220000
680080230000
680080240000
680080250000
680080260000
680080270000
680080280000
680080290000
680080300000
680080310000
680080320000
680080330000
680080340000
680080350000
680080360000
680080370000
680080380000
680080390000
680080400000
680080410000
680080420000
680080430000
680080440000
680080450000
680080460000
680080470000
680080480000
680080490000
680080500000
680080510000
680080520000
680080530000
680080540000
680080550000
680080560000
680080570000
680080580000
680080590000
680080600000
680080610000
680080620000
680080630000
680080640000
680080650000
680080660000
680080670000
680080680000
680080690000
680080700000
680080710000
680080720000
680080730000
680080740000
680080750000
680080760000
680080770000
680080780000
680080790000
680080800000
680080810000
680080820000
680080830000
680080840000
680080850000
680080860000
680080870000
680080880000
680080890000
680080900000
680080910000
680080920000
680080930000
680080940000
680080950000
680080960000
680080970000
680090010000
680090020000
680090030000
680090040000
680090050000
680090060000
680090070000
680090080000
680090090000
680090100000
680090110000
680090120000
680090130000
680090140000
680090150000
680090160000
680090170000
680090180000
680090190000
680090200000
680090210000
680090220000
680090230000
680090240000
680090250000
680090260000
680090270000
680090280000
680090290000
680090300000
680090310000
680090320000
680090330000
680090340000
680090350000
680090360000
680090370000
680090380000
680090390000
680090400000
680090410000
680090420000
680090430000
680090440000
680090450000
680090460000
680090470000
680090480000
680090490000
680090500000
680100010000
680100020000
680100030000
680100040000
680100050000
680100060000
680100070000
680100080000
680100090000
680100100000
680100110000
680100120000
680100130000
680100140000
680100150000
680100160000
680100170000
680100180000
680100190000
680100200000
680100210000
680100220000
680100230000
680100240000
680100250000
680100260000
680100270000
680100280000
680100290000
680100300000
680100310000
680100320000
680100330000
680100340000
680100350000
680100360000
680100370000
680100380000
680100390000
680100400000
680100410000
680100420000
680100430000
680100440000
680100450000
680100460000
680110010000
680110020000
680110030000
680110040000
680110050000
680110060000
680110070000
680110080000
680110090000
680110100000
680110110000
680110120000
680110130000
680110140000
680110150000
680110160000
680110170000
680110180000
680110190000
680110200000
680110210000
680110220000
680110230000
680110240000
680110250000
680110260000
680110270000
680110280000
680110290000
680110300000
680110310000
680110320000
680110330000
680110340000
680110350000
680110360000
680110370000
680110380000
680110390000
680110400000
680110410000
680110420000
680110430000
680110440000
680110450000
680110460000
680110470000
680110480000
680110490000
680110500000
680110510000
680110520000
680110530000
680110540000
680110550000
680110560000
680110570000
680110580000
680110590000
680110600000
680110610000
680110620000
680110630000
680110640000
680110650000
680110660000
680110670000
680110680000
680110690000
680110700000
680110710000
680110720000
680110730000
680120010000
680120020000
680120030000
680120040000
680120050000
680120060000
680120070000
680120080000
680120090000
680120100000
680120110000
680120120000
680120130000
680120140000
680120150000
680120160000
680120170000
680120180000
680120190000
680120200000
680120210000
680120220000
680120230000
680120240000
680120250000
680120260000
680120270000
680120280000
680120290000
680120300000
680120310000
680120320000
680120330000
680120340000
680120350000
680120360000
680120370000
680120380000
680120390000
680120400000
680120410000
680120420000
680120430000
680120440000
680120450000
680120460000
680120470000
680120480000
680120490000
680120500000
680120510000
680120520000
680120530000
680120540000
680120550000
680120560000
680120570000
680120580000
680120590000
680120600000
680120610000
680120620000
680120630000
680130010000
680130070000
680130080000
680130090000
680130100000
680130110000
680130120000
680130130000
680130140000
680130150000
680130160000
680130170000
680130180000
680130190000
680130200000
680130210000
680130220000
680130230000
680130240000
680130250000
680130260000
680130270000
680130280000
680130290000
680130300000
680130310000
680130320000
680130330000
680130340000
680130350000
680130360000
680130370000
680130380000
680130390000
680130400000
680140010000
680140020000
680140030000
680140040000
680140050000
680140060000
680140070000
680140080000
680140090000
680140100000
680140110000
680140120000
680140130000
680140140000
680140150000
680140160000
680140170000
680140180000
680140190000
680140200000
680140210000
680140220000
680140230000
680140240000
680140250000
680140260000
680140270000
680140280000
680140290000
680140300000
680140310000
680140320000
680140330000
680140340000
680140350000
680140360000
680140370000
680140380000
680140390000
680140400000
680140410000
680140420000
680140430000
680140440000
680140450000
680140460000
680140470000
680140480000
680140490000
680140500000
680140510000
680140520000
680140530000
680140540000
680140550000
680140560000
680140570000
680140580000
680140590000
680140600000
680140610000
680140620000
680140630000
680140640000
680140650000
680140660000
680140670000
680140680000
680140690000
680150010000
680150020000
680150030000
680150040000
680150050000
680150060000
680150070000
680150080000
680150090000
680150100000
680150110000
680150120000
680150130000
680150140000
680150150000
680150160000
680150170000
680150180000
680150190000
680150200000
680150210000
680150220000
680150230000
680150240000
680150250000
680150260000
680150270000
680150280000
680150290000
680150300000
680150310000
680150320000
680150330000
680150340000
680150350000
680150360000
680150370000
680150380000
680150390000
680150400000
680150410000
680150420000
680150430000
680150440000
680150450000
680150460000
680150470000
680150480000
680150490000
680150500000
680150510000
680160010000
680160020000
680160030000
680160040000
680160050000
680160060000
680160070000
680160080000
680160090000
680160100000
680160110000
680160120000
680160130000
680160140000
680160150000
680160160000
680160170000
680160180000
680160190000
680160200000
680160210000
680160220000
680160230000
680160240000
680160250000
680160260000
680160270000
680160280000
680160290000
680160300000
680160310000
680160320000
680160330000
680160340000
680160350000
680160360000
680160370000
680160380000
680160390000
680160400000
680160410000
680160420000
680170010000
680170020000
680170030000
680170040000
680170050000
680170060000
680170070000
680170080000
680170090000
680170100000
680170110000
680170120000
680170130000
680170140000
680170150000
680170160000
680170170000
680170180000
680170190000
680170200000
680170210000
680170220000
680170230000
680170240000
680170250000
680170260000
680170270000
680170280000
680170290000
680170300000
680170310000
680170320000
680170330000
680170340000
680170350000
680170360000
680170370000
680170380000
680170390000
680170400000
680170410000
680170420000
680170430000
680170440000
680170450000
680170460000
680170470000
680170480000
680170490000
680170500000
680170510000
680170520000
680170530000
680170540000
680170550000
680170560000
680170570000
680170580000
680170590000
680170600000
680170610000
680170620000
680170630000
680170640000
680170650000
680170660000
680170670000
680170680000
680170690000
680170700000
680170710000
680170720000
680170730000
680170740000
680170750000
680170760000
680170770000
680170780000
680180010000
680180020000
680180030000
680180040000
680180050000
680180060000
680180070000
680180080000
680180090000
680180100000
680180110000
680180120000
680180130000
680180140000
680180150000
680180160000
680180170000
680180180000
680180190000
680180200000
680180210000
680180220000
680180230000
680180240000
680180250000
680180260000
680180270000
680180280000
680180290000
680180300000
680180310000
680180320000
680180330000
680180340000
680180350000
680180360000
680180370000
680180380000
680180390000
680180400000
680180410000
680180420000
680180430000
680190010000
680190020000
680190030000
680190040000
680190050000
680190060000
680190070000
680190080000
680190090000
680190100000
680190110000
680190120000
680190130000
680190140000
680190150000
680190160000
680190170000
680190180000
680190190000
680190200000
680190210000
680190220000
680190230000
680190240000
680190250000
680190260000
680190270000
680190280000
680190290000
680190310000
680190320000
680190330000
680190340000
680190350000
680190360000
680190370000
680190380000
680190390000
680190400000
680190410000
680190420000
680190430000
680190440000
680190450000
680190460000
680190470000
680190480000
680190490000
680190500000
680190510000
680190520000
680190530000
680190540000
680190550000
680200010000
680200020000
680200030000
680200040000
680200050000
680200060000
680200070000
680200080000
680200090000
680200100000
680200110000
680200120000
680200130000
680200140000
680200150000
680200160000
680200170000
680200180000
680200190000
680200200000
680200210000
680200220000
680200230000
680200240000
680200250000
680200260000
680200270000
680200280000
680200290000
680200300000
680200310000
680200320000
680200330000
680200340000
680200350000
680200360000
680200370000
680200380000
680200390000
680200400000
680200410000
680200420000
680200430000
680200440000
680200450000
680200460000
680200470000
680200480000
680200490000
680200500000
680200510000
680200520000
680200530000
680200540000
680200550000
680200560000
680200570000
680200580000
680200590000
680200620000
680200630000
680200640000
680200650000
680200660000
680200670000
680210010000
680210020000
680210030000
680210040000
680210050000
680210060000
680210070000
680210080000
680210090000
680210100000
680210110000
680210120000
680210130000
680210140000
680210150000
680210160000
680210170000
680220010000
680220020000
680220040000
680220050000
680220060000
680220070000
680220080000
680220100000
680220150000
680220160000
680220170000
680220180000
680220190000
680220210000
680220220000
680220230000
680220240000
680220250000
680220270000
680220280000
680220290000
680220300000
680220310000
680220320000
680220330000
680220340000
680220350000
680220360000
680220370000
680220390000
680220410000
680220420000
680220430000
680220440000
680220450000
680220460000
680220480000
680220490000
680220520000
680220530000
680220540000
680220550000
680220560000
680220570000
680220580000
680220590000
680220600000
680220610000
680220620000
680220630000
680220640000
680230010000
680230020000
680230030000
680230040000
680230050000
680230060000
680230070000
680230080000
680230090000
680230100000
680230110000
680230120000
680230130000
680230140000
680230150000
680230160000
680230170000
680230180000
680230190000
680230200000
680230210000
680230220000
680230230000
680230240000
680230250000
680230260000
680230270000
680230280000
680230290000
680230300000
680230310000
680230320000
680230330000
680230340000
680230350000
680230360000
680230370000
680230380000
680230390000
680230400000
680230410000
680230430000
680230440000
680230450000
680230460000
680240010000
680240020000
680240030000
680240040000
680240050000
680240060000
680240070000
680240080000
680240090000
680240100000
680240110000
680240120000
680240130000
680240140000
680240150000
680240160000
680240170000
680240180000
680240190000
680240200000
680240210000
680240220000
680240230000
680240240000
680240250000
680240260000
680240270000
680240280000
680240290000
680240300000
680240310000
680240320000
680240330000
680240340000
680240350000
680240360000
680240370000
680240380000
680240390000
680250010000
680250020000
680250030000
680250040000
680250050000
680250060000
680250070000
680250080000
680250090000
680250100000
680250110000
680250120000
680250130000
680250140000
680250150000
680250160000
680250170000
680250180000
680250190000
680250200000
680250210000
680250220000
680250230000
680250240000
680250250000
680250260000
680250270000
680250280000
680250290000
680250300000
680260010000
680260020000
680260030000
680260040000
680260050000
680260060000
680260070000
680260080000
680260090000
680260100000
680260110000
680260120000
680260130000
680260140000
680260150000
680260160000
680260170000
680260180000
680260190000
680260200000
680260210000
680260220000
680260230000
680260240000
680260250000
680260260000
680260270000
680260280000
680260290000
680260300000
680260310000
680260320000
680260330000
680260340000
680260350000
680260360000
680260370000
680260380000
680260390000
680260400000
680260410000
680260420000
680260430000
680260440000
680260450000
680260460000
680260470000
680260480000
680260490000
680260500000
680260510000
680260520000
680260530000
680260540000
680260550000
680260560000
680260570000
680260580000
680260590000
680260600000
680260610000
680260620000
680260630000
680260640000
680260650000
680260660000
680260670000
680260680000
680260690000
680260700000
680260710000
680260720000
680260730000
680260740000
680260750000
680260760000
680260770000
680260780000
680260790000
680260800000
680260810000
680260820000
680260830000
680260840000
680260850000
680260860000
680260870000
680260880000
680260890000
680260900000
680260910000
680260920000
680260930000
680260940000
680260950000
680260960000
680260970000
680260980000
680260990000
680261000000
680261010000
680261020000
680261030000
680261040000
680261050000
680261060000
680261070000
680261080000
680261090000
680261100000
680261110000
680261120000
680261130000
680261140000
680261150000
680261160000
680261170000
680261180000
680261190000
680261200000
680261210000
680261220000
680261230000
680261240000
680261250000
680261260000
680261270000
680261280000
680261290000
680261300000
680261310000
680261320000
680261330000
680261340000
680261350000
680261370000
680261380000
680261390000
680261400000
680261410000
680261420000
680261430000
680261440000
680261450000
680261460000
680261470000
680261480000
680261490000
680261500000
680261510000
680261520000
680261530000
680261540000
680261550000
680261560000
680261570000
680261580000
680261590000
680261600000
680261610000
680261620000
680261630000
680261640000
680261650000
680261660000
680261670000
680261680000
680261690000
680261700000
680261710000
680270010000
680270020000
680270030000
680270040000
680270050000
680270060000
680270070000
680270080000
680270090000
680270100000
680270110000
680270120000
680270130000
680270140000
680270150000
680270160000
680270170000
680270180000
680270190000
680270200000
680270210000
680270220000
680270230000
680270240000
680270250000
680270260000
680270270000
680270280000
680270290000
680270300000
680270310000
680270320000
680270330000
680270340000
680270350000
680270370000
680280010000
680280020000
680280030000
680280040000
680280050000
680280060000
680280070000
680280080000
680280090000
680280100000
680280110000
680280120000
680280130000
680280140000
680280150000
680280160000
680280170000
680280180000
680280190000
680280200000
680280210000
680280220000
680280230000
680280240000
680280250000
680280260000
680280270000
680280280000
680280290000
680280300000
680280310000
680280320000
680280330000
680280340000
680280350000
680280360000
680280370000
680280380000
680280390000
680280400000
680280410000
680280420000
680280430000
680280440000
680280450000
680280460000
680280470000
680280480000
680280490000
680280500000
680280510000
680280520000
680280530000
680280540000
680280550000
680280560000
680280570000
680280580000
680280590000
680280600000
680280610000
680280620000
680280630000
680280640000
680280650000
680280660000
680280670000
680280680000
680280690000
680280700000
680280710000
680280720000
680280730000
680280740000
680280750000
680280760000
680280770000
680280780000
680280790000
680280800000
680290010000
680290020000
680290030000
680290040000
680290050000
680290060000
680290070000
680290080000
680290090000
680290100000
680290110000
680290120000
680290130000
680290140000
680290150000
680290160000
680290170000
680290180000
680290190000
680290200000
680290210000
680290220000
680290230000
680290240000
680290250000
680290260000
680290270000
680290280000
680290290000
680290300000
680290310000
680290320000
680290330000
680290340000
680290350000
680290360000
680290370000
680290380000
680290390000
680290400000
680290410000
680290420000
680290430000
680290440000
680290450000
680290460000
680290470000
680290480000
680290490000
680290500000
680290510000
680290520000
680290530000
680290540000
680290550000
680290560000
680290570000
680290580000
680290590000
680290600000
680290610000
680290620000
680290630000
680290640000
680290650000
680290660000
680290670000
680300010000
680300020000
680300030000
680300040000
680300050000
680300060000
680300070000
680300080000
680300090000
680300100000
680300110000
680300120000
680300130000
680300140000
680300150000
680300160000
680300170000
680300180000
680300190000
680300200000
680300210000
680300220000
680300230000
680300240000
680300250000
680300260000
680300270000
680300280000
680300290000
680300300000
680300310000
680300320000
680300330000
680300340000
680300350000
680300360000
680300370000
680300380000
680300390000
680300400000
680300410000
680300420000
680300430000
680300440000
680300450000
680300460000
680300470000
680300480000
680300490000
680300500000
680300510000
680300520000
680300530000
680300540000
680300550000
680300560000
680300570000
680300580000
680300590000
680300600000
680300610000
680300620000
680300630000
680300640000
680300650000
680300660000
680300670000
680300680000
680300690000
680300700000
680300710000
680300720000
680300730000
680300740000
680300750000
680300760000
680300770000
680300780000
680300790000
680300800000
680300810000
680300820000
680300830000
680300840000
680300850000
680300860000
680300870000
680300880000
680300890000
680300900000
680300910000
680300920000
680300930000
680300940000
680300950000
680300960000
680300970000
680300980000
680300990000
680301000000
680301010000
680301020000
680301030000
680301040000
680301050000
680301060000
680301070000
680301080000
680301090000
680301100000
680301110000
680301120000
680301130000
680301140000
680301150000
680301160000
680301170000
680301180000
680301190000
680301200000
680301210000
680301220000
680301230000
680301240000
680301250000
680301260000
680301270000
680301280000
680301290000
680301300000
680301310000
680301320000
680301330000
680301340000
680301350000
680301360000
680301370000
680301380000
680301390000
680301400000
680301410000
680301420000
680301430000
680301440000
680301450000
680301460000
680301470000
680301480000
680301490000
680301500000
680301510000
680301520000
680301530000
680301540000
680301550000
680301560000
680301570000
680301580000
680301590000
680301600000
680301610000
680301620000
680301630000
680301640000
680301650000
680301660000
680301670000
680301680000
680301690000
680301700000
680301710000
680301720000
680301730000
680301740000
680301750000
680301760000
680301770000
680301780000
680301790000
680301800000
680301810000
680301820000
680301830000
680301840000
680301850000
680301860000
680301870000
680301880000
680301890000
680301900000
680301910000
680301920000
680301930000
680301940000
680301950000
680301960000
680301970000
680301980000
680301990000
680302000000
680302010000
680302020000
680302030000
680302040000
680302050000
680302060000
680302070000
680302080000
680302090000
680302100000
680302110000
680302120000
680302130000
680302140000
680302150000
680302160000
680302170000
680302180000
680302190000
680302200000
680302210000
680302220000
680302230000
680302240000
680302250000
680302260000
680302270000
680302280000
680302290000
680302300000
680302310000
680302320000
680302330000
680302340000
680302350000
680302360000
680302370000
680302380000
680302390000
680302400000
680302410000
680302420000
680302430000
680302440000
680302450000
680302460000
680302470000
680302480000
680302490000
680302500000
680302510000
680302520000
680302530000
680310010000
680310020000
680310030000
680310040000
680310050000
680310060000
680310070000
680310080000
680310090000
680310100000
680310110000
680310120000
680310130000
680310140000
680310150000
680310160000
680310170000
680310180000
680310190000
680310200000
680310210000
680310220000
680310230000
680310240000
680310250000
680310260000
680310270000
680310280000
680310290000
680310300000
680310330000
680310340000
680310350000
680310360000
680310370000
680310380000
680310390000
680310400000
680310410000
680310420000
680310430000
680310440000
680310450000
680310460000
680310470000
680310480000
680310490000
680310500000
680320010000
680320020000
680320030000
680320040000
680320050000
680320060000
680320070000
680320080000
680320090000
680320100000
680320110000
680320120000
680320130000
680320140000
680320150000
680320160000
680320170000
680320180000
680320190000
680320200000
680320210000
680320220000
680320230000
680320240000
680320250000
680320260000
680320270000
680320280000
680320290000
680320300000
680320310000
680320320000
680320330000
680320340000
680320350000
680320360000
680320370000
680320380000
680320390000
680320400000
680320410000
680320420000
680320430000
680320440000
680320450000
680320470000
680320480000
680320490000
680320500000
680320510000
680320520000
680320530000
680320540000
680320550000
680320560000
680320570000
680320580000
680320590000
680320600000
680320610000
680320620000
680320630000
680320640000
680320650000
680320660000
680320670000
680320680000
680320690000
680320700000
680320710000
680320720000
680320730000
680320740000
680320750000
680320760000
680320770000
680320780000
680320790000
680320800000
680320810000
680320820000
680320830000
680320840000
680320850000
680320860000
680320870000
680320880000
680320890000
680320900000
680320910000
680320920000
680320930000
680320940000
680320950000
680320960000
680320970000
680320980000
680320990000
680321000000
680321010000
680321020000
680321030000
680330010000
680330020000
680330030000
680330040000
680330050000
680330060000
680330080000
680330090000
680330100000
680330110000
680330120000
680330130000
680330140000
680330160000
680330170000
680330180000
680330190000
680330200000
680330210000
680330220000
680330230000
680330240000
680330250000
680330260000
680330270000
680330280000
680330290000
680330300000
680330310000
680330320000
680330330000
680330340000
680330350000
680330360000
680330370000
680330380000
680330390000
680330400000
680330410000
680330420000
680330430000
680330440000
680330450000
680330460000
680330470000
680330480000
680330490000
680330500000
680330510000
680330520000
680330530000
680340010000
680340020000
680340030000
680340040000
680340060000
680340070000
680340080000
680340090000
680340100000
680340110000
680340120000
680340130000
680340150000
680340160000
680340180000
680340190000
680340200000
680340210000
680340220000
680340230000
680340240000
680340310000
680340320000
680340330000
680340340000
680340350000
680340360000
680340370000
680340380000
680340390000
680340420000
680340430000
680340440000
680340450000
680350010000
680350020000
680350030000
680350040000
680350050000
680350060000
680350070000
680350080000
680350090000
680350100000
680350110000
680350120000
680350130000
680350140000
680350150000
680350160000
680350170000
680350180000
680350190000
680350200000
680350210000
680350220000
680350230000
680350240000
680350250000
680350260000
680350270000
680350280000
680350290000
680350300000
680350310000
680350320000
680350330000
680350340000
680350350000
680350360000
680350370000
680350380000
680350390000
680350400000
680350410000
680350420000
680350430000
680350440000
680350450000
680350460000
680350470000
680350480000
680350490000
680350500000
680350510000
680350530000
680350540000
680350550000
680350560000
680350570000
680350580000
680350590000
680350600000
680350610000
680350620000
680350630000
680350640000
680350650000
680350660000
680350670000
680350680000
680350690000
680350700000
680350710000
680350720000
680350730000
680350740000
680350750000
680350760000
680350770000
680350780000
680350790000
680350800000
680350810000
680350820000
680350830000
680350840000
680350850000
680350860000
680350870000
680350880000
680350890000
680350900000
680350910000
680350920000
680350930000
680350940000
680350950000
680350960000
680350970000
680350980000
680350990000
680351000000
680351010000
680351020000
680351030000
680351040000
680351050000
680351060000
680351070000
680351080000
680351090000
680351100000
680351110000
680351120000
680351130000
680351140000
680351150000
680351160000
680351170000
680351180000
680351190000
680351200000
680351210000
680351220000
680351230000
680351240000
680351250000
680360010000
680360020000
680360030000
680360040000
680360050000
680360060000
680360070000
680360080000
680360090000
680360100000
680360110000
680360120000
680360130000
680360140000
680360150000
680360160000
680360170000
680360180000
680360190000
680360200000
680360210000
680360220000
680360230000
680360240000
680360250000
680360260000
680360270000
680360280000
680360290000
680360300000
680360310000
680360320000
680360330000
680360340000
680360350000
680360360000
680360370000
680360380000
680360390000
680360400000
680360410000
680370010000
680370020000
680370030000
680370040000
680370050000
680370060000
680370070000
680370080000
680370090000
680370100000
680370110000
680370120000
680370130000
680370140000
680370150000
680370160000
680370170000
680370180000
680370190000
680370200000
680370210000
680370220000
680370230000
680370240000
680370250000
680370260000
680370270000
680370280000
680370290000
680370300000
680370310000
680370320000
680370330000
680370340000
680370350000
680370360000
680370370000
680370380000
680370390000
680370400000
680370410000
680370420000
680370430000
680370440000
680370450000
680370460000
680370470000
680370480000
680370490000
680370500000
680370510000
680370520000
680370530000
680370540000
680370550000
680370560000
680370570000
680370580000
680370590000
680370600000
680380010000
680380020000
680380030000
680380040000
680380050000
680380060000
680380070000
680380080000
680380090000
680380100000
680380110000
680380120000
680380130000
680380140000
680380150000
680380160000
680380170000
680380180000
680380190000
680380200000
680380210000
680380220000
680380230000
680380240000
680380250000
680380260000
680380270000
680380280000
680380290000
680380300000
680380310000
680380320000
680380330000
680380340000
680380350000
680380360000
680380370000
680380380000
680390010000
680390020000
680390030000
680390040000
680390050000
680390060000
680390070000
680390080000
680390090000
680390100000
680390110000
680390120000
680390130000
680390140000
680390150000
680390160000
680390170000
680390180000
680390190000
680390200000
680390210000
680390220000
680390230000
680390240000
680390250000
680390260000
680390270000
680390280000
680390290000
680390300000
680390310000
680390320000
680390330000
680390340000
680390350000
680390360000
680390370000
680390380000
680390390000
680390400000
680390410000
680390420000
680390430000
680390440000
680390450000
680390460000
680390470000
680390480000
680390490000
680390500000
680390510000
680390520000
680390530000
680390540000
680390550000
680390570000
680390580000
680390590000
680390600000
680390610000
680390620000
680390630000
680390640000
680390650000
680390660000
680390670000
680390680000
680390690000
680390700000
680390710000
680390720000
680390730000
680390740000
680390750000
680390760000
680390770000
680390780000
680390790000
680390800000
680390810000
680390820000
680390830000
680390840000
680390850000
680390860000
680390870000
680400010000
680400020000
680400030000
680400040000
680400050000
680400060000
680400070000
680400080000
680400090000
680400100000
680400110000
680400120000
680400130000
680400140000
680400150000
680400160000
680400170000
680400180000
680400190000
680400200000
680400210000
680400220000
680400230000
680400240000
680400250000
680400260000
680400270000
680400280000
680400290000
680400300000
680400310000
680400320000
680400330000
680400340000
680400350000
680400360000
680400370000
680400380000
680400390000
680400400000
680400410000
680400420000
680400430000
680400440000
680400450000
680400460000
680400470000
680400480000
680400490000
680400500000
680400510000
680400520000
680400530000
680400540000
680400550000
680400560000
680400570000
680400580000
680400590000
680400600000
680400610000
680400620000
680400630000
680400640000
680400650000
680400660000
680400670000
680400680000
680400690000
680400700000
680400710000
680400720000
680400730000
680400740000
680400750000
680400760000
680400770000
680400780000
680400790000
680400800000
680400810000
680400820000
680400830000
680400840000
680400850000
680400860000
680400870000
680400880000
680400890000
680400900000
680400910000
680400920000
680400930000
680400940000
680400950000
680400960000
680400970000
680400980000
680400990000
680401000000
680401010000
680401020000
680401030000
680401040000
680401050000
680401060000
680401070000
680410010000
680410020000
680410030000
680410040000
680410050000
680410060000
680410070000
680410080000
680410090000
680410100000
680410110000
680420010000
680420020000
680420030000
680420040000
680420050000
680420060000
680420070000
680420080000
680420090000
680420100000
680420110000
680420120000
680420130000
680420140000
680420150000
680420160000
680420170000
680420180000
680420190000
680420200000
680420210000
680420220000
680420230000
680420240000
680420250000
680420260000
680420270000
680430010000
680430020000
680430030000
680430040000
680430050000
680430060000
680430070000
680430080000
680430090000
680430100000
680430110000
680430120000
680430130000
680430140000
680430150000
680430160000
680430170000
680430180000
680430190000
680430200000
680430210000
680430220000
680430230000
680430240000
680430250000
680430260000
680430270000
680430280000
680430290000
680430300000
680430310000
680430320000
680430330000
680430340000
680430350000
680430360000
680430370000
690010010000
690010020000
690010070000
690010150000
690010170000
690010180000
690010190000
690010200000
690010210000
690010230000
690010240000
690010250000
690010260000
690010270000
690010280000
690020010000
690020020000
690020030000
690020040000
690020050000
690020060000
690020090000
690020100000
690020110000
690020120000
690020130000
690020140000
690020200000
690020230000
690020240000
690020250000
690020260000
690020270000
690020280000
690020290000
690020300000
690020310000
690020320000
690020330000
690020340000
690020350000
690020360000
690030010000
690030020000
690030030000
690030040000
690030050000
690030060000
690030070000
690030080000
690030090000
690030100000
690030110000
690030120000
690030130000
690030140000
690030150000
690030160000
690030180000
690030190000
690030200000
690030210000
690030220000
690030230000
690030240000
690030250000
690030260000
690030270000
690030280000
690030290000
690030300000
690030310000
690030320000
690030330000
690030340000
690030350000
690030360000
690040010000
690040020000
690040030000
690040040000
690040050000
690040060000
690040070000
690040090000
690040100000
690040110000
690040120000
690040130000
690040140000
690040150000
690040160000
690040170000
690040180000
690040190000
690040200000
690040210000
690040220000
690040230000
690040240000
690040250000
690040260000
690040270000
690040280000
690040290000
690040300000
690040310000
690040320000
690040330000
690040340000
690040350000
690040360000
690040370000
690040380000
690050010000
690050020000
690050030000
690050040000
690050050000
690050060000
690050070000
690050080000
690050090000
690050100000
690050110000
690050120000
690050130000
690050140000
690050150000
690050160000
690050170000
690050180000
690050190000
690050200000
690050210000
690050220000
690050230000
690050240000
690050250000
690050260000
690050270000
690050280000
690050290000
690050300000
690050310000
690050320000
690050330000
690050340000
690050350000
690050360000
690050370000
690050380000
690050390000
690050400000
690050410000
690050420000
690050430000
690050460000
690050480000
690060010000
690060020000
690060030000
690060040000
690060050000
690060060000
690060070000
690060080000
690060090000
690060100000
690060110000
690060120000
690060130000
690060140000
690060150000
690060160000
690060170000
690060180000
690060190000
690060200000
690060210000
690060220000
690060230000
690060240000
690060250000
690060260000
690060270000
690060280000
690060290000
690060300000
690060310000
690060320000
690060330000
690060340000
690060350000
690060360000
690060370000
690060380000
690060390000
690060400000
690060410000
690060420000
690060430000
690060440000
690060450000
690060460000
690060470000
690060480000
690060490000
690060500000
690060510000
690060520000
690060530000
690070010000
690070020000
690070030000
690070040000
690070050000
690070060000
690070070000
690070080000
690070090000
690070110000
690070140000
690070150000
690070170000
690070190000
690070200000
690070210000
690070260000
690070300000
690070310000
690070320000
690070330000
690070350000
690070360000
690070370000
690070380000
690070390000
690080010000
690080030000
690080040000
690080050000
690080060000
690080070000
690080080000
690080090000
690080100000
690080110000
690080120000
690080130000
690080140000
690080150000
690080160000
690080170000
690080180000
690080190000
690080200000
690080210000
690080220000
690080230000
690080240000
690080250000
690080260000
690080270000
690080280000
690080290000
690080300000
690080310000
690080320000
690080330000
690090010000
690090020000
690090030000
690090040000
690090050000
690090060000
690090070000
690090080000
690090090000
690090100000
690090110000
690090120000
690090130000
690090140000
690090150000
690100010000
690100340000
690110010000
690110020000
690110030000
690110040000
690110050000
690110060000
690110070000
690110080000
690110090000
690110100000
690110110000
690110120000
690110130000
690110140000
690110150000
690110160000
690110170000
690110180000
690110190000
690110200000
690110210000
690110220000
690110230000
690110240000
690110250000
690110260000
690120010000
690120020000
690120030000
690120040000
690120050000
690120060000
690130010000
690130020000
690130030000
690130040000
690130050000
690130060000
690130070000
690130080000
690130090000
690130100000
690130110000
690130120000
690130130000
690130140000
690130150000
690130160000
690130170000
690130180000
690130190000
690130200000
690130210000
690130220000
690130230000
690130240000
690130250000
690130260000
690130270000
690130280000
690130290000
690130300000
690130310000
690130320000
690130330000
690130340000
690130350000
690130360000
690130370000
690130380000
690130390000
690130400000
690130410000
690130420000
690130430000
690130440000
690130450000
690130460000
690140010000
690140020000
690140030000
690150010000
690150020000
710010010000
710010020000
710010030000
710010040000
710010050000
710010060000
710010070000
710010080000
710010090000
710010100000
710020010000
710020020000
710020030000
710020040000
710020050000
710020060000
710020070000
710020080000
710020120000
710020130000
710020140000
710030010000
710030020000
710030030000
710030040000
710030050000
710030060000
710030070000
710030090000
710030100000
710030110000
710030120000
710030130000
710030150000
710030160000
710030170000
710030180000
710040010000
710040060000
710040070000
710040180000
710050010000
710050020000
710050030000
710050040000
710050050000
710050060000
710050070000
710050080000
710050090000
710050120000
710050190000
710050200000
710050210000
710050230000
710050240000
710050250000
710050270000
710050360000
710050370000
710050380000
710050440000
710050450000
710050470000
710050480000
710050490000
710050500000
710050510000
710050520000
710050570000
710050600000
710050610000
710050620000
710050630000
710050640000
710050650000
710050660000
710050710000
710050720000
710050730000
710050740000
710050750000
710050760000
710050770000
710050780000
710050790000
710060010000
710060020000
710060030000
710060040000
710060050000
710060060000
710060070000
710060080000
710060090000
710060100000
710060110000
710060120000
710060130000
710060140000
710060150000
710060160000
710060170000
710060180000
710060190000
710060200000
710060210000
710060220000
710060230000
710060240000
710060250000
710060260000
710060270000
710060280000
710060290000
710060300000
710060310000
710060320000
710060330000
710060340000
710060350000
710060360000
710060370000
710060380000
710060390000
710060400000
710060410000
710060420000
710060430000
710060440000
710060450000
710060460000
710060470000
710060480000
710060490000
710060500000
710060510000
710060520000
710060530000
710060540000
710060550000
710060560000
710060570000
710060580000
710060590000
710060600000
710060610000
710060620000
710060630000
710060640000
710060650000
710060660000
710060670000
710060680000
710060690000
710060700000
710060710000
710060720000
710060730000
710060740000
710060750000
710060760000
710060770000
710060780000
710060790000
710060800000
710060810000
710060820000
710060830000
710060840000
710060850000
710060860000
710060870000
710060880000
710060890000
710060900000
710060910000
710060920000
710060930000
710060940000
710060950000
710060960000
710060970000
710060980000
710060990000
710061000000
710061010000
710061020000
710061030000
710061040000
710061050000
710061060000
710061070000
710061080000
710061090000
710061100000
710061110000
710061120000
710061130000
710061140000
710061150000
710061160000
710061170000
710061180000
710061190000
710061200000
710061210000
710061220000
710061230000
710061240000
710061250000
710061260000
710061270000
710061280000
710061290000
710061300000
710061310000
710061320000
710061330000
710061340000
710061350000
710061360000
710061370000
710061380000
710061390000
710061400000
710061410000
710061420000
710061430000
710061440000
710070010000
710070020000
710070030000
710070040000
710070050000
710070060000
710070070000
710070080000
710070090000
710070100000
710070110000
710070120000
710070130000
710070140000
710070150000
710070160000
710070170000
710070180000
710070190000
710070200000
710070210000
710070220000
710070230000
710070240000
710070250000
710070260000
710070270000
710070280000
710070290000
710070300000
710070310000
710070320000
710070330000
710070340000
710070350000
710070360000
710070370000
710070380000
710070390000
710070400000
710070410000
710070420000
710070430000
710070440000
710070450000
710070460000
710070470000
710070480000
710070490000
710070500000
710070510000
710070520000
710070530000
710070540000
710070550000
710070560000
710070570000
710070580000
710070590000
710070600000
710070610000
710070620000
710070630000
710070640000
710070650000
710080010000
710080020000
710080030000
710080040000
710080050000
710080060000
710080130000
710080140000
710080150000
710080160000
710080170000
710080180000
710080190000
710080200000
710080210000
710080220000
710080230000
710080240000
710080250000
710080260000
710080270000
710080280000
710080290000
710080300000
710080310000
710080320000
710080330000
710080340000
710080350000
710080360000
710080370000
710080380000
710080390000
710080400000
710080410000
710080420000
710080430000
710080440000
710080450000
710080460000
710080470000
710080480000
710080490000
710080500000
710080510000
710080520000
710080530000
710080540000
710080550000
710080560000
710080570000
710080580000
710080590000
710080600000
710080610000
710080620000
710080630000
720010010000
720010020000
720020010000
720020020000
720020090000
720020100000
720020110000
720020120000
720020130000
720020140000
720030030000
720030070000
720030080000
720030090000
720030100000
720030110000
720030120000
720030140000
720030150000
720030160000
720040010000
720040020000
720040030000
720040040000
720040060000
720040070000
720040080000
720040090000
720040100000
720040110000
720040120000
720040140000
720040150000
720040170000
720040190000
720040200000
720040210000
720040220000
720040230000
720040240000
720040250000
720040260000
720040270000
720040280000
720040290000
720050010000
720050020000
720050030000
720050040000
720050050000
720050070000
720050080000
720060030000
720060040000
720060050000
720060060000
720060070000
720060080000
720060090000
720060120000
720060130000
720060170000
720060230000
720060260000
720060270000
720060280000
720060290000
720060300000
720060310000
720060320000
720060330000
720060340000
720070010000
720070020000
720070030000
720070040000
720070050000
720070060000
720070070000
720070080000
720070090000
720070100000
720070110000
720080010000
720080020000
720080030000
720080040000
720080050000
720080060000
720080070000
720080080000
720080090000
720080100000
720080110000
720080120000
720080130000
720080140000
720080150000
720080160000
720080170000
720080180000
720080190000
720080200000
720080210000
720080220000
720080230000
720080240000
720080250000
720080260000
720080270000
720080280000
720080290000
720080300000
720080310000
720080320000
720080330000
720080340000
720080350000
720080360000
720080370000
720080380000
720080390000
720080400000
720080410000
720090010000
720090020000
720090030000
720090040000
720090050000
720090060000
720090070000
720090080000
720090090000
720090100000
720090110000
720090120000
720090130000
720090140000
720090150000
720090160000
720090170000
720090180000
720090190000
720090200000
720090210000
720090220000
720090230000
720090240000
720090250000
720090260000
720090270000
720090280000
720090290000
720090300000
720090310000
720090320000
720090330000
720090340000
720090350000
720090360000
720090370000
720090380000
720090390000
720090400000
720090410000
720090420000
720100010000
720100040000
720100050000
720100070000
720100080000
720100090000
720100100000
720100200000
720100220000
720100230000
720100240000
720100250000
720100260000
720100270000
720100280000
720100290000
720100300000
720100310000
720110010000
720110020000
720110030000
720110060000
720110080000
720110090000
720110100000
720110110000
720110120000
720110140000
720110150000
720110160000
720110170000
720110180000
720120010000
720120030000
720120060000
720120070000
720120080000
720120100000
720120110000
720120120000
720120130000
720120150000
720120170000
720120180000
720120190000
720120200000
720120210000
720120220000
720120250000
720120260000
720120270000
720120280000
720120290000
720130010000
720130020000
720130030000
720130040000
720130050000
720130060000
720130070000
720130080000
720130090000
720130100000
720130110000
720130120000
720130130000
720130140000
720130150000
720130160000
720130170000
720130180000
720130190000
720130200000
720140010000
720140020000
720140030000
720140040000
720140050000
720140060000
720140070000
720140080000
720140090000
720140100000
720140110000
720140120000
720140130000
720140140000
720140150000
720140160000
720140170000
720140180000
720140190000
720140200000
720140210000
720140220000
720140230000
720140240000
720150010000
720150020000
720150030000
720150040000
720150050000
720150060000
720150070000
720150080000
720150090000
720150100000
720150110000
720150120000
720150130000
720150140000
720150150000
720150160000
720150170000
720150180000
720150190000
720150200000
720150210000
720150220000
720150230000
720150240000
720150250000
720150260000
720150270000
720150280000
720150290000
720150300000
720150310000
720150320000
720150330000
720150340000
720150350000
720150360000
720150370000
720150380000
720150390000
720150400000
720150410000
720150420000
720150430000
720150450000
720150460000
720150470000
720150480000
720150490000
720150500000
720150510000
720150520000
720150530000
720150540000
720150550000
720150560000
720150570000
720150580000
720150590000
720150600000
720150610000
720150620000
720150630000
720150640000
720150650000
720150660000
720150670000
720150680000
720150690000
720150700000
720150710000
720150720000
720150730000
720150740000
720150750000
720150760000
720150770000
720150780000
720150790000
720150800000
720150810000
720150820000
720150830000
720150840000
720150850000
720150860000
720150870000
720150880000
720150890000
720150900000
720150910000
720150920000
720150930000
720150940000
720160010000
720160020000
720160030000
720160040000
720160050000
720160060000
720160070000
720160080000
720160090000
720160100000
720160120000
720160130000
720160140000
720160150000
720167770000
720170010000
720170040000
720170050000
720170060000
720170070000
720170080000
720170090000
720170110000
720170120000
720170130000
720170140000
720170150000
720170190000
720170200000
720170210000
720170220000
720170230000
720170240000
720170260000
720170270000
720170290000
720170300000
720170310000
720170320000
720170330000
720180010000
720180030000
720180040000
720180050000
720180060000
720180070000
720180080000
720180090000
720180100000
720180110000
720180120000
720180130000
720180140000
720180150000
720180160000
720180170000
720180190000
720180200000
720180210000
720180230000
720180240000
720180250000
720180260000
720180270000
720180280000
720180290000
720180300000
720180310000
720180320000
720180330000
720190010000
720190020000
720190030000
720190040000
720190050000
720190060000
720190070000
720190080000
720190090000
720190100000
720190120000
720190130000
720190140000
720190150000
720190160000
720190170000
720190180000
720190190000
720190200000
720190210000
720190220000
720190290000
720190300000
720200010000
720200020000
720200030000
720200040000
720200050000
720200060000
720200090000
720200100000
720200110000
720200120000
720200130000
720200150000
720200160000
720200170000
720200180000
720200190000
720200200000
720200210000
720200220000
720200230000
720200240000
720200250000
720200260000
720200270000
720200280000
720210010000
720210020000
720210030000
720210040000
720210050000
720210060000
720210070000
720210080000
720210090000
720210100000
720210110000
720210130000
720210140000
720210150000
720210160000
720210170000
720220010000
720220020000
720220030000
720220040000
720220050000
720220060000
720220070000
720220080000
720220090000
720220100000
720220110000
720220120000
720220130000
720220140000
720220150000
720220160000
720220170000
720220180000
720220200000
720220210000
720220220000
720220230000
720220250000
720220260000
720220270000
720220280000
720220290000
720220300000
720220310000
720220320000
720220330000
720220340000
720220350000
720220360000
720220370000
720220380000
720220390000
720220400000
720220410000
720220420000
720230010000
720230020000
720230030000
720230040000
720230050000
720230060000
720230070000
720230080000
720230090000
720230100000
720230110000
720230120000
720230130000
720230140000
720230150000
720230160000
720230170000
720230180000
720230190000
720230200000
720230210000
720230220000
720230230000
720230240000
720230250000
720230260000
720230270000
720230280000
720230290000
720230300000
720240010000
720240030000
720240060000
720240090000
720240100000
720240110000
720240120000
720240140000
720240150000
720240160000
720240170000
720240180000
720240190000
720250010000
720250020000
720250030000
720250040000
720250050000
720250060000
720250070000
720250080000
720250090000
720250100000
720250110000
720250120000
720250130000
720250140000
720250150000
720250160000
720250170000
720250180000
720250190000
720250210000
720250220000
720260010000
720260020000
720260030000
720260040000
720260050000
720260060000
720260070000
720260080000
720260090000
720260100000
720260110000
720260120000
720260130000
720260140000
720260160000
720260180000
720260190000
720260200000
720260210000
720260220000
720260230000
720260240000
720270010000
720270020000
720270030000
720270040000
720270050000
720270060000
720270070000
720270080000
720270090000
720270110000
720270120000
720270130000
720270140000
720270160000
720270170000
720270180000
720270190000
720270200000
720270210000
720270220000
720270230000
720270240000
720270250000
720270260000
720270270000
720270280000
720270290000
720270300000
720270310000
720280010000
720280020000
720280030000
720280040000
720280050000
720280060000
720280070000
720280080000
720280100000
720280130000
720280150000
720280160000
720280170000
720280180000
720280190000
720280200000
720280240000
720280250000
720280260000
720280270000
720280280000
720280290000
720280300000
720280310000
720280320000
720290010000
720290020000
720290030000
720290040000
720290050000
720290060000
720290070000
720290080000
720290090000
720290100000
720290110000
720290120000
720290130000
720290140000
720290150000
720290160000
720290170000
720290180000
720290190000
720290200000
720290220000
720290230000
720290240000
720290250000
720290270000
720290280000
720290290000
720290300000
720290310000
720290320000
720290330000
720290340000
720290350000
720290360000
720290370000
720290380000
720290390000
720290400000
720290410000
720290420000
720290430000
720290440000
720290450000
720290460000
720290470000
720290480000
720290500000
720290510000
720290520000
720290530000
720290540000
720290550000
720290560000
720290570000
720290580000
720300010000
720300020000
720300030000
720300040000
720300050000
720300060000
720300070000
720300080000
720300090000
720300100000
720300110000
720300120000
720300130000
720300140000
720300150000
720300160000
720300170000
720300180000
720300190000
720300200000
720300210000
720300220000
720300230000
720300240000
720300250000
720300260000
720300270000
720300280000
720300290000
720300300000
720300310000
720300320000
720300330000
720300340000
720300350000
720310010000
720310020000
720310040000
720310060000
720310070000
720310080000
720310090000
720310100000
720310110000
720310130000
720310150000
720310160000
720310170000
720310180000
720310190000
720310200000
720310210000
720310220000
720310230000
720310250000
720310260000
720310270000
720310280000
720310290000
720310300000
720310310000
720310320000
720310330000
720310340000
720310350000
720310360000
720320010000
720320020000
720320030000
720320050000
720320070000
720320090000
720320100000
720320110000
720320120000
720320140000
720320160000
720320170000
720320180000
720320190000
720320200000
720320210000
720320220000
720320230000
720320240000
720320250000
720320260000
720320270000
720320280000
720320290000
720320300000
720320310000
720320320000
720320330000
720320340000
720320360000
720320370000
720320380000
720320390000
720320400000
720320410000
720320420000
720320430000
720320440000
720320450000
720320460000
720320470000
720320480000
720320490000
720320500000
720320510000
720320520000
720320530000
720320540000
720330010000
720330020000
720330040000
720330050000
720330060000
720330070000
720330080000
720330090000
720330100000
720330110000
720330120000
720330130000
720330150000
720330180000
720330190000
720330200000
720330210000
720330220000
720330230000
720330240000
720330250000
720330260000
720330270000
720330280000
720330290000
720330300000
720330310000
720330320000
720330330000
720330340000
720330350000
720340010000
720340020000
720340030000
720340040000
720340050000
720340060000
720340070000
720340080000
720340090000
720340100000
720340110000
720340120000
720340130000
720340140000
720340150000
720340160000
720340170000
720340180000
720340190000
720340200000
720340210000
720340220000
720340230000
720340370000
720350010000
720350020000
720350030000
720350040000
720350050000
720350060000
720350070000
720350080000
720350090000
720350100000
720350110000
720350120000
720350130000
720350140000
720350150000
720350160000
720350170000
720350180000
720350190000
720350200000
720350210000
720350220000
720350230000
720350240000
720350250000
720350260000
720350270000
720350280000
720350290000
720350300000
720350310000
720350320000
720350330000
720350340000
720350350000
720350360000
720350370000
720350380000
720350390000
720350400000
720350410000
720350420000
720350430000
720350440000
720350450000
720350460000
720350470000
720350480000
720360010000
720360020000
720360030000
720360040000
720360050000
720360060000
720360070000
720360080000
720360090000
720360100000
720360110000
720360120000
730010020000
730020010000
730020020000
730020030000
730020040000
730020050000
730020060000
730020070000
730020080000
730020090000
730020100000
730020110000
730020120000
730020130000
730020140000
730020150000
730020160000
730020170000
730020200000
730020210000
730020220000
730020230000
730020240000
730020250000
730020260000
730020270000
730020290000
730020300000
730020310000
730020320000
730020330000
730020340000
730020350000
730020360000
730020370000
730020380000
730020390000
730020400000
730020410000
730020420000
730020430000
730020440000
730020450000
730030050000
730030060000
730030070000
730030080000
730030100000
730030110000
730030130000
730030150000
730030180000
730030200000
730030210000
730030230000
730030240000
730030250000
730030260000
730030270000
730030320000
730030330000
730030340000
730030350000
730030360000
730030370000
730030380000
730030390000
730030400000
730030410000
730030420000
730030430000
730030440000
730030450000
730030460000
730030470000
730030480000
730030490000
730030500000
730030510000
730030520000
730030530000
730030540000
730030550000
730030560000
730030570000
730030580000
730030590000
730030600000
730030610000
730030620000
730030630000
730030640000
730030650000
730030660000
730030670000
730040010000
730040020000
730040030000
730040040000
730040050000
730040060000
730040070000
730040080000
730040100000
730040110000
730040120000
730040130000
730040140000
730040150000
730040160000
730040170000
730040180000
730040190000
730040200000
730040210000
730040220000
730050010000
730050020000
730050030000
730050040000
730050060000
730050090000
730050130000
730050140000
730050150000
730050160000
730050170000
730050180000
730050190000
730050200000
730050210000
730050250000
730050270000
730050280000
730050290000
730050300000
730050310000
730050320000
730050330000
730050350000
730050360000
730050370000
730050380000
730050390000
730050400000
730050410000
730050420000
730050430000
730050440000
730050450000
730050460000
730050470000
730050480000
730050490000
730050500000
730050510000
730050520000
730050530000
730050540000
730050550000
730050560000
730050570000
730050580000
730050590000
730050600000
730050610000
730050620000
730050630000
730050640000
730050650000
730050660000
730050670000
730050680000
730050690000
730050700000
730050710000
730050720000
730050730000
730050740000
730050750000
730050760000
730050770000
730050780000
730050790000
730050800000
730050810000
730050820000
730050830000
730050840000
730050850000
730050900000
730050910000
730050920000
730050930000
730050940000
730050950000
730050960000
730050970000
730050980000
730051010000
730051020000
730051030000
730051040000
730051050000
730051060000
730051070000
730051080000
730051090000
730051100000
730051120000
730051130000
730051140000
730051150000
730051160000
730051170000
730051180000
730051190000
730051200000
730051210000
730051220000
730051230000
730051240000
730051250000
730051260000
730051270000
730051280000
730051290000
730051300000
730051310000
730051320000
730051330000
730051340000
730051350000
730051360000
730051370000
730051380000
730051390000
730051400000
730051410000
730051420000
730051430000
730051440000
730051450000
730051460000
730051470000
730051480000
730051490000
730051500000
730051510000
730051520000
730051530000
730051540000
730051550000
730051560000
730051570000
730051580000
730051590000
730051600000
730051610000
730051620000
730051630000
730051640000
730051660000
730051670000
730051680000
730051690000
730051700000
730051710000
730051720000
730060010000
730060020000
730060030000
730060040000
730060160000
730060190000
730060200000
730060210000
730060220000
730060230000
730060240000
730060260000
730060280000
730060330000
730060340000
730060350000
730060360000
730060370000
730060380000
730060390000
730060400000
730060410000
730060420000
730060430000
730060440000
730060450000
730060460000
730060470000
730070050000
730070060000
730070070000
730070080000
730070090000
730070100000
730070110000
730070120000
730070130000
730070140000
730070150000
730070160000
730070180000
730070190000
730070200000
730070210000
730070220000
730070230000
730070240000
730070250000
730070260000
730070270000
730070280000
730070290000
730070300000
730070310000
730070340000
730070350000
730070360000
730070380000
730070390000
730070400000
730070410000
730070420000
730070430000
730070440000
730070460000
730070470000
730070480000
730070500000
730070510000
730070520000
730070530000
730070540000
730070550000
730070560000
730070570000
730070580000
730070590000
730070600000
730070610000
730070620000
730070630000
730070640000
730070650000
730070660000
730070670000
730070680000
730070690000
730070700000
730070710000
730070720000
730070730000
730070740000
730070750000
730070760000
730070770000
730070780000
730070790000
730070800000
730070810000
730070820000
730070830000
730070840000
730070850000
730070860000
730070870000
730070880000
730070890000
730070900000
730070910000
730070920000
730070930000
730070940000
730070950000
730070960000
730070970000
730070980000
730070990000
730071000000
730071010000
730071020000
730071030000
730071040000
730071050000
730071060000
730071070000
730071080000
730071090000
730071100000
730071110000
730071120000
730071130000
730071140000
730071150000
730071160000
730071170000
730071180000
730071190000
730071200000
730071210000
730071220000
730071230000
730071240000
730071250000
730071260000
730080010000
730080020000
730080030000
730080040000
730080050000
730080060000
730080070000
730080080000
730080090000
730080100000
730080110000
730080120000
730080130000
730080140000
730080150000
730080160000
730080170000
730080180000
730080190000
730080220000
730080230000
730080240000
730080250000
730080260000
730080270000
730080280000
730080310000
730080320000
730080330000
730080340000
730080350000
730080360000
730080370000
730080380000
730080390000
730080510000
730080520000
730080530000
730080540000
730080550000
730080560000
730080570000
730080580000
730080590000
730080600000
730080610000
730080620000
730080630000
730080640000
730080650000
730080660000
730080670000
730080690000
730080700000
730080710000
730080720000
730080730000
730080740000
730080750000
730080760000
730080770000
730080790000
730080800000
730080810000
730080820000
730080830000
730080840000
730080850000
730080860000
730080870000
730080880000
730080890000
730080900000
730080910000
730080920000
730080930000
730080940000
730080950000
730080960000
730080970000
730080980000
730080990000
730081000000
730081060000
730081070000
730081080000
730081090000
730081100000
730081110000
730081120000
730081130000
730081140000
730081150000
730081160000
730081170000
730081180000
730081190000
730081200000
730081210000
730081220000
730081230000
730081240000
730081250000
730081260000
730081270000
730081280000
730081290000
730081300000
730081310000
730090020000
730090040000
730090050000
730090070000
730090080000
730090110000
730090130000
730090140000
730090160000
730090170000
730090180000
730090190000
730090200000
730090210000
730090220000
730090250000
730090260000
730090270000
730090280000
730090290000
730090300000
730090320000
730090490000
730090550000
730090560000
730090570000
730090580000
730090590000
730090600000
730090610000
730090620000
730090630000
730090640000
730090650000
730090660000
730090670000
730090680000
730090690000
730100020000
730100030000
730100060000
730100070000
730100310000
730100320000
730100330000
730100350000
730100390000
730100400000
730100410000
730100420000
730100430000
730100440000
730100450000
730100460000
730100510000
730100520000
730100530000
730100540000
730100560000
730100570000
730100580000
730100590000
730100600000
730100610000
730110010000
730110020000
730110030000
730110040000
730110050000
730110060000
730110070000
730110080000
730110090000
730110100000
730110110000
730110120000
730110130000
730110140000
730110150000
730110160000
730110170000
730110180000
730110190000
730110200000
730110210000
730110220000
730110230000
730110240000
730110250000
730110260000
730110270000
730110280000
730110290000
730110300000
730110310000
730110320000
730110330000
730110340000
730110350000
730110360000
730110370000
730110380000
730110390000
730110400000
730110410000
730110420000
730110430000
730110440000
730110450000
730110460000
730110470000
730110480000
730110490000
730110500000
730110510000
730110520000
730110530000
730110540000
730110550000
730110560000
730110570000
730110580000
730110590000
730110600000
730110610000
730110620000
730110630000
730110640000
730110650000
730110660000
730110680000
730110690000
730110700000
730110710000
730110720000
730110730000
730110740000
730120010000
730120020000
730120030000
730120040000
730120050000
730120060000
730120070000
730120080000
730120090000
730120100000
730120110000
730120120000
730120130000
730120140000
730120150000
730120160000
730120170000
730120180000
730120190000
730120200000
730120210000
730120220000
730120230000
730120240000
730120250000
730120260000
730120270000
730120280000
730120290000
730120300000
730120310000
730120320000
730120330000
730120340000
730120350000
730120360000
730120370000
730120380000
730120390000
730120400000
730120410000
730120420000
730120430000
730120440000
730120450000
730120460000
730120470000
730120480000
730120490000
730120500000
730120510000
730120520000
730120530000
730120540000
730120550000
730120560000
730120570000
730120580000
730130010000
730130020000
730130030000
730130040000
730130050000
730130060000
730130070000
730130080000
730130090000
730130100000
730130110000
730130120000
730130130000
730130140000
730130150000
730130160000
730130170000
730130180000
730130190000
730130200000
730130210000
730130220000
730130230000
730130240000
730130250000
730130260000
730130270000
730130280000
730130290000
730130300000
730130310000
730130320000
730130330000
730130340000
730130350000
730130360000
730130370000
730130380000
730130390000
730130400000
730130410000
730130420000
730140010000
730140020000
730140030000
730140040000
730140060000
730140070000
730140080000
730140090000
730140100000
730140110000
730140120000
730140130000
730140140000
730140150000
730140170000
730140180000
730140190000
730140200000
730140210000
730140220000
730140230000
730140240000
730140250000
730140260000
730140270000
730140280000
730140290000
730140300000
730140310000
730140320000
730140330000
730140340000
730140350000
730140370000
730140380000
730140390000
730140400000
730140410000
730150010000
730150020000
730150030000
730150040000
730150050000
730150060000
730150070000
730150080000
730150090000
730150100000
730150110000
730150120000
730150130000
730150140000
730150150000
730150160000
730150170000
730150180000
730150190000
730150200000
730150210000
730150220000
730150230000
730150240000
730150250000
730150260000
730150270000
730150280000
730150290000
730150300000
730150310000
730160010000
730160020000
730160030000
730160040000
730160050000
730160060000
730160070000
730160080000
730160090000
730160110000
730160120000
730160130000
730160140000
730160150000
730160160000
730160170000
730160180000
730160190000
730160200000
730160210000
730160220000
730170010000
730170020000
730170030000
730170040000
730170050000
730170060000
730170070000
730170080000
730170090000
730170100000
730170110000
730170130000
730170140000
730170150000
730170160000
730170170000
730170180000
730170190000
730170200000
730170210000
730170220000
730170230000
730170240000
730170250000
730170260000
730170270000
730170280000
730170290000
730170300000
730170310000
730170320000
730180010000
730180020000
730180030000
730180040000
730180050000
730180060000
730180070000
730180080000
730180090000
730180100000
730180110000
730180120000
730180130000
730180140000
730180150000
730180160000
730180170000
730180180000
730180190000
730180200000
730180210000
730180220000
730180230000
730180240000
730180250000
730180260000
730180270000
730180280000
730180290000
730180310000
730180320000
730180330000
730180340000
730190010000
730190020000
730190030000
730190040000
730190050000
730190060000
730190070000
730190080000
730190090000
730190100000
730190110000
730190120000
730190130000
730190140000
730190150000
730190160000
730190170000
730190180000
730190190000
730190200000
730190210000
730190220000
730190230000
730190240000
730190250000
730190260000
730190270000
730190280000
730190290000
730190300000
730190310000
730190320000
730190330000
730190340000
730190350000
730190360000
730190370000
730190380000
730190390000
730190400000
730200010000
730200020000
730200030000
730200040000
730200050000
730200060000
730200070000
730200080000
730200090000
730200100000
730200110000
730200120000
730200130000
730200140000
730200150000
730200160000
730200170000
730200180000
730200190000
730200200000
730200210000
730210010000
730210020000
730210030000
730210040000
730210050000
730210060000
730210070000
730210080000
730210090000
730210100000
730210110000
730210120000
730210130000
730210140000
730210150000
730210160000
730210170000
730210180000
730210190000
730210200000
730210210000
730220020000
730220030000
730220040000
730220050000
730220060000
730220070000
730220080000
730220090000
730220100000
730220110000
730220120000
730220130000
730220140000
730220150000
730220160000
730220170000
730220180000
730220190000
730220200000
730220210000
730220220000
730220230000
730220240000
730220250000
730220260000
730220270000
730220280000
730220290000
730220300000
730220310000
730220320000
730220330000
730220340000
730220350000
730220360000
730220370000
730220380000
730220390000
730220400000
730220410000
730220420000
730220430000
730220440000
730220450000
730220460000
730220470000
730220480000
730220490000
730220500000
730220510000
730220520000
730220530000
730220540000
730220550000
730220560000
730220570000
730220580000
730220590000
730220600000
730220610000
730220620000
730220630000
730220640000
730220650000
730220660000
730220670000
730220680000
730220690000
730220700000
730220710000
730220720000
730220730000
730220740000
730220750000
730220760000
730220770000
730220780000
730220790000
730220800000
730220810000
730220820000
730220830000
730220840000
730220850000
730220860000
730220870000
730220880000
730220890000
730220900000
730220910000
730220920000
730220930000
730220940000
730220950000
730220960000
730220970000
730220980000
730220990000
730221000000
730221010000
730221020000
730221030000
730221040000
730221050000
730230010000
730230020000
730230030000
730230040000
730230050000
730230060000
730230070000
730230080000
730230090000
730230100000
730230110000
730230130000
730230140000
730230150000
730230160000
730230170000
730230180000
730230190000
730230200000
730230210000
730230220000
730230230000
730230240000
730230250000
730230260000
730230270000
730230280000
730230290000
730230300000
730230310000
730230320000
730230330000
730230340000
730230350000
730230360000
730230370000
730230380000
730230390000
730230400000
730230410000
730230420000
730230430000
730230440000
730230450000
730230460000
730230470000
730230480000
730230490000
730230500000
730230510000
730230520000
730230530000
730230540000
730230550000
730230560000
730230570000
730230580000
730230590000
730230600000
730230610000
730230620000
730230630000
730230640000
730230650000
730230660000
730230670000
730230680000
730230690000
730230700000
730230710000
730230720000
730230730000
730230740000
730230750000
730230760000
730230770000
730230780000
730230790000
730230800000
730230810000
730230820000
730230830000
730230840000
730230850000
730230860000
730230870000
730230880000
730230890000
730230900000
730230910000
730230920000
730230930000
730230940000
730230950000
730230960000
730230970000
730230980000
730230990000
730231000000
730240010000
730240020000
730240030000
730240040000
730240050000
730240060000
730240070000
730240080000
730240090000
730240100000
730240110000
730240120000
730240130000
730240150000
730240160000
730240170000
730240180000
730240190000
730240200000
730240210000
730240220000
730240230000
730240240000
730240250000
730240260000
730240270000
730240280000
730240290000
730240300000
730240310000
730240320000
730240330000
730240340000
730240350000
730240360000
730240370000
730240380000
730240390000
730240400000
730240410000
730240420000
730240430000
730240440000
730240450000
730240460000
730240470000
730240480000
730240490000
730240500000
730240510000
730240520000
730240530000
730240540000
730240550000
730240560000
730240570000
730240580000
730240590000
730240600000
730240610000
730240620000
730240630000
730240640000
730240650000
730240660000
730240670000
730240680000
730240690000
730240700000
730240710000
730240720000
730240730000
730240740000
730240750000
730240760000
730240770000
730240780000
730240790000
730240800000
730240810000
730240820000
730240830000
730240840000
730240850000
730240860000
730240870000
730240880000
730240890000
730240900000
730240910000
730240920000
730240930000
730240940000
730240950000
730240960000
730240970000
730240980000
730240990000
730241000000
730241010000
730241030000
730241040000
730241050000
730241060000
730241070000
730241080000
730241090000
730241100000
730241110000
730241120000
730241130000
730241140000
730241150000
730241160000
730241170000
730241180000
730241190000
730241200000
730241210000
730241220000
730241230000
730241240000
730241250000
730241270000
730241280000
730241290000
730241300000
730241310000
730241320000
730241330000
730241340000
730241350000
730241360000
730241370000
730241380000
730241390000
730241400000
730241410000
730241420000
730241430000
730241440000
730241450000
730241460000
730241470000
730250010000
730250020000
730250030000
730250040000
730250050000
730250060000
730250070000
730250080000
730250090000
730250100000
730250110000
730250120000
730250130000
730250140000
730250150000
730250160000
730250170000
730250180000
730250190000
730250200000
730250210000
730250220000
730250230000
730250240000
730250250000
730250260000
730250270000
730250280000
730250290000
730250300000
730250310000
730250320000
730250330000
730250340000
730250350000
730250360000
730250370000
730250380000
730250390000
730250400000
730250410000
730250420000
730250430000
730250440000
730250450000
730250460000
730250470000
730250480000
730250490000
730250500000
730250510000
730250520000
730250530000
730250540000
730250550000
730250560000
730250570000
730250580000
730250590000
730250600000
730250610000
730250620000
730250630000
730250640000
730250650000
730250660000
730250670000
730250680000
730250690000
730250700000
730250710000
730250720000
730260010000
730260020000
730260030000
730260040000
730260050000
730260060000
730260070000
730260080000
730260090000
730260100000
730260110000
730260120000
730260130000
730260140000
730260150000
730260160000
730260170000
730260180000
730260190000
730260220000
730260230000
730260240000
730260250000
730260260000
730260270000
730260280000
730260290000
730260300000
730260310000
730260320000
730260330000
730260340000
730260350000
730260360000
730260370000
730270010000
730270020000
730270030000
730270040000
730270050000
730270060000
730270070000
730270080000
730270090000
730270100000
730270110000
730270120000
730270130000
730270140000
730270150000
730270160000
730270170000
730270180000
730270190000
730270200000
730270210000
730270220000
730270230000
730270240000
730270250000
730270260000
730270270000
730270280000
730270290000
730280010000
730280020000
730280030000
730280040000
730280050000
730280060000
730280070000
730280080000
730280090000
730280100000
730280110000
730280120000
730280130000
730280140000
730280150000
730280160000
730280170000
730280180000
730280190000
730280200000
730280210000
730280220000
730280230000
730280240000
730280250000
730280260000
730280270000
730280280000
730280290000
730280300000
730280310000
730280320000
730280330000
730280340000
730280350000
730280360000
730280370000
730280380000
730280390000
730280400000
730280410000
730280420000
730280430000
730280440000
730280450000
730280460000
730280470000
730280480000
730280500000
730280510000
730280520000
730280530000
730280540000
730280550000
730280560000
730280570000
730280580000
730280590000
730280600000
730280610000
730280620000
730280630000
730280640000
730280650000
730280660000
730280670000
730280680000
730280690000
730280700000
730280710000
730280720000
730280730000
730280740000
730280750000
730280760000
730280770000
730280780000
730280790000
730280800000
730280810000
730280820000
730280830000
730280840000
730280850000
730280860000
730280870000
730280880000
730280890000
730280900000
730280910000
730280920000
730280930000
730280940000
730280950000
730280960000
730280970000
730280980000
730280990000
730281000000
730281010000
730281020000
730281040000
730290010000
730290020000
730290030000
730290040000
730290050000
730290060000
730290070000
730290080000
730290090000
730290110000
730290120000
730290130000
730290140000
730290150000
730290160000
730290170000
730290180000
730290190000
730290200000
730290210000
730290220000
730290230000
730290240000
730290250000
730290260000
730290270000
730290280000
730290290000
730290310000
730290320000
730290330000
730290340000
730290350000
730290360000
730290370000
730290380000
730290390000
730290400000
730290420000
730290430000
730290440000
730290450000
730290460000
730290470000
730290480000
730290490000
730290500000
730290510000
730290520000
730290530000
730290540000
730290550000
730290560000
730300010000
730300020000
730300030000
730300040000
730300050000
730300060000
730300070000
730300080000
730300090000
730300100000
730300110000
730300120000
730300130000
730300140000
730300150000
730300160000
730300170000
730300180000
730300190000
730300200000
730300210000
730300220000
730300230000
730300240000
730300250000
730300260000
730300270000
730300280000
730300290000
730300300000
730300310000
730300320000
730300330000
730300340000
730300350000
730300360000
730300370000
730300380000
730300390000
730300400000
730300410000
730300420000
730300430000
730300440000
730300450000
730300460000
730300470000
730300480000
730300490000
730300500000
730300510000
730300520000
730300530000
730300540000
730300550000
730300560000
730300570000
730300580000
730300590000
730300600000
730300610000
730300620000
730300630000
730300640000
730300650000
730300660000
730300670000
730300680000
730300690000
730310010000
730310020000
730310030000
730310040000
730310050000
730310060000
730310070000
730310080000
730310090000
730310100000
730310110000
730310120000
730310130000
730310140000
730310150000
730310160000
730310170000
730310180000
730310190000
730310200000
730310210000
730310220000
730310230000
730310240000
730310250000
730310260000
730310270000
730310280000
730310290000
730310300000
730310310000
730310320000
730310330000
730310340000
730310350000
730310360000
730310370000
730310380000
730310390000
730310400000
730310410000
730310420000
730310430000
730310440000
730310450000
730310460000
730310470000
730310480000
730310490000
730310500000
730310510000
730310520000
730310530000
730310540000
730310550000
730310560000
730310570000
730310580000
730310590000
730310600000
730310610000
730310620000
730310630000
730310640000
730310650000
730310660000
730310670000
730310680000
730310690000
730310710000
730310720000
730310730000
730310740000
730310750000
730310760000
730310770000
730310780000
730310790000
730310800000
730320010000
730320020000
730320030000
730320040000
730320050000
730320060000
730320070000
730320080000
730320090000
730320100000
730320110000
730320120000
730320130000
730320140000
730320150000
730320160000
730320170000
730320180000
730320190000
730320200000
730320210000
730320220000
730320230000
730320240000
730320250000
730320260000
730320270000
730320280000
730320290000
730320300000
730320310000
730320320000
730320330000
730320340000
730320350000
730320360000
730320370000
730320380000
730320390000
730320400000
730320410000
730320420000
730320430000
730320440000
730320450000
730320460000
730320470000
730320480000
730320490000
730320500000
730320510000
730320520000
730320530000
730320540000
730320550000
730320560000
730320570000
730320580000
730320590000
730320600000
730320610000
730320620000
730320630000
730320640000
730320650000
730320660000
730320670000
730320680000
730320690000
730320700000
730320710000
730320720000
730320730000
730320740000
730320750000
730320760000
730320770000
730320780000
730320790000
730320800000
730320810000
730320820000
730320830000
730320840000
730330010000
730330020000
730330030000
730330040000
730330050000
730330060000
730330070000
730330080000
730330090000
730330100000
730330110000
730330120000
730330130000
730330140000
730330150000
730330160000
730330170000
730330180000
730330190000
730330200000
730330210000
730330220000
730330230000
730330240000
730330250000
730330260000
730330270000
730330280000
730330290000
730330300000
730330310000
730330320000
730330330000
730330340000
730330350000
730330360000
730330370000
730330380000
730330390000
730330400000
730330410000
730330420000
730330430000
730330440000
730330450000
730330460000
730330470000
730330480000
730330490000
730330500000
730330510000
730330520000
730330530000
730330540000
730330550000
730330560000
730330570000
730330580000
730330590000
730330600000
730330610000
730330620000
730330630000
730330640000
730330650000
730330660000
730330670000
730330680000
730330690000
730330700000
730330710000
730330720000
730330730000
730330740000
730330750000
730330760000
730330770000
730330780000
730330790000
730330800000
730330810000
730330820000
730330830000
730330840000
730330850000
730330860000
730330870000
730330880000
730330890000
730330900000
730330910000
730330920000
730330930000
730330940000
730330950000
730330960000
730330970000
730330980000
730330990000
730331000000
730331010000
730331020000
730331030000
730331040000
730331050000
730331060000
730331070000
730340010000
730340020000
730340030000
730340040000
730340050000
730340060000
730340070000
730340080000
730340090000
730340100000
730340110000
730340120000
730340130000
730340140000
730340150000
730340160000
730340170000
730340180000
730340190000
730340200000
730340210000
730340220000
730340230000
730340240000
730340250000
730340260000
730340270000
730340280000
730340290000
730340300000
730340310000
730340320000
730340330000
730340340000
730340350000
730340360000
730340370000
730340380000
730340390000
730340400000
730340410000
730340420000
730340430000
730340440000
730340450000
730340460000
730340470000
730340480000
730340490000
730340500000
730340510000
730340520000
730340530000
730340540000
730340550000
730340560000
730340570000
730340580000
730340590000
730340600000
730340610000
730340620000
730340630000
730340640000
730340650000
730340660000
730340670000
730340680000
730340690000
730340700000
730340710000
730340720000
730340730000
730340740000
730340750000
730340760000
730340770000
730340780000
730340790000
730340800000
730340810000
730340820000
730340830000
730350010000
730350020000
730350030000
730350040000
730350050000
730350060000
730350070000
730350080000
730350090000
730350100000
730350110000
730350120000
730350130000
730350140000
730350150000
730350160000
730350170000
730350180000
730350190000
730350200000
730350210000
730350220000
730350230000
730350240000
730350250000
730350260000
730350270000
730350280000
730350290000
730350300000
730350310000
730350320000
730350330000
730350340000
730350350000
730350360000
730350370000
730350380000
730350390000
730350400000
730350410000
730350420000
730350430000
730350440000
730350450000
730350460000
730350470000
730350480000
730350490000
730350500000
730350510000
730350520000
730350530000
730350540000
730350550000
730350560000
730350570000
730350580000
730350590000
730350600000
730350610000
730350620000
730350630000
730350640000
730350650000
730350660000
730350670000
730350680000
730350690000
730350700000
730350710000
730360010000
730360020000
730360030000
730360040000
730360050000
730360060000
730360070000
730360080000
730360090000
730360100000
730360110000
730360120000
730360130000
730360140000
730360160000
730360170000
730360180000
730360190000
730360200000
730360210000
730370010000
730370020000
730370030000
730370040000
730370050000
730370060000
730370070000
730370080000
730370090000
730370100000
730370110000
730370120000
730370130000
730370140000
730370150000
730370160000
730370170000
730370180000
730370190000
730370200000
730370210000
730370220000
730370230000
730370240000
730370250000
730370260000
730370270000
730370280000
730370290000
730370300000
730370310000
730370320000
730370330000
730370340000
730370350000
730370360000
730370370000
730370380000
730370390000
730370400000
730370410000
730370420000
730370430000
730370440000
730370450000
730380010000
730380020000
730380030000
730380040000
730380050000
730380060000
730380070000
730380080000
730380090000
730380100000
730380110000
730380120000
730380130000
730380140000
730380150000
730380160000
730380170000
730380180000
730380190000
730380200000
730380210000
730380220000
730380230000
730380240000
730380250000
730380260000
730380270000
730380280000
730380290000
730380300000
730380310000
730380320000
730380330000
730380340000
730380350000
730380360000
730380370000
730380380000
730380390000
730380400000
730380410000
730380420000
730380430000
730380440000
730380450000
730380460000
730380470000
730380480000
730380490000
730380500000
730380510000
730380520000
730380530000
730380540000
730380550000
730380560000
730380570000
730380580000
730380590000
730380600000
730380610000
730380620000
730380630000
730380640000
730380650000
730380660000
730380670000
730380680000
730380690000
730380700000
730380710000
730380720000
730380730000
730380740000
730380750000
730380760000
730380770000
730380780000
730380790000
730380800000
730380810000
730380820000
730380830000
730390010000
730390020000
730390030000
730390040000
730390050000
730390060000
730390070000
730390080000
730390090000
730390100000
730390110000
730390120000
730390130000
730390140000
730390150000
730390160000
730390170000
730390180000
730390190000
730390200000
730390210000
730390220000
730390230000
730390240000
730390250000
730390260000
730390270000
730390280000
730390290000
730390300000
730390310000
730390320000
730390330000
730390340000
730390350000
730390360000
730390370000
730390380000
730390390000
730390400000
730390410000
730390420000
730390430000
730390440000
730390450000
730390460000
730390470000
730390480000
730390490000
730390500000
730390510000
730390520000
730390530000
730390540000
730390550000
730390560000
730390570000
730390580000
730390590000
730390600000
730390610000
730390620000
730390630000
730390640000
730390650000
730390660000
730390670000
730390680000
730390690000
730390700000
730390710000
730390720000
730390730000
730390740000
730390750000
730390760000
730390770000
730390780000
730390790000
730390800000
730390810000
730400010000
730400020000
730400030000
730400040000
730400050000
730400060000
730400070000
730400080000
730400090000
730400100000
730400110000
730400120000
730400130000
730400140000
730400150000
730400160000
730400170000
730400180000
730400190000
730400200000
730400210000
730400220000
730400230000
730400240000
730400250000
730400260000
730400270000
730400280000
730400290000
730400300000
730400310000
730400320000
730400330000
730400340000
730400350000
730400360000
730400370000
730400380000
730400390000
730400400000
730400410000
730400420000
730400430000
730400440000
730400450000
730400460000
730400470000
730400480000
730400490000
730400500000
730400510000
730400520000
730400530000
730400540000
730400550000
730400560000
730400570000
730400580000
730400590000
730400600000
730400610000
730400620000
730400630000
730400640000
730400650000
730400660000
730400670000
730400680000
730400690000
730400700000
730400710000
730400720000
730400730000
730400740000
730400750000
730400760000
730400770000
730400780000
730400790000
730400800000
730400810000
730400820000
730410010000
730410020000
730410030000
730410040000
730410050000
730410060000
730410070000
730410080000
730410090000
730410100000
730410110000
730410120000
730410130000
730410140000
730410150000
730410160000
730410170000
730410180000
730410190000
730410200000
730410210000
730410220000
730410230000
730410240000
730410250000
730410260000
730410270000
730410280000
730410290000
730410300000
730410310000
730410320000
730410330000
730410340000
730410350000
730410360000
730410370000
730410380000
730410390000
730410400000
730410410000
730410420000
730410430000
730410440000
730410450000
730410460000
730410470000
730410480000
730410490000
730410500000
730410510000
730410520000
730410530000
730410540000
730410550000
730410560000
730410570000
730410580000
730410590000
730410600000
730410610000
730410620000
730410630000
730410640000
730410650000
730410660000
730410670000
730410680000
730410690000
730410700000
730410710000
730420010000
730420020000
730420030000
730420040000
730420050000
730420060000
730420070000
730420080000
730420090000
730420100000
730420110000
730420120000
730420140000
730420150000
730420160000
730420170000
730420180000
730420190000
730420200000
730420210000
730420220000
730420230000
730420240000
730420250000
730420260000
730420270000
730420280000
730420290000
730420300000
730420310000
730420320000
730420330000
730420340000
730420350000
730420360000
730420370000
730420380000
730420390000
730420400000
730420410000
730420420000
730420430000
730420440000
730420450000
730420460000
730420470000
730420480000
730420490000
730420500000
730420510000
730420520000
730420530000
730420540000
730420550000
730420560000
730420570000
730420580000
730420590000
730420600000
730420610000
730430010000
730430020000
730430030000
730430050000
730430060000
730430070000
730430160000
730430320000
730430330000
730430370000
730430410000
730430420000
730430510000
730430560000
730430630000
730430660000
730430670000
730430680000
730430690000
730430700000
730430710000
730430720000
730430730000
730430740000
730430750000
730430760000
730430770000
730430780000
730430790000
730430800000
730430810000
730430820000
730430830000
730430840000
730430850000
730430860000
730430870000
730430880000
730430890000
730430900000
730430910000
730430920000
730430930000
730430940000
730430980000
730430990000
730431000000
730431010000
730431020000
730431060000
730431070000
730431110000
730431120000
730431130000
730440010000
730440020000
730440030000
730440040000
730440050000
730440060000
730440070000
730440080000
730440090000
730440100000
730440110000
730440120000
730440130000
730440140000
730440150000
730440160000
730440170000
730440180000
730440190000
730440200000
730440210000
730440220000
730440230000
730440240000
730440250000
730440260000
730440270000
730440280000
730440290000
730440300000
730440310000
730440320000
730440330000
730440340000
730440350000
730440360000
730440370000
730440380000
730440390000
730440400000
730440410000
730440420000
730440430000
730440440000
730440450000
730440460000
730440470000
730440480000
730440490000
730440500000
730440510000
730450010000
730450020000
730450030000
730450040000
730450050000
730450060000
730450070000
730450080000
730450090000
730450100000
730450110000
730450120000
730450130000
730450140000
730450150000
730450160000
730450170000
730450180000
730450190000
730450200000
730450210000
730450220000
730450230000
730450240000
730450250000
730450260000
730450270000
730450280000
730450290000
730450300000
730450310000
730450320000
730450330000
730450340000
730450350000
730450360000
730450370000
730450380000
730450390000
730450400000
730450410000
730450420000
730450430000
730450440000
730450450000
730450460000
730450470000
730450480000
730450490000
730450500000
730450510000
730450520000
730450530000
730450540000
730450550000
730450560000
730450570000
730450580000
730450590000
730450600000
730450610000
730450620000
730460010000
730460020000
730460030000
730460040000
730460050000
730460060000
730460070000
730460080000
730460090000
730460100000
730460110000
730460120000
730460130000
730460140000
730460150000
730460160000
730460170000
730460180000
730460190000
730460200000
730460210000
730460220000
730460230000
730460240000
730460250000
730460260000
730460270000
730460280000
730460290000
730460300000
730460310000
730460320000
730460330000
730460340000
730460350000
730460360000
730460370000
730460380000
730460390000
730460400000
730460410000
730460420000
730460430000
730460440000
730460450000
730460460000
730460470000
730460480000
730460490000
730460500000
730460510000
730460520000
730460530000
730460540000
730460550000
730460560000
730460570000
730460580000
730460590000
730460600000
730460610000
730460620000
730460630000
730460640000
730460650000
730460660000
730460670000
730460680000
730460690000
730460700000
730460710000
730460720000
730460730000
730460740000
730460750000
730460760000
730460770000
730460780000
730460790000
730460800000
730460810000
730460820000
730460830000
730460840000
730460850000
730460860000
730460870000
730460880000
730460890000
730460900000
730460910000
730460920000
730460930000
730460940000
730460950000
730460960000
730460970000
730460980000
730460990000
730461000000
730461010000
730461020000
730461030000
730461040000
730461060000
730461070000
730461080000
730461090000
730461100000
730461110000
730461120000
730461140000
730461150000
730461160000
730461170000
730461180000
730461190000
730461200000
730461210000
730461220000
730461230000
730461240000
730461250000
730461260000
730461270000
730461280000
730461290000
730461300000
730461310000
730461320000
730461330000
730461340000
730461350000
730461360000
730461370000
730461380000
730461390000
730461400000
730461410000
730461420000
730461430000
730461440000
730461450000
730461460000
730461470000
730461480000
730461490000
730461500000
730461510000
730461520000
730461530000
730461540000
730461560000
730470010000
730470020000
730470030000
730470040000
730470050000
730470060000
730470070000
730470080000
730470090000
730470100000
730470110000
730470140000
730470150000
730470160000
730470170000
730470180000
730470190000
730470200000
730470210000
730470220000
730470230000
730470240000
730470250000
730470260000
730470270000
730470280000
730470290000
730470300000
730470310000
730470320000
730470330000
730470340000
730470350000
730470360000
730470370000
730470380000
730470390000
730470400000
730470410000
730470430000
730470440000
730470450000
730470460000
730470470000
730470480000
730470490000
730470500000
730470510000
730470520000
730470530000
730470540000
730470550000
730470560000
730470570000
730470580000
730470590000
730470600000
730470610000
730470620000
730470630000
730470640000
730470650000
730470660000
730470670000
730470680000
730470690000
730470700000
730470710000
730470720000
730470730000
730470740000
730470750000
730470760000
730470770000
730470780000
730470790000
730470800000
730470810000
730470820000
730470840000
730470850000
730470860000
730470870000
730470880000
730470890000
730470900000
730470910000
730470920000
730470930000
730470940000
730470950000
730470960000
730470970000
730470980000
730470990000
730471000000
730471010000
730471020000
730471030000
730471040000
730471050000
730471060000
730471070000
730471080000
730471090000
730471100000
730471110000
730471120000
730471130000
730471140000
730471150000
730471160000
730471170000
730471180000
730471200000
730471210000
730480010000
730480020000
730480030000
730480040000
730480050000
730480060000
730480070000
730480080000
730480090000
730480100000
730480110000
730480120000
730480130000
730480140000
730480150000
730480160000
730480170000
730490010000
730490020000
730490030000
730490040000
730490050000
730490060000
730490070000
730490080000
730490090000
730490100000
730490110000
730490120000
730490130000
730490140000
730490150000
730490160000
730490170000
730490180000
730490190000
730490200000
730490210000
730490220000
730490230000
730490240000
730490250000
730490260000
730490270000
730490280000
730490290000
730490300000
730490310000
730490320000
730490330000
730490340000
730490350000
730490360000
730490370000
730490380000
730500010000
730500020000
730500030000
730500040000
730500050000
730500060000
730500070000
730500080000
730500090000
730500100000
730500110000
730500120000
730500130000
730500140000
730500150000
730500160000
730500170000
730500180000
730500190000
730500200000
730500210000
730500220000
730500230000
730500240000
730500260000
730500270000
730500280000
730500290000
730500300000
730500310000
730500320000
730500330000
730500340000
730500350000
730500360000
730500370000
730510010000
730510020000
730510030000
730510040000
730510050000
730510060000
730510080000
730510100000
730510110000
730510120000
730510130000
730510140000
730510160000
730510180000
730510190000
730510200000
730510210000
730510220000
730510230000
730510240000
730510250000
730510260000
730510270000
730510280000
730510290000
730510300000
730510310000
730510320000
730510330000
730510340000
730510350000
730510360000
730510370000
730510380000
730510390000
730510400000
730510410000
730510420000
730510430000
730510440000
730510450000
730510460000
730510470000
730510480000
730510490000
730510500000
730510510000
730510530000
730510540000
730510550000
730510570000
730510580000
730510600000
730510610000
730510650000
730510670000
730510680000
730510690000
730510710000
730510820000
730510840000
730510850000
730510860000
730510870000
730510880000
730510890000
730510910000
730510920000
730510930000
730510940000
730510950000
730510960000
730510970000
730510990000
730511030000
730511040000
730511050000
730511060000
730511070000
730511080000
730511090000
730511100000
730511110000
730511120000
730511130000
730511140000
730511150000
730511160000
730511170000
730511180000
730511190000
730511200000
730511220000
730511230000
730511240000
730511250000
730511260000
730511270000
730511280000
730511290000
730511300000
730511310000
730511320000
730511330000
730511340000
730511350000
730511360000
730511370000
730511380000
730520010000
730520020000
730520030000
730520040000
730520050000
730520060000
730520070000
730520080000
730520090000
730520100000
730520110000
730520120000
730520130000
730520140000
730520150000
730520160000
730520170000
730520180000
730520190000
730520200000
730520210000
730520220000
730520230000
730520240000
730520250000
730520260000
730520270000
730520280000
730520290000
730520300000
730520310000
730520320000
730520330000
730520340000
730520350000
730520360000
730530010000
730530020000
730530030000
730530040000
730530050000
730530060000
730530070000
730530080000
730530090000
730530100000
730530110000
730530120000
730530130000
730530140000
730530150000
730530160000
730530170000
730530180000
730530190000
730530200000
730530210000
730530220000
730530230000
730530240000
730530250000
730530260000
730530270000
730530280000
730530290000
730530300000
730530310000
730530320000
730530330000
730530340000
730530350000
730530360000
730530370000
730530380000
730530390000
730530400000
730530410000
730530420000
730530430000
730530440000
730530450000
730530460000
730530470000
730530480000
730530490000
730530500000
730530510000
730530520000
730530530000
730530540000
730530550000
730530560000
730530570000
730530580000
730530590000
730530600000
730530610000
730530620000
730530630000
730530640000
730530650000
730530660000
730540010000
730540020000
730540030000
730540040000
730540050000
730540060000
730540070000
730540080000
730540090000
730540100000
730540110000
730540120000
730540130000
730540140000
730540150000
730540160000
730540170000
730540180000
730540200000
730540210000
730540220000
730540230000
730540240000
730540250000
730540260000
730540270000
730540280000
730540290000
730540300000
730540310000
730540320000
730540330000
730540340000
730540350000
730540360000
730540370000
730540380000
730540390000
730540400000
730540410000
730540420000
730540430000
730540440000
730540450000
730540460000
730540470000
730540480000
730540490000
730540500000
730540510000
730540520000
730540530000
730540540000
730540550000
730540560000
730550010000
730550020000
730550030000
730550040000
730550050000
730550060000
730550070000
730550080000
730550090000
730550100000
730550110000
730550120000
730550130000
730550140000
730550150000
730550160000
730550170000
730550180000
730550190000
730550200000
730550210000
730550220000
730550230000
730550240000
730550250000
730550260000
730550270000
730550280000
730550290000
730550300000
730550310000
730550320000
730550330000
730550340000
730550350000
730550360000
730550370000
730560010000
730560020000
730560030000
730560040000
730560050000
730560060000
730560070000
730560080000
730560090000
730560100000
730560110000
730560120000
730560130000
730560140000
730560150000
730560160000
730560170000
730560180000
730560190000
730560200000
730560210000
730560220000
730560230000
730560240000
730560250000
730560260000
730560270000
730560280000
730560290000
730560300000
730560310000
730560350000
730560360000
730560370000
730560380000
730560390000
730560400000
730560410000
730560420000
730560430000
730560440000
730560450000
730560460000
730560470000
730560480000
730560490000
730560500000
730560510000
730560520000
730560530000
730560540000
730570010000
730570020000
730570030000
730570040000
730570050000
730570060000
730570070000
730570080000
730570090000
730570100000
730570110000
730570120000
730570130000
730570140000
730570150000
730570160000
730570170000
730570180000
730570190000
730570200000
730570210000
730570220000
730570230000
730570240000
730570250000
730570260000
730570270000
730570280000
730570290000
730570300000
730570310000
730580010000
730580020000
730580070000
730580080000
730580090000
730580100000
730580110000
730580120000
730580130000
730580140000
730580150000
730580160000
730580170000
730580180000
730580190000
730580200000
730580210000
730580220000
730580230000
730580240000
730580250000
730580260000
730580270000
730580280000
730580290000
730580300000
730580310000
730580320000
730580330000
730580340000
730580350000
730580360000
730580370000
730580380000
730580390000
730580400000
730580410000
730580420000
730580430000
730580440000
730580450000
730580460000
730580470000
730580480000
730580490000
730580500000
730580510000
730580520000
730580530000
730580540000
730590010000
730590020000
730590030000
730590040000
730590050000
730590060000
730590070000
730590080000
730590090000
730590100000
730590110000
730590120000
730590130000
730590140000
730590150000
730590160000
730590170000
730590180000
730590190000
730590200000
730590210000
730590220000
730590230000
730590240000
730590250000
730600010000
730600020000
730600030000
730600040000
730600050000
730600060000
730600070000
730600080000
730600090000
730600100000
730600110000
730600120000
730600130000
730600140000
730600150000
730600160000
730600170000
730600180000
730600190000
730600200000
730600210000
730600220000
730600230000
730600240000
730600250000
730600260000
730600270000
730600280000
730600290000
730600300000
730600310000
730600320000
730600330000
730600340000
730600350000
730600360000
730600370000
730600380000
730600390000
730600400000
730600410000
730600420000
730600430000
730600440000
730600450000
730600460000
730600470000
730600480000
730600490000
730600500000
730600510000
730600520000
730600530000
730600540000
730600550000
730600560000
730600570000
730600580000
730600590000
730600600000
730600610000
730600620000
730600630000
730600640000
730600650000
730600660000
730600670000
730600680000
730600690000
730600700000
730600710000
730600720000
730600730000
730600740000
730600750000
730600760000
730600770000
730600780000
730600790000
730600800000
730600810000
730600820000
730600830000
730600840000
730600850000
730600860000
730600870000
730600880000
730600890000
730600900000
730600910000
730600920000
730600930000
730600940000
730600950000
730600960000
730600970000
730600980000
730600990000
730601000000
730601010000
730601020000
730601030000
730601040000
730601050000
730601060000
730601070000
730601080000
730601090000
730601100000
730601110000
730601120000
730601130000
730601140000
730601150000
730601160000
730601170000
730601180000
730601190000
730601200000
730601210000
730610010000
730610020000
730610030000
730610040000
730610050000
730610060000
730610070000
730610080000
730610090000
730610100000
730610110000
730610120000
730610130000
730610140000
730610150000
730610160000
730610170000
730610180000
730610190000
730610200000
730610210000
730610220000
730610230000
730610240000
730610250000
730610260000
730610270000
730610280000
730610290000
730610300000
730610310000
730610320000
730610330000
730610340000
730610350000
730610360000
730610370000
730610380000
730610390000
730610400000
730610410000
730610420000
730610430000
730610440000
730610450000
730610460000
730610470000
730610480000
730610490000
730610500000
730610510000
730610520000
730610530000
730610540000
730610550000
730610560000
730610570000
730610580000
730610590000
730610600000
730610610000
730610620000
730610630000
730610640000
730610650000
730610660000
730610670000
730610680000
730610690000
730610700000
730610710000
730610720000
730610730000
730610740000
730610750000
730610760000
730620010000
730620020000
730620030000
730620040000
730620050000
730620060000
730620070000
730620080000
730620090000
730620100000
730620110000
730620120000
730620130000
730620140000
730620150000
730620160000
730620170000
730620180000
730620190000
730620200000
730620210000
730620220000
730620230000
730620240000
730620250000
730620260000
730620270000
730620280000
730620290000
730620300000
730620310000
730620320000
730620330000
730620340000
730620350000
730620360000
730620370000
730620380000
730620390000
730620400000
730620410000
730620420000
730620430000
730620440000
730620450000
730620460000
730620470000
730620480000
730620490000
730620500000
730620510000
730620520000
730620530000
730620540000
730620550000
730620560000
730620570000
730620580000
730620590000
730620600000
730620610000
730620620000
730620630000
730620640000
730620650000
730620660000
730620670000
730620680000
730620690000
730620700000
730620710000
730620720000
730620730000
730620740000
730620750000
730620760000
730620770000
730620780000
730620790000
730620800000
730620810000
730620820000
730620830000
730620840000
730620850000
730620860000
730620870000
730620880000
730620890000
730620900000
730620910000
730620920000
730620930000
730620940000
730620950000
730620960000
730620970000
730620980000
730620990000
730621000000
730621010000
730621020000
730621030000
730621040000
730621050000
730630010000
730630020000
730630030000
730630040000
730630050000
730630060000
730630070000
730630080000
730630090000
730630100000
730630110000
730630120000
730630130000
730630140000
730630150000
730640010000
730640020000
730640030000
730640040000
730640050000
730640060000
730640070000
730640080000
730640090000
730640100000
730640110000
730640120000
730640130000
730640140000
730640150000
730640160000
730640170000
730640180000
730640200000
730640210000
730640220000
730640230000
730640240000
730650010000
730650020000
730650030000
730650040000
730650050000
730650060000
730650070000
730650080000
730650090000
730650100000
730650110000
730650120000
730650130000
730650140000
730650150000
730650160000
730650170000
730650180000
730650190000
730650200000
730650210000
730650220000
730650230000
730650240000
730650250000
730650260000
730650270000
730650280000
730650290000
730650300000
730650310000
730650320000
730650330000
730650340000
730650350000
730650360000
730650370000
730650380000
730650390000
730650400000
730650410000
730650420000
730650430000
730650440000
730650450000
730650460000
730650470000
730650480000
730650490000
730650500000
730650510000
730650520000
730650530000
730650540000
730650550000
730650590000
730650600000
730650610000
730650620000
730650630000
730650640000
730650650000
730650660000
730650670000
730660010000
730660020000
730660030000
730660040000
730670010000
730670020000
730670030000
730670040000
730680010000
730680020000
730680030000
730680040000
730680050000
730680060000
730680070000
730680080000
730680090000
730680100000
730680110000
730680120000
730680130000
730680140000
730680150000
730680160000
730680170000
730680180000
730680190000
730680200000
730680210000
730680220000
730680230000
730680240000
730680250000
730680260000
730680270000
730680280000
730680290000
730680300000
730680310000
730680320000
730680330000
730680340000
730680350000
730680360000
730680370000
730680380000
730680390000
730680400000
730680410000
730680420000
730680430000
730680440000
730680450000
730680460000
730680480000
730680490000
730680500000
730680510000
730680520000
730680530000
730680540000
740010010000
740010020000
740010030000
740010040000
740010050000
740010060000
740010070000
740020010000
740020020000
740020030000
740020040000
740020050000
740020060000
740020070000
740020080000
740020090000
740020100000
740020110000
740020120000
740020130000
740020140000
740020150000
740020160000
740020170000
740020180000
740020200000
740020210000
740030010000
740030020000
740030030000
740030040000
740030050000
740030060000
740030070000
740030080000
740030090000
740030100000
740030110000
740030120000
740030130000
740030140000
740030150000
740030160000
740030170000
740030180000
740030190000
740030200000
740030210000
740030220000
740030230000
740030240000
740030250000
740030260000
740030270000
740030280000
740030290000
740030300000
740030310000
740030320000
740030330000
740030340000
740030350000
740030360000
740030370000
740030380000
740030390000
740030400000
740030410000
740030420000
740030430000
740030440000
740040010000
740040020000
740040030000
740040040000
740040140000
740040150000
740040160000
740040170000
740040180000
740040190000
740040200000
740040210000
740040220000
740040230000
740040240000
740040250000
740040260000
740040270000
740040280000
740040290000
740040300000
740040310000
740040320000
740040330000
740040340000
740040350000
740040360000
740040370000
740040380000
740040390000
740040400000
740040410000
740040430000
740040440000
740040470000
740040480000
740040490000
740040500000
740040510000
740040520000
740040530000
740040540000
740040590000
740040600000
740040610000
740040620000
740040630000
740040640000
740040650000
740040660000
740040670000
740040680000
740040690000
740040700000
740040710000
740040720000
740040730000
740040740000
740040750000
740040760000
740040770000
740040780000
740040790000
740040800000
740040810000
740040820000
740040830000
740040840000
740040850000
740040860000
740040870000
740040880000
740040890000
740040900000
740040910000
740040920000
740040930000
740040940000
740040950000
740050010000
740050020000
740050030000
740050040000
740050060000
740050070000
740060010000
740060020000
740060030000
740060040000
740060050000
740060060000
740060070000
740060080000
740060090000
740060100000
740060110000
740060120000
740060140000
740060150000
740060160000
740060170000
740060180000
740060190000
740060200000
740060210000
740060220000
740060230000
740060240000
740060250000
740060260000
740060270000
740060280000
740060290000
740060300000
740060310000
740060320000
740060330000
740060340000
740060350000
740060360000
740060370000
740060380000
740060390000
740060400000
740060410000
740060420000
740060430000
740060440000
740060450000
740060460000
740060470000
740060480000
740060490000
740070010000
740070020000
740070030000
740070040000
740070050000
740070070000
740070080000
740070090000
740070100000
740070110000
740070120000
740070130000
740070140000
740070150000
740070160000
740070170000
740070180000
740070190000
740070200000
740070210000
740070220000
740070230000
740070240000
740070250000
740070260000
740070270000
740070280000
740070290000
740070300000
740070310000
740070320000
740070330000
740070340000
740070350000
740070360000
740070370000
740070380000
740070390000
740070400000
740070410000
740070420000
740070430000
740070440000
740070450000
740070460000
740070470000
740070480000
740070490000
740070500000
740070510000
740070520000
740070530000
740070540000
740070550000
740070560000
740070570000
740070580000
740070590000
740070600000
740070610000
740070620000
740070630000
740070640000
740070650000
740070660000
740070670000
740070680000
740070690000
740070700000
740070710000
740070720000
740070730000
740070740000
740070750000
740070770000
740070780000
740070790000
740070800000
740070810000
740070820000
740070830000
740070840000
740070850000
740070860000
740070870000
740070880000
740070890000
740070900000
740070910000
740070920000
740070930000
740070940000
740070950000
740070960000
740070970000
740070980000
740071000000
740071010000
740071020000
740071030000
740071040000
740071050000
740071060000
740071070000
740071080000
740071090000
740080010000
740080020000
740080030000
740080050000
740080100000
740080110000
740080130000
740080200000
740080210000
740080250000
740080270000
740080280000
740080300000
740080330000
740080400000
740080410000
740080420000
740080460000
740080470000
740080500000
740080540000
740080550000
740080570000
740080580000
740080600000
740080630000
740080640000
740080660000
740080710000
740080720000
740080730000
740080740000
740080750000
740080760000
740080770000
740080780000
740080790000
740080800000
740080810000
740080840000
740080850000
740080860000
740080870000
740080880000
740080890000
740090010000
740090020000
740090030000
740090040000
740090050000
740090060000
740090070000
740090090000
740090100000
740090110000
740090120000
740090130000
740090140000
740090150000
740090160000
740090170000
740090200000
740090210000
740090220000
740090250000
740090260000
740090290000
740090300000
740090330000
740090340000
740090360000
740090370000
740090380000
740090390000
740090400000
740090410000
740090420000
740090430000
740090440000
740090450000
740090460000
740090470000
740090480000
740090490000
740090500000
740090510000
740090520000
740090530000
740090540000
740090560000
740090570000
740090580000
740090590000
740090600000
740090610000
740090620000
740090630000
740090640000
740090650000
740090660000
740090670000
740090680000
740090710000
740090720000
740090730000
740090780000
740090790000
740090800000
740090810000
740090820000
740090830000
740090840000
740090850000
740090860000
740090870000
740090880000
740090890000
740090900000
740090910000
740090920000
740090930000
740090940000
740090950000
740090960000
740090970000
740090980000
740090990000
740091000000
740091010000
740091020000
740091030000
740091040000
740091050000
740091060000
740091070000
740091080000
740091090000
740091100000
740091110000
740091120000
740100010000
740100020000
740100030000
740100040000
740100050000
740100060000
740100070000
740100080000
740100090000
740100100000
740100110000
740100120000
740100130000
740100140000
740100150000
740100160000
740100170000
740100180000
740100200000
740100210000
740100220000
740100230000
740100240000
740100250000
740100260000
740100330000
740100340000
740100350000
740100360000
740100370000
740100380000
740100390000
740100400000
740100410000
740100420000
740100430000
740100440000
740110010000
740110020000
740110030000
740110040000
740110050000
740110060000
740110070000
740110080000
740110090000
740110100000
740110110000
740110120000
740110130000
740110140000
740110150000
740110160000
740110170000
740110180000
740110190000
740110200000
740110210000
740110220000
740110230000
740110240000
740110250000
740110260000
740110270000
740110280000
740110290000
740110300000
740110310000
740110320000
740110330000
740110340000
740110350000
740110360000
740110370000
740110380000
740110400000
740110410000
740120010000
740120020000
740120030000
740120040000
740120050000
740120060000
740120070000
740120080000
740120090000
740120100000
740120110000
740120120000
740120130000
740120140000
740120150000
740120160000
740120170000
740120180000
740120190000
740120200000
740120210000
740120220000
740120230000
740120240000
740120250000
740120260000
740130010000
740130020000
740130030000
740130040000
740130050000
740130060000
740130070000
740130080000
740130090000
740130100000
740130110000
740130120000
740130130000
740130140000
740130150000
740130160000
740130170000
740130180000
740130190000
740130200000
740130210000
740130220000
740130230000
740130240000
740130250000
740130260000
740130270000
740130280000
740130290000
740130300000
740130310000
740130320000
740130330000
740130340000
740130350000
740130360000
740130370000
740130380000
740130390000
740130400000
740130410000
740130420000
740130430000
740130440000
740130450000
740130460000
740130470000
740130480000
740130490000
740130500000
740130510000
740130520000
740130530000
740130540000
740130550000
740130560000
740130570000
740130580000
740130590000
740130600000
740130610000
740130620000
740130630000
740130640000
740130650000
740130660000
740130670000
740130680000
740130690000
740130700000
740130710000
740130720000
740130730000
740130740000
740130750000
740130760000
740130770000
740130780000
740130790000
740130800000
740130810000
740130820000
740130830000
740130840000
740130850000
740130860000
740130870000
740130880000
740130890000
740130900000
740130910000
740130920000
740130930000
740130940000
740130950000
740130960000
740130970000
740130980000
740130990000
740131000000
740131010000
740131020000
740131030000
740131040000
740131050000
740131060000
740131070000
740131080000
740131090000
740131100000
740131110000
740131120000
740131130000
740131140000
740131150000
740131160000
740131170000
740131180000
740131190000
740131200000
740131210000
740131220000
740131230000
740131240000
740131250000
740140010000
740140020000
740140030000
740140040000
740140050000
740140060000
740140070000
740140080000
740140090000
740140100000
740140110000
740140120000
740140130000
740140140000
740140150000
740140160000
740140170000
740140180000
740140190000
740140200000
740140210000
740140220000
740140230000
740140240000
740140250000
740140260000
740140270000
740140280000
740140290000
740140300000
740140310000
740140320000
740140330000
740140340000
740140350000
740140360000
740140370000
740140380000
740140390000
740140400000
740140410000
740140420000
740140430000
740140440000
740140450000
740140460000
740140470000
740140480000
740140490000
740140500000
740140510000
740140520000
740140530000
740140540000
740140550000
740140560000
740140570000
740140580000
740140590000
740140600000
740140610000
740140620000
740140630000
740140640000
740140650000
740140660000
740140670000
740140680000
740140690000
740140700000
740140710000
740140720000
740140730000
740140740000
740140750000
740140760000
740140770000
740140780000
740140790000
740140800000
740140810000
740140820000
740140830000
740140840000
740140850000
740140860000
740140870000
740140880000
740140890000
740140900000
740140910000
740140920000
740140930000
740140940000
740140950000
740140960000
740140970000
740140980000
740140990000
740141020000
740141030000
740141040000
740141060000
740141070000
740141080000
740141090000
740141100000
740141110000
740141120000
740141130000
740141140000
740141150000
740141160000
740141170000
740141180000
740141190000
740141200000
740141210000
740150010000
740150030000
740150040000
740150050000
740150060000
740150070000
740150080000
740150090000
740150100000
740150110000
740150120000
740150130000
740150140000
740150150000
740150160000
740150170000
740150180000
740150200000
740150210000
740150220000
740150230000
740150240000
740160010000
740160020000
740160030000
740160040000
740160050000
740160060000
740160070000
740160080000
740160090000
740160100000
740160110000
740160120000
740160130000
740160140000
740160150000
740160160000
740160170000
740160180000
740160190000
740160200000
740160210000
740160220000
740160230000
740160240000
740160250000
740160260000
740160270000
740160280000
740160290000
740160300000
740160310000
740160320000
740160330000
740160340000
740160350000
740160360000
740160370000
740160380000
740160390000
740160400000
740160410000
740160420000
740160430000
740160440000
740160450000
740160460000
740160470000
740160480000
740160490000
740160500000
740160510000
740160520000
740160530000
740160540000
740160550000
740160560000
740160570000
740160580000
740160590000
740160600000
740160610000
740160620000
740160630000
740160640000
740160650000
740160660000
740160670000
740160680000
740160690000
740160700000
740160710000
740170010000
740170020000
740170030000
740170040000
740170050000
740170060000
740170070000
740170080000
740170090000
740170100000
740170110000
740170120000
740170130000
740170140000
740170150000
740170160000
740170170000
740170180000
740170190000
740170200000
740170210000
740170220000
740170230000
740170240000
740170250000
740170260000
740170270000
740170280000
740170290000
740170300000
740170310000
740170320000
740170330000
740170340000
740170350000
740170360000
740170370000
740170380000
740170390000
740170400000
740170410000
740170420000
740170430000
740170440000
740170450000
740170460000
740170470000
740170480000
740170490000
740170500000
740170510000
740170520000
740170530000
740170540000
740170550000
740170570000
740170580000
740170600000
740180010000
740180020000
740180030000
740180040000
740180050000
740180060000
740180070000
740180080000
740180090000
740180100000
740180110000
740180120000
740180130000
740180140000
740180150000
740180160000
740180170000
740180180000
740180190000
740180200000
740180210000
740180220000
740180230000
740180240000
740180250000
740180260000
740180270000
740180280000
740180290000
740180300000
740180310000
740180320000
740180330000
740180340000
740180350000
740180360000
740180370000
740180380000
740180390000
740180400000
740180410000
740180420000
740180430000
740180440000
740180450000
740180460000
740180470000
740180480000
740180490000
740180500000
740180510000
740180520000
740180530000
740180540000
740180550000
740180560000
740180570000
740180580000
740180590000
740180600000
740180610000
740180620000
740180630000
740180640000
740180650000
740180660000
740180670000
740180680000
740180690000
740180700000
740180710000
740180720000
740180730000
740180740000
740180750000
740180760000
740180770000
740180780000
740180790000
740180800000
740180810000
740180820000
740180830000
740180840000
740180850000
740180860000
740180870000
740180880000
740180890000
740180900000
740180910000
740180920000
740180930000
740180940000
740180950000
740180960000
740180970000
740180980000
740180990000
740181000000
740181010000
740181020000
740181030000
740181040000
740181050000
740181060000
740181070000
740181080000
740181090000
740181100000
740181110000
740181120000
740181130000
740181140000
740181150000
740181160000
740181170000
740181180000
740190010000
740190020000
740190030000
740190040000
740190050000
740190060000
740190070000
740190080000
740190090000
740190100000
740190110000
740190120000
740190130000
740190140000
740190150000
740190160000
740190170000
740190180000
740190190000
740190200000
740190210000
740190220000
740190230000
740190240000
740190250000
740190260000
740190270000
740190280000
740190290000
740190300000
740190310000
740190320000
740190330000
740190340000
740190350000
740190360000
740190370000
740190380000
740190390000
740190400000
740190420000
740190430000
740190440000
740200010000
740200020000
740200030000
740200040000
740200050000
740200060000
740200070000
740200090000
740200100000
740200110000
740200120000
740200130000
740200140000
740200150000
740200160000
740200170000
740200180000
740200190000
740200200000
740200210000
740200220000
740200230000
740200240000
740200250000
740200260000
740200270000
740200280000
740200290000
740200300000
740200310000
740200320000
740200330000
740200340000
740210010000
740210020000
740210030000
740210040000
740210050000
740210070000
740210080000
740210100000
740210110000
740210120000
740210130000
740210140000
740210150000
740210160000
740210190000
740210200000
740210210000
740210220000
740210230000
740210240000
740210250000
740210260000
740210270000
740210280000
740210290000
740210300000
740210310000
740210320000
740210330000
740210340000
740210350000
740210360000
740210370000
740210380000
740210390000
740210400000
740210410000
740210420000
740210430000
740210440000
740210450000
740210460000
740210470000
740210480000
740210490000
740210500000
740220010000
740220020000
740220030000
740220040000
740220050000
740220060000
740220070000
740220080000
740220090000
740220100000
740220110000
740220120000
740220130000
740220140000
740220150000
740220160000
740220170000
740220180000
740220190000
740220200000
740220210000
740220220000
740220230000
740220240000
740220250000
740220260000
740220270000
740220280000
740220290000
740220300000
740220310000
740220320000
740220330000
740220340000
740220350000
740220360000
740220370000
740220380000
740220390000
740220400000
740220410000
740220420000
740220430000
740220440000
740220450000
740220460000
740220470000
740220480000
740220490000
740220500000
740220510000
740220520000
740220530000
740220540000
740220550000
740220560000
740220570000
740220580000
740220590000
740220600000
740220610000
740220620000
740220630000
740220640000
740220650000
740220660000
740220670000
740220680000
740220690000
740220700000
740220710000
740220720000
740220730000
740220740000
740220750000
740220760000
740220770000
740220780000
740220790000
740220800000
740220810000
740220820000
740220830000
740220840000
740220850000
740220860000
740220870000
740220880000
740220890000
740220900000
740220910000
740220920000
740220930000
740220940000
740220950000
740220960000
740220970000
740220980000
740220990000
740221000000
740221010000
740221020000
740221030000
740221040000
740221050000
740221060000
740221070000
740230010000
740230020000
740230030000
740230040000
740230050000
740230060000
740230070000
740230080000
740230090000
740230100000
740230110000
740230120000
740230130000
740230140000
740230150000
740230160000
740230170000
740230180000
740230190000
740230200000
740230210000
740230220000
740230230000
740230240000
740230250000
740230260000
740230270000
740230280000
740230290000
740230300000
740230310000
740230320000
740230330000
740230340000
740230350000
740230360000
740230370000
740230380000
740230390000
740230400000
740230410000
740230420000
740230430000
740230440000
740230450000
740230460000
740230470000
740230480000
740230490000
740230500000
740230510000
740230520000
740230530000
740230540000
740230550000
740230560000
740230570000
740230580000
740230590000
740230600000
740230610000
740230620000
740230630000
740230640000
740230650000
740230660000
740230670000
740230680000
740230690000
740230700000
740230710000
740230720000
740230730000
740230740000
740230750000
740230760000
740230770000
740230780000
740230790000
740230800000
740230810000
740230820000
740230830000
740230840000
740230850000
740230860000
740230870000
740230880000
740230890000
740230900000
740230910000
740230920000
740230930000
740230940000
740230950000
740230960000
740230970000
740230980000
740230990000
740231000000
740231010000
740231020000
740231030000
740231040000
740231050000
740231060000
740231070000
740231080000
740231090000
740231100000
740231110000
740231120000
740231130000
740231140000
740231150000
740231160000
740231170000
740231180000
740231190000
740231200000
740231210000
740231220000
740231230000
740231240000
740231250000
740231260000
740231270000
740231280000
740240010000
740240020000
740240030000
740240040000
740240050000
740240060000
740240070000
740240080000
740240090000
740240100000
740240110000
740240120000
740240130000
740240140000
740240150000
740240160000
740240170000
740250010000
740250020000
740250030000
740250050000
740250070000
740250100000
740250110000
740250130000
740250140000
740250150000
740250160000
740250180000
740250190000
740250200000
740250210000
740260010000
740260020000
740260030000
740260040000
740260050000
740260060000
740260070000
740260080000
740260090000
740260100000
740260110000
740260120000
740260130000
740260140000
740260150000
740260160000
740260170000
740260180000
740260190000
740260200000
740260210000
740260220000
740260230000
740260240000
740260250000
740260260000
740260270000
740260280000
740260290000
740260300000
740260310000
740260320000
740260330000
740260340000
740260350000
740260360000
740260370000
740260380000
740260390000
740260400000
740270010000
740270020000
740270030000
740270040000
740270050000
740270060000
740270070000
740270080000
740270090000
740270100000
740270110000
740270120000
740270130000
740270140000
740270150000
740270160000
740270170000
740270180000
740270190000
740270200000
740270210000
740270220000
740270230000
740270240000
740270250000
740270260000
740270270000
740270280000
740270290000
740270300000
740270310000
740270320000
740270330000
740270340000
740270350000
740270360000
740270370000
740270380000
740270390000
740270400000
740270410000
740270420000
740270430000
740270440000
740270450000
740270460000
740270470000
740270480000
740270490000
740270500000
740270510000
740270520000
740270530000
740270540000
740270550000
740270560000
740270570000
740270580000
740270590000
740270600000
740270610000
740270620000
740270630000
740270640000
740270650000
740270660000
740270670000
740270680000
740270690000
740270700000
740270710000
740270720000
740270730000
740270740000
740270750000
740270760000
740270770000
740270780000
740270790000
740270800000
740270810000
740270820000
740270830000
740270840000
740270850000
740270860000
740270870000
740270880000
740270890000
740270900000
740270910000
740270920000
740270930000
740270940000
740270950000
740270960000
740270970000
740270980000
740270990000
740271000000
740271010000
740271020000
740271030000
740271040000
740271050000
740271060000
740271070000
740271080000
740271090000
740271100000
740271110000
740271120000
740271130000
740271140000
740271150000
740271160000
740271170000
740271180000
740271190000
750010010000
750010020000
750010030000
750010040000
750010050000
750010060000
750010070000
750010080000
750010090000
750010100000
750010110000
750010120000
750010130000
750010140000
750010150000
750010160000
750010170000
750010180000
750010190000
750010200000
750010210000
750010220000
750010230000
750010240000
750010260000
750010270000
750010280000
750010290000
750010300000
750010310000
750010320000
750010330000
750010340000
750010350000
750010360000
750010370000
750010380000
750010390000
750010400000
750010410000
750010420000
750010430000
750010440000
750010450000
750010470000
750010480000
750010490000
750010500000
750010510000
750010520000
750010530000
750010540000
750010550000
750010560000
750010570000
750010580000
750010590000
750010600000
750010610000
750010620000
750010630000
750010640000
750010650000
750010660000
750010670000
750010680000
750010690000
750010700000
750010720000
750010730000
750010740000
750010750000
750010760000
750010770000
750010780000
750010790000
750010800000
750010810000
750010820000
750010830000
750010840000
750010850000
750010860000
750010870000
750010880000
750010890000
750010900000
750010910000
750010920000
750010930000
750010940000
750010950000
750010960000
750010970000
750010980000
750010990000
750011000000
750011010000
750011020000
750011030000
750011040000
750011050000
750011060000
750011070000
750011080000
750011090000
750011100000
750011110000
750011120000
750011130000
750011140000
750011150000
750011160000
750011170000
750011180000
750011190000
750011200000
750011210000
750011220000
750011230000
750011240000
750011250000
750011260000
750011270000
750011280000
750011290000
750011300000
750011310000
750011320000
750011330000
750011340000
750011350000
750011360000
750011370000
750011380000
750011390000
750011400000
750011410000
750011420000
750011430000
750011440000
750011450000
750011460000
750011470000
750011480000
750011490000
750011500000
750011510000
750011520000
750011530000
750011540000
750011550000
750011560000
750011570000
750011580000
750011590000
750011600000
750011610000
750011620000
750011630000
750011640000
750011650000
750011660000
750011670000
750011680000
750011690000
750020010000
750020020000
750020030000
750020040000
750020050000
750020060000
750020070000
750020080000
750020090000
750020100000
750020110000
750020120000
750020130000
750020140000
750020150000
750020160000
750020170000
750020180000
750020190000
750020200000
750020210000
750020220000
750020230000
750020240000
750020250000
750020260000
750020270000
750020280000
750020290000
750020300000
750020310000
750020320000
750020330000
750020340000
750020350000
750020360000
750020370000
750020380000
750020390000
750020400000
750020410000
750020420000
750020430000
750020440000
750020450000
750020460000
750020470000
750020480000
750020490000
750020500000
750020510000
750020520000
750020530000
750020540000
750020550000
750030010000
750030040000
750030050000
750030060000
750030070000
750030080000
750030090000
750030100000
750030110000
750030120000
750030130000
750030140000
750030150000
750030160000
750030170000
750030190000
750030200000
750030210000
750030220000
750030230000
750030240000
750030250000
750030260000
750030270000
750030280000
750030290000
750030300000
750030310000
750030320000
750030330000
750030340000
750040010000
750040020000
750040060000
750040070000
750040090000
750040100000
750040110000
750040120000
750040130000
750040190000
750040200000
750040210000
750040220000
750040230000
750040240000
750040250000
750040260000
750040270000
750040280000
750040290000
750040310000
750040330000
750040340000
750040350000
750040360000
750040380000
750040390000
750040400000
750040430000
750040450000
750040460000
750040470000
750040480000
750040490000
750040500000
750040510000
750040520000
750040540000
750040550000
750040560000
750040580000
750040590000
750040600000
750040610000
750040620000
750040630000
750050010000
750050020000
750050040000
750050050000
750050070000
750050110000
750050120000
750050130000
750050140000
750050150000
750050160000
750050170000
750050180000
750050190000
750050200000
750050210000
750050220000
750050230000
750050240000
750050250000
750050260000
750050270000
750050280000
750050290000
750050300000
750050310000
750050320000
750050330000
750050340000
750050350000
750050360000
750050370000
750050380000
750050390000
750050400000
750050410000
750050420000
750050430000
750050440000
750050450000
750050460000
750050470000
750050480000
750050490000
750050500000
750050510000
750050610000
750050620000
750050630000
750050640000
750050660000
750050670000
750050680000
750050720000
750050730000
750050740000
750050750000
750050790000
750050820000
750050830000
750050840000
750050850000
750050860000
750050870000
750050880000
750050890000
750050900000
750050910000
750050920000
750050930000
750050940000
750050950000
750050960000
750060010000
750060020000
750060030000
750060040000
750060050000
750060080000
750060090000
750060100000
750060110000
750060120000
750060130000
750060140000
750060150000
750060160000
750060170000
750060190000
750060200000
750060210000
750060220000
750060240000
750060250000
750060270000
750060280000
750060300000
750060310000
750060320000
750060340000
750060350000
750060360000
750060370000
750060380000
750060390000
750060400000
750060410000
750060420000
750060430000
750060450000
750070010000
750070020000
750070030000
750070040000
750070050000
750070070000
750070080000
750070090000
750070100000
750070110000
750070120000
750070130000
750070140000
750070160000
750070170000
750070180000
750070190000
750070200000
750070210000
750070220000
750070230000
750070270000
750070280000
750070290000
750070330000
750070440000
750070450000
750070480000
750070490000
750070500000
750070580000
750070590000
750070660000
750070670000
750070680000
750070690000
750080010000
750080030000
750080050000
750080060000
750080090000
750080100000
750080110000
750080120000
750080130000
750080140000
750080150000
750080160000
750080170000
750080190000
750080200000
750080210000
750080220000
750080230000
750080250000
750080260000
750080270000
750080280000
750080290000
750080300000
750090010000
750090020000
750090030000
750090040000
750090070000
750090080000
750090090000
750090100000
750090110000
750090120000
750090130000
750090140000
750090150000
750090160000
750090170000
750090180000
750090190000
750090200000
750090210000
750090220000
750090230000
750090250000
750090260000
750090270000
750090280000
750090300000
750090310000
750090320000
750090340000
750090350000
750090370000
750090390000
750090400000
750090420000
750090430000
750090460000
750090470000
750090480000
750090530000
750090540000
750090550000
750090560000
750090570000
750090590000
750090630000
750090640000
750090650000
750090660000
750090670000
750100010000
750100030000
750100040000
750100050000
750100060000
750100070000
750100080000
750100100000
750100110000
750100130000
750100140000
750100150000
750100160000
750100530000
750100540000
750100550000
750100570000
750100600000
750100610000
750100640000
750100660000
750100670000
750100680000
750100690000
750100700000
750100710000
750100720000
750100730000
750100740000
750100750000
750100760000
750100770000
750100780000
750100790000
750100800000
750100810000
750100820000
750100830000
750100840000
750100850000
750100860000
750100880000
750100890000
750100900000
750100910000
750110010000
750110020000
750110030000
750110040000
750110060000
750110070000
750110130000
750110140000
750110150000
750110160000
750110170000
750110180000
750110190000
750110210000
750110220000
750110230000
750110240000
750110250000
750110260000
750110270000
750110280000
750110290000
750110300000
750110310000
750110320000
750110330000
750110340000
750110350000
750110360000
750110370000
750110380000
750110390000
750110400000
750110410000
750110420000
750110430000
750120010000
750120020000
750120030000
750120040000
750120050000
750120060000
750120070000
750120080000
750120090000
750120100000
750120110000
750120120000
750120130000
750120150000
750120160000
750120190000
750120200000
750120210000
750120220000
750120230000
750120240000
750120260000
750120270000
750120280000
750120290000
750120300000
750120310000
750120320000
750120330000
750120340000
750120350000
750120360000
750120370000
750120380000
750120390000
750120400000
750120410000
750120420000
750120440000
750120450000
750120460000
750120470000
750120480000
750120490000
750120500000
750120510000
750120520000
750120530000
750120540000
750120550000
750120560000
750120570000
750120580000
750120590000
750120600000
750120610000
750120620000
750120630000
750120640000
750120650000
750120660000
750120670000
750120680000
750120690000
750120700000
750120710000
750120720000
750120730000
750120740000
750120750000
750120760000
750120770000
750120780000
750120790000
750120800000
750120810000
750120820000
750120830000
750120840000
750120850000
750120860000
750120870000
750120880000
750120890000
750120900000
750120910000
750120920000
750120930000
750120940000
750120950000
750120960000
750120970000
750120980000
750120990000
750121000000
750121010000
750121020000
750121030000
750121040000
750121050000
750121060000
750121070000
750121080000
750121090000
750121100000
750121110000
750121120000
750121130000
750121140000
750121150000
750121160000
750121170000
750121180000
750121190000
750121200000
750121210000
750121220000
750130010000
750130020000
750130030000
750130040000
750130050000
750130060000
750130070000
750130080000
750130100000
750130110000
750130120000
750130130000
750130140000
750130150000
750130160000
750130170000
750130180000
750130200000
750130210000
750130220000
750130230000
750130240000
750130250000
750130260000
750130270000
750130280000
750130290000
750130300000
750130310000
750130320000
750130330000
750130340000
750130350000
750130360000
750130370000
750130380000
750130390000
750130400000
750130410000
750130420000
750130430000
750130440000
750130450000
750130460000
750130470000
750130480000
750130490000
750130500000
750130510000
750130520000
750130530000
750130540000
750130550000
750130560000
750130570000
750130580000
750130590000
750130600000
750130610000
750130620000
750130630000
750130640000
750130650000
750130660000
750130670000
750130680000
750130690000
750130700000
750130710000
750130720000
750130730000
750130740000
750130750000
750140010000
750140020000
750140030000
750140040000
750140050000
750140060000
750140080000
750140090000
750140100000
750140110000
750140120000
750140160000
750140170000
750140180000
750140190000
750140200000
750140210000
750140220000
750140230000
750140240000
750140250000
750140260000
750140270000
750140280000
750140290000
750140300000
750150010000
750150030000
750150040000
750150050000
750150060000
750150070000
750150080000
750150090000
750150100000
750150110000
750150140000
750150150000
750150160000
750150170000
750160010000
750160040000
750160050000
750160060000
750160070000
750160080000
750160100000
750160110000
750160120000
750160130000
750160140000
750160150000
750160160000
750160170000
750160180000
750160190000
750160200000
750160220000
750160230000
750160240000
750160250000
750160260000
750160280000
750160290000
750160310000
750160320000
750160330000
750160340000
750160350000
750160360000
750160370000
750160380000
750160400000
750160410000
750160430000
750160440000
750160450000
750160470000
750160480000
750160490000
750160500000
750160510000
750160520000
750160530000
750160540000
750160550000
750160560000
750160580000
750160590000
750160600000
750160610000
750160620000
750160630000
750160640000
750160650000
750160660000
750160670000
750160680000
750160690000
750160700000
750160710000
750160720000
750160730000
750160740000
750160750000
750160760000
750160770000
750160780000
750160790000
750160800000
750160810000
750160820000
750160830000
750160840000
750160850000
750160860000
750160870000
750160880000
750160890000
750160900000
750160910000
750160920000
750160930000
750160940000
750160950000
750160960000
750160970000
750160980000
750160990000
750161000000
750161010000
750161020000
750161030000
750161040000
750161050000
750161060000
750161070000
750161080000
750161090000
750161100000
750170010000
750170020000
750170030000
750170040000
750170050000
750170060000
750170080000
750170090000
750170110000
750170120000
750170130000
750170140000
750170150000
750170190000
750170200000
750170220000
750170230000
750170240000
750170250000
750170260000
750170270000
750170300000
750170310000
750170360000
750170370000
750170380000
750170390000
750170400000
750170410000
750170420000
750170430000
750170440000
750170450000
750170460000
750170470000
750170480000
750170490000
750170500000
750170510000
750170520000
750170530000
750170540000
750170550000
750170560000
750170570000
750170580000
750170590000
750180010000
750180030000
750180040000
750180050000
750180070000
750180080000
750180100000
750180110000
750180120000
750180140000
750180150000
750180170000
750180190000
750180200000
750180270000
750180280000
750180300000
750180330000
750180340000
750180350000
750180360000
750180370000
750180380000
750180390000
750180400000
750180410000
750180430000
750180440000
750180450000
750180460000
750180470000
750180480000
750180490000
750180500000
750180510000
750180520000
750180530000
750180540000
750180550000
750180560000
750180570000
750180580000
750180590000
750180620000
750180630000
750180640000
750180650000
750180660000
750180670000
750180680000
750180690000
750180700000
750180710000
750180750000
750180760000
750180770000
750180820000
750180860000
750180880000
750180890000
750180900000
750180910000
750180920000
750180940000
750180950000
750180960000
750180970000
750190010000
750190030000
750190040000
750190050000
750190060000
750190070000
750190080000
750190090000
750190100000
750190120000
750190160000
750190180000
750190190000
750190200000
750190210000
750190220000
750190230000
750190240000
750190250000
750190260000
750190270000
750190280000
750190290000
750190300000
750190310000
750190320000
750190360000
750190380000
750190390000
750190400000
750190410000
750190430000
750190440000
750190460000
750190470000
750190480000
750190490000
750190500000
750190510000
750190520000
750190530000
750190540000
750200010000
750200030000
750200050000
750200070000
750200110000
750200140000
750200160000
750200170000
750200190000
750200200000
750200210000
750200220000
750200240000
750200280000
750200290000
750200320000
750200330000
750200340000
750200350000
750200360000
750200370000
750200380000
750200390000
750200400000
750200410000
750200420000
750200430000
750200440000
750200450000
750200470000
750200490000
750200500000
750200510000
750200520000
750200530000
750200540000
750200560000
750200600000
750200620000
750200660000
750200670000
750200680000
750200690000
750200700000
750200710000
750200720000
750200730000
750200760000
750200770000
750200780000
750200790000
750200800000
750200810000
750200820000
750200830000
750210040000
750210070000
750210350000
750210370000
750210380000
750210390000
750220010000
750220030000
750220040000
750220050000
750220070000
750220090000
750220110000
750220120000
750220130000
750220140000
750220150000
750220160000
750220170000
750220180000
750220190000
750220200000
750220210000
750220220000
750220270000
750220300000
750220330000
750220340000
750220350000
750220360000
750220370000
750220380000
750220390000
750220400000
750220410000
750220430000
750220450000
750220460000
750220470000
750220530000
750220560000
750220580000
750220590000
750220600000
750220620000
750220630000
750220640000
750220650000
750220670000
750220680000
750220690000
750220700000
750220710000
750220720000
750220750000
750220760000
750220780000
750220790000
750220800000
750220810000
750220820000
750220830000
750220840000
750220850000
750220860000
750220870000
750220880000
750220890000
750220900000
750220910000
750220920000
750220930000
750220940000
750220950000
750220960000
750220970000
750220980000
750220990000
750221000000
750221010000
750221020000
750221030000
750221040000
750221050000
750221060000
750221070000
750221080000
750221090000
750221100000
750221110000
750221120000
750221130000
750221140000
750221150000
750221160000
750221170000
750221180000
750221190000
750221200000
750221210000
750221220000
750221230000
750221240000
750221250000
750221260000
750221270000
750221280000
750221290000
750221300000
750221310000
750221320000
750221330000
750221340000
750221350000
750221360000
750221370000
750221380000
750221390000
750221400000
750221410000
750221420000
750221430000
750221440000
750221450000
750221460000
750221470000
750221480000
750221490000
750221500000
750221510000
750221520000
750221530000
750221540000
750221550000
750221560000
750221570000
750221580000
750221590000
750221600000
750221610000
750221620000
750221630000
750221640000
750221650000
750221660000
750221670000
750221680000
750221690000
750221700000
750221710000
750221730000
750221750000
750230010000
750230020000
750230030000
750230040000
750230050000
750230060000
750230070000
750230080000
750230090000
750230100000
750230110000
750230120000
750230130000
750230140000
750230150000
750230160000
750230170000
750230180000
750230190000
750230200000
750230210000
750230220000
750230230000
750230240000
750230250000
750230260000
750230270000
750230280000
750230290000
750230300000
750230310000
750230320000
750230330000
750230340000
750230350000
750230360000
750230370000
750230380000
750230390000
750230400000
750230410000
750230420000
750230430000
750230440000
750230450000
750230460000
750230470000
750230480000
750230490000
750230500000
750230510000
750230520000
750230530000
750230540000
750230550000
750230560000
750230570000
750230580000
750230590000
750230600000
750230610000
750230620000
750230690000
750240010000
750240020000
750240030000
750240040000
750240050000
750240060000
750240070000
750240080000
750240090000
750240100000
750240110000
750240120000
750240130000
750240140000
750240150000
750240160000
750240170000
750240180000
750240190000
750240200000
750240210000
750240220000
750240230000
750240240000
750240250000
750240260000
750240280000
750240290000
750240300000
750240310000
750240320000
750240330000
750240340000
750240350000
750240360000
750240370000
750240380000
750240390000
750240400000
750240410000
750240430000
750240440000
750240450000
750240460000
750240470000
750240480000
750240490000
750240500000
750240510000
750240520000
750240530000
750240540000
750240550000
750240560000
750240570000
750240580000
750240590000
750240600000
750240610000
750240620000
750240630000
750240640000
750240650000
750240660000
750240670000
750240680000
750240690000
750240700000
750240710000
750240720000
750240730000
750240740000
750240750000
750240760000
750240770000
750240780000
750240790000
750240800000
750240810000
750250010000
750250020000
750250030000
750250040000
750250050000
750250060000
750250070000
750250080000
750250090000
750250100000
750250110000
750250120000
750250130000
750250140000
750250150000
750250160000
750250170000
750250180000
750250190000
750250200000
750250210000
750250220000
750250230000
750250240000
750250250000
750250260000
750250270000
750250280000
750250290000
750250300000
750250310000
750250330000
750250340000
750250350000
750250360000
750250370000
750250380000
750260010000
750260020000
750260030000
750260040000
750260050000
750260060000
750260070000
750260080000
750260090000
750260100000
750260110000
750260120000
750260130000
750260140000
750260150000
750260160000
750260170000
750260180000
750260190000
750260200000
750260210000
750260220000
750260230000
750260240000
750260250000
750260260000
750260270000
750260280000
750260290000
750260300000
750260310000
750260320000
750260330000
750260340000
750260350000
750260360000
750260370000
750260380000
750260390000
750260400000
750260410000
750260420000
750260430000
750260440000
750260470000
750260500000
750260510000
750260520000
750260530000
750260540000
750260550000
750260560000
750260570000
750260580000
750260590000
750260600000
750260610000
750260620000
750260630000
750260640000
750260650000
750260660000
750260670000
750260680000
750260690000
750260720000
750270010000
750270020000
750270030000
750270040000
750270050000
750270060000
750270070000
750270080000
750270090000
750270100000
750270110000
750270120000
750270130000
750270140000
750270150000
750270160000
750270170000
750270180000
750270190000
750270200000
750270210000
750270220000
750270230000
750270240000
750270250000
750270260000
750270270000
750270280000
750270290000
750270300000
750270310000
750270320000
750270330000
750270340000
750270350000
750270360000
750270370000
750270380000
750270390000
750270400000
750270410000
750270420000
750270430000
750270440000
750270450000
750270460000
750270470000
750270480000
750270490000
750270500000
750270510000
750270520000
750270530000
750270540000
750270550000
750270560000
750270570000
750270580000
750270590000
750270600000
750270610000
750270620000
750270630000
750270640000
750280010000
750280020000
750280030000
750280040000
750280050000
750280060000
750280070000
750280080000
750280090000
750280100000
750280110000
750280120000
750280130000
750280140000
750280150000
750280160000
750280170000
750280180000
750280190000
750280200000
750280210000
750280220000
750280230000
750280240000
750280250000
750280260000
750280270000
750280280000
750280290000
750280300000
750280310000
750280320000
750280330000
750280340000
750280350000
750280360000
750280370000
750280380000
750280390000
750280400000
750280410000
750280420000
750280430000
750280440000
750280450000
750280460000
750280470000
750280480000
750280490000
750280500000
750280510000
750280520000
750280530000
750280540000
750280550000
750280560000
750280570000
750280580000
750280590000
750280600000
750280610000
750280620000
750280630000
750280640000
750280650000
750280660000
750280670000
750280680000
750280690000
750280700000
750280710000
750280720000
750280730000
750280740000
750290010000
750290020000
750290030000
750290040000
750290050000
750290060000
750290070000
750290080000
750290090000
750290100000
750290110000
750290120000
750290130000
750290140000
750290150000
750290160000
750290170000
750290180000
750290190000
750290200000
750290210000
750290220000
750290230000
750290240000
750290250000
750290260000
750290270000
750290280000
750290290000
750290300000
750290310000
750290320000
750290330000
750290340000
750290350000
750290360000
750290370000
750290380000
750290390000
750290400000
750290410000
750290420000
750290430000
750290440000
750290450000
750290460000
750290470000
750290480000
750290490000
750290500000
750290510000
750290520000
750290530000
750290540000
750290550000
750290560000
750290570000
750290580000
750290590000
750290600000
750290610000
750290620000
750290630000
750290640000
750290650000
750290660000
750290670000
750290680000
750290690000
750300010000
750300020000
750300030000
750300040000
750300050000
750300060000
750300070000
750300080000
750300090000
750300100000
750300110000
750300120000
750300130000
750300140000
750300150000
750300160000
750300170000
750300180000
750300190000
750300200000
750300210000
750300220000
750300240000
750300250000
750300260000
750300270000
750300280000
750300290000
750300300000
750300310000
750300320000
750300330000
750300340000
750300350000
750300360000
750300370000
750300380000
750310020000
750310030000
750310040000
750310050000
750310060000
750310070000
750310080000
750310090000
750310100000
750310110000
750310120000
750310130000
750310140000
750310150000
750310160000
750310170000
750310180000
750310190000
750310200000
750310210000
750310220000
750310230000
750310240000
750310250000
750310260000
750310270000
750310280000
750310290000
750310300000
750310310000
750310320000
750310330000
750310340000
750310350000
750310360000
750310370000
750310380000
750310390000
750310400000
750310410000
750310420000
750310430000
750310440000
750310450000
750310460000
750310470000
750310480000
750310490000
750310500000
750310510000
750310520000
750310530000
750310540000
750310550000
750310560000
750310570000
750310580000
750310590000
750310600000
750310610000
750310620000
750310630000
750310640000
750310650000
750310660000
750310670000
750320010000
750320020000
750320030000
750320040000
750320050000
750320060000
750320070000
750320080000
750320090000
750320100000
750320110000
750320120000
750320130000
750320140000
750320150000
750320160000
750320170000
750320180000
750320190000
750320200000
750320210000
750320220000
750320230000
750320240000
750320250000
750320260000
750320270000
750320280000
750320290000
750320300000
750320310000
750320320000
750320330000
750320340000
750320350000
750320360000
750320370000
750320380000
750320390000
750320400000
750320410000
750320420000
750320430000
750320440000
750320450000
750320460000
750320470000
750320480000
750320490000
750320500000
750320510000
750320520000
750320530000
750320540000
750320550000
750320560000
750320570000
750320580000
750320590000
750320600000
750320610000
750320620000
750320630000
750320640000
750320650000
750320660000
750320670000
750320680000
750320690000
750320700000
750320710000
750320720000
750320730000
750320740000
750320750000
750320760000
750320770000
750320780000
750320790000
750320800000
750320810000
750320820000
750320830000
750320840000
750320850000
750320860000
750320870000
750320880000
750320890000
750320900000
750320910000
750320920000
750320930000
750320940000
750320950000
750320960000
750320970000
750320980000
750320990000
750321000000
750321010000
750321020000
750321030000
750330010000
750330020000
750330030000
750330040000
750330050000
750330060000
750330070000
750330090000
750330100000
750330110000
750330120000
750330130000
750330140000
750330150000
750330160000
750330170000
750330180000
750330190000
750330200000
750330210000
750330220000
750330230000
750330240000
750330250000
750330260000
750330270000
750330280000
750330290000
750330300000
750330310000
750330320000
750330330000
750330340000
750330350000
750330360000
750330370000
750330380000
750330390000
750330400000
750330410000
750330420000
750330430000
750330440000
750330450000
750330460000
750330470000
750330480000
750330490000
750330500000
750330510000
750330520000
750330530000
750330540000
750330550000
750330560000
750330570000
750330580000
750330590000
750330600000
750330610000
750330620000
750330630000
750330640000
750330650000
750330660000
750330670000
750330680000
750330690000
750330710000
750330720000
750330730000
750330740000
750330750000
750330760000
750330770000
750330780000
750330790000
750330800000
750330810000
750330820000
750330830000
750330840000
750330850000
750330860000
750330870000
750330880000
750330890000
750330900000
750330910000
750330920000
750330930000
750330940000
750330950000
750330960000
750330970000
750330980000
750330990000
750331000000
750331010000
750331020000
750331030000
750331040000
750331050000
750331060000
750331070000
750331080000
750331090000
750331100000
750331110000
750331120000
750331130000
750331140000
750331150000
750331160000
750331170000
750331180000
750331190000
750331200000
750331210000
750331220000
750331230000
750331240000
750331250000
750331260000
750331270000
750331280000
750331290000
750331300000
750331310000
750331320000
750331330000
750331340000
750331350000
750340010000
750340020000
750340030000
750340040000
750340050000
750340060000
750340070000
750340080000
750340090000
750340100000
750340110000
750340120000
750340130000
750340140000
750340150000
750340160000
750340170000
750340180000
750340190000
750340200000
750340210000
750340220000
750340230000
750340240000
750340250000
750340260000
750340270000
750340280000
750340290000
750340300000
750340310000
750340320000
750340330000
750340340000
750340350000
750340360000
750340370000
750340380000
750340390000
750340400000
750340410000
750340420000
750340430000
750340440000
750340450000
750340460000
750340470000
750340480000
750340490000
750340500000
750340510000
750340520000
750340530000
750340540000
750340550000
750340560000
750340570000
750340580000
750340590000
750340600000
750340610000
750340620000
750340630000
750340640000
750340650000
750340660000
750340670000
750350010000
750350020000
750350030000
750350040000
750350050000
750350060000
750350070000
750350090000
750350100000
750350110000
750350120000
750350130000
750350140000
750350150000
750350160000
750350170000
750350180000
750350190000
750350200000
750350210000
750350220000
750360010000
750360020000
750360030000
750360040000
750360050000
750360060000
750360070000
750360080000
750360090000
750360100000
750360110000
750360120000
750360130000
750360140000
750360150000
750360160000
750360170000
750360180000
750360190000
750360200000
750360210000
750360220000
750360230000
750360240000
750360250000
750360260000
750360270000
750360280000
750360290000
750360300000
750360310000
750360320000
750360330000
750360340000
750360350000
750360360000
750360370000
750360380000
750360390000
750360400000
750360410000
750360420000
750360430000
750360440000
750360450000
750360460000
750360470000
750360480000
750360490000
750360500000
750360510000
750360520000
750370010000
750370020000
750370030000
750370040000
750370050000
750370060000
750370070000
750370080000
750370090000
750370100000
750370110000
750370120000
750370130000
750370140000
750370150000
750370160000
750370170000
750370180000
750370190000
750370200000
750370210000
750370220000
750370230000
750370240000
750370250000
750370260000
750370270000
750370280000
750370290000
750370300000
750370310000
750370320000
750370330000
750370340000
750370350000
750370360000
750370370000
750370380000
750370390000
750370400000
750370410000
750370420000
750370430000
750370440000
750370450000
750370460000
750380010000
750380020000
750380030000
750380040000
750380050000
750380060000
750380070000
750380080000
750380090000
750380100000
750380110000
750380120000
750380130000
750380140000
750380150000
750380160000
750380170000
750380180000
750380190000
750380200000
750380210000
750380220000
750380230000
750380240000
750380250000
750380260000
750380270000
750380280000
750380290000
750380300000
750380310000
750380320000
750380330000
750380340000
750380350000
750380360000
750380370000
750380380000
750390010000
750390020000
750390030000
750390040000
750390050000
750390060000
750390070000
750390080000
750390090000
750390100000
750390110000
750390120000
750390130000
750390140000
750390150000
750390160000
750390170000
750390180000
750390190000
750390200000
750390210000
750390220000
750390230000
750390240000
750390250000
750390260000
750390270000
750390280000
750390290000
750390300000
750390310000
750390320000
750390330000
750390340000
750390350000
750390360000
750390370000
750390380000
750390390000
750390400000
750390410000
750390420000
750390430000
750390440000
750390450000
750390460000
750390470000
750400010000
750400020000
750400030000
750400040000
750400050000
750400060000
750400070000
750400080000
750400090000
750400100000
750400110000
750400120000
750400130000
750400140000
750400150000
750400160000
750400170000
750400180000
750400190000
750400200000
750400210000
750400220000
750400230000
750400240000
750400250000
750400260000
750400270000
750400280000
750400290000
750400300000
750400310000
750400320000
750400330000
750400340000
750400350000
750400360000
750400370000
750400380000
750400390000
750400400000
750400410000
750400420000
750400430000
750400440000
750400450000
750400460000
750400470000
750400480000
750400490000
750400500000
750400510000
750400520000
750400530000
750400540000
750400550000
750400560000
750400570000
750400580000
750400590000
750400600000
750400610000
750400620000
750400630000
750400640000
750400650000
750400660000
750400670000
750400680000
750400690000
750400700000
750400710000
750400720000
750400730000
750400740000
750400750000
750400760000
750400770000
750400780000
750400790000
750400800000
750400810000
750400820000
750400830000
750400840000
750400850000
750400860000
750400870000
750400880000
750400890000
750400900000
750400910000
750400920000
750400930000
750400940000
750400950000
750400960000
750400970000
750400980000
750400990000
750401000000
750401010000
750410010000
750410020000
750410030000
750410040000
750410050000
750410060000
750410070000
750410080000
750410090000
750410100000
750410110000
750410120000
750410130000
750410140000
750410150000
750410160000
750410170000
750410180000
750410190000
750410200000
750410210000
750410220000
750410230000
750410240000
750410250000
750410260000
750410270000
750410280000
750410290000
750410300000
750410310000
750410320000
750410330000
750410340000
750410350000
750410360000
750410370000
750410380000
750410390000
750410400000
750410410000
750410420000
750410430000
750410440000
750410450000
750410460000
750410470000
750410480000
750410490000
750410500000
750410510000
750410520000
750410530000
750410540000
750410550000
750410560000
750410570000
750410580000
750410590000
750410600000
750410610000
750410620000
750410630000
750410640000
750410650000
750410660000
750410670000
750410680000
750410690000
750410700000
750410710000
750410720000
750410730000
750410740000
750410750000
750410760000
750410770000
750410780000
750410790000
750410800000
750410810000
750410820000
750410830000
750410840000
750410850000
750410860000
750410870000
750410880000
750410890000
750410900000
750410910000
750410920000
750410930000
750410940000
750410950000
750410960000
750410970000
750410980000
750410990000
750411000000
750411010000
750411020000
750411030000
750411040000
750411050000
750411060000
750411070000
750411080000
750411090000
750411100000
750411110000
750411120000
750411130000
750411140000
750411150000
750420010000
750420020000
750420030000
750420040000
750420050000
750420060000
750420070000
750420080000
750420090000
750420100000
750420110000
750420120000
750420130000
750420140000
750420150000
750420160000
750420170000
750420180000
750420190000
750420200000
750420210000
750420220000
750420230000
750420240000
750420250000
750420260000
750420270000
750420280000
750420290000
750420300000
750420310000
750420320000
750420330000
750420340000
750420350000
750420360000
750420370000
750420380000
750420390000
750420400000
750420410000
750420420000
750420430000
750420440000
750420450000
750420460000
750420470000
750420480000
750420490000
750420500000
750420510000
750420520000
750420530000
750420540000
750420550000
750420560000
750420570000
750420580000
750420590000
750420600000
750420610000
750420620000
750420630000
750420640000
750420650000
750420660000
750420670000
750420680000
750420690000
750420700000
750420710000
750420720000
750420730000
750420740000
750420750000
750420760000
750420770000
750420780000
750420790000
750420800000
750420810000
750420820000
750420830000
750420840000
750420850000
750420860000
750420870000
750420880000
750420890000
750420900000
750420910000
750420920000
750420930000
750420940000
750420950000
750420960000
750420970000
750420980000
750420990000
750421000000
750421010000
750421020000
750421030000
750421040000
750421050000
750421060000
750421070000
750421080000
750421090000
750421100000
750421110000
750421120000
750421130000
750421140000
750421150000
750421160000
750421170000
750421180000
750421190000
750421200000
750421210000
750421220000
750421230000
750421240000
750421250000
750421260000
750421270000
750421280000
750421290000
750421300000
750421310000
750421320000
750421330000
750421340000
750421350000
750421360000
750421370000
750421380000
750421390000
750421400000
750421410000
750421420000
750421430000
750421440000
750421450000
750421460000
750421470000
750421480000
750421490000
750421500000
750421510000
750430010000
750430020000
750430030000
750430040000
750430050000
750430060000
750430070000
750430080000
750430090000
750430100000
750430110000
750430120000
750430130000
750430140000
750430150000
750430160000
750430170000
750430180000
750430190000
750430200000
750430210000
750430220000
750430230000
750430240000
750430250000
750430260000
750430270000
750430280000
750430290000
750430300000
750430310000
750430320000
750430330000
750430340000
750430350000
750430360000
750430370000
750430380000
750430390000
750430400000
750430410000
750430420000
750430430000
750430440000
750430450000
750430460000
750430470000
750430480000
750430490000
750430500000
750430510000
750430520000
750430530000
750430540000
750430550000
750430560000
750430570000
750430580000
750430590000
750430600000
750430610000
750430620000
750430630000
750430640000
750430650000
750430660000
750430670000
750430680000
750430690000
750430700000
750430710000
750430720000
750430730000
750430740000
750430750000
750430760000
750430770000
750430780000
750430790000
750430800000
750430810000
750430820000
750430830000
750430840000
750430850000
750430860000
750430870000
750430880000
750430890000
750430900000
750430910000
750430920000
750430930000
750430940000
750430950000
750430960000
750430970000
750430980000
750430990000
750431000000
750431010000
750431020000
750431030000
750431040000
750431050000
750431060000
750431070000
750431080000
750431090000
750431100000
750431110000
750431120000
750431130000
750431140000
750431150000
750431160000
750431170000
750431180000
750431190000
750431200000
750431210000
750431220000
750431230000
750431240000
750431250000
750431260000
750431270000
750431280000
750431290000
750431300000
750431310000
750431320000
750431330000
750431340000
750431350000
750431360000
750431370000
750431380000
750431390000
750431400000
750431410000
750431420000
750431430000
750431440000
750431450000
750431460000
750431470000
750431480000
750431490000
750431500000
750431510000
750431520000
750431530000
750431540000
750431550000
750431560000
750431570000
750431580000
750431590000
750431600000
750431610000
750431620000
750431630000
750431640000
750431650000
750431660000
750431670000
750431680000
750440010000
750440020000
750440030000
750440040000
750440050000
750440060000
750440070000
750440080000
750440090000
750440100000
750440110000
750440120000
750440130000
750440140000
750440150000
750440160000
750440170000
750440180000
750440190000
760010010000
760010020000
760010030000
760010040000
760010050000
760010060000
760010070000
760010080000
760010090000
760010100000
760020010000
760020020000
760020030000
760020040000
760020050000
760020060000
760020070000
760020080000
760020090000
760020100000
760020110000
760020120000
760020130000
760020150000
760020170000
760020180000
760020190000
760020200000
760020210000
760020240000
760020250000
760020260000
760020270000
760020280000
760020290000
760020300000
760020330000
760020340000
760020350000
760030010000
760030020000
760030030000
760030040000
760030050000
760030060000
760030070000
760030080000
760030090000
760030100000
760030110000
760030120000
760030130000
760030140000
760030160000
760030170000
760030180000
760030190000
760030200000
760030210000
760030220000
760030230000
760030240000
760030250000
760030260000
760030270000
760030280000
760030290000
760030300000
760030310000
760030320000
760030330000
760030340000
760030350000
760030360000
760030370000
760030380000
760030390000
760030400000
760030410000
760030420000
760030430000
760030440000
760030450000
760040010000
760040020000
760040030000
760040040000
760040050000
760040060000
760040070000
760040080000
760040090000
760040100000
760040110000
760040120000
760040130000
760040140000
760040150000
760040160000
760040170000
760040180000
760040190000
760040200000
760040210000
760040220000
760040230000
760040240000
760040250000
760040260000
760040270000
760040280000
760040290000
760040300000
760040310000
760040330000
760040350000
760040360000
760040380000
760040390000
760040400000
760040410000
760040420000
760040430000
760040440000
760040450000
760040460000
760040470000
760040480000
760040490000
760040500000
760040510000
760040520000
760040530000
760040540000
760040550000
760040560000
760040570000
760040580000
760040590000
760050010000
760050020000
760050030000
760050040000
760050050000
760050070000
760050080000
760050090000
760050100000
760050110000
760050120000
760050130000
760050140000
760050170000
760050180000
760050200000
760050210000
760050220000
760050230000
760050240000
760050250000
760050270000
760050280000
760050290000
760050300000
760050310000
760050320000
760050330000
760050340000
760050350000
760050360000
760050370000
760050380000
760050390000
760050400000
760050420000
760050430000
760050440000
760050450000
760050460000
760050470000
760050480000
760050490000
760050500000
760050510000
760050520000
760050530000
760050540000
760050550000
760050560000
760050570000
760050580000
760050590000
760050600000
760050610000
760050620000
760050630000
760050640000
760050650000
760060010000
760060020000
760060030000
760060040000
760060050000
760060070000
760060080000
760060090000
760060100000
760060110000
760060130000
760060140000
760060150000
760060160000
760060170000
760060180000
760060210000
760060220000
760060230000
760060240000
760060250000
760060260000
760060270000
760060280000
760060290000
760060300000
760060320000
760060330000
760060350000
760060360000
760060370000
760060380000
760060390000
760060400000
760060410000
760060420000
760060430000
760060440000
760060450000
760060460000
760060470000
760060480000
760060490000
760060500000
760060510000
760060520000
760060530000
760060540000
760060550000
760060560000
760070010000
760070020000
760070030000
760070040000
760070050000
760070060000
760070070000
760070080000
760070100000
760070110000
760070120000
760070130000
760070160000
760070170000
760070180000
760070190000
760070200000
760070210000
760080010000
760080030000
760080040000
760080050000
760080060000
760080070000
760080080000
760080090000
760080100000
760080120000
760080130000
760080140000
760080150000
760080160000
760080170000
760080180000
760080190000
760080200000
760080210000
760080220000
760080230000
760080240000
760080280000
760080290000
760080300000
760080320000
760080330000
760080340000
760080350000
760080360000
760080370000
760080380000
760080390000
760080400000
760090010000
760090020000
760090030000
760090040000
760090050000
760090060000
760090070000
760090080000
760090090000
760090100000
760090110000
760090120000
760090130000
760090140000
760090150000
760090160000
760090190000
760090200000
760090210000
760090220000
760090230000
760090240000
760090250000
760090260000
760090270000
760090280000
760090290000
760090300000
760090310000
760090320000
760090330000
760090340000
760090350000
760090360000
760090370000
760090380000
760090390000
760090400000
760090410000
760090420000
760090430000
760090440000
760090450000
760090460000
760090470000
760100020000
760100030000
760100040000
760100050000
760100060000
760100070000
760100080000
760100090000
760100100000
760100110000
760100120000
760100130000
760100140000
760100150000
760100160000
760100170000
760100180000
760100190000
760100200000
760100210000
760100220000
760100230000
760100240000
760100250000
760100260000
760100270000
760100280000
760100290000
760100300000
760100310000
760100320000
760100330000
760100340000
760100350000
760100360000
760100370000
760100380000
760100390000
760100400000
760100410000
760100430000
760100440000
760100450000
760100460000
760100470000
760110030000
760110040000
760110050000
760110070000
760110080000
760110090000
760110100000
760110110000
760110120000
760110130000
760110140000
760110150000
760110160000
760110170000
760110180000
760110190000
760110200000
760110210000
760110220000
760110230000
760110240000
760110250000
760110260000
760110270000
760110280000
760110290000
760110300000
760110310000
760110320000
760110330000
760110340000
760110350000
760110360000
760110370000
760110380000
760110390000
760110400000
760110410000
760110420000
760110430000
760110440000
760110450000
760110460000
760110470000
760110480000
760110490000
760110500000
760110510000
760110520000
760120010000
760120020000
760120030000
760120040000
760120050000
760120060000
760120070000
760120090000
760120110000
760120120000
760120130000
760120140000
760120150000
760120160000
760120170000
760120180000
760120190000
760120200000
760120210000
760120220000
760120230000
760120240000
760120250000
760120260000
760120270000
760120280000
760120290000
760120300000
760120310000
760120320000
760120330000
760120340000
760120350000
760120360000
760120370000
760120380000
760120390000
760120400000
760120410000
760120420000
760120430000
760120440000
760120450000
760120460000
760120470000
760120480000
760120490000
760120500000
760120510000
760120520000
760120530000
760120540000
760120550000
760120560000
760120570000
760120580000
760120590000
760120600000
760120610000
760120620000
760120630000
760120640000
760120660000
760120670000
760120680000
760120690000
760120700000
760120710000
760120720000
760120730000
760120740000
760120750000
760120760000
760120770000
760120780000
760120790000
760120800000
760120810000
760120820000
760120830000
760120840000
760120850000
760120860000
760120870000
760120880000
760120890000
760120900000
760120910000
760120920000
760120930000
760120940000
760120950000
760120960000
760120970000
760120980000
760120990000
760121000000
760121010000
760121020000
760121030000
760121040000
760121050000
760121060000
760121070000
760121080000
760121090000
760121100000
760121110000
760121120000
760121130000
760121140000
760121150000
760121160000
760121170000
760121180000
760121190000
760121200000
760121210000
760121220000
760121230000
760121240000
760121250000
760121260000
760121270000
760121280000
760121290000
760121300000
760121310000
760121320000
760121330000
760121340000
760121350000
760121360000
760121370000
760121380000
760121390000
760121400000
760121410000
760121420000
760121430000
760121440000
760121450000
760121500000
760121510000
760121520000
760121530000
760121540000
760130040000
760130080000
760130100000
760130190000
760130350000
760130360000
760130410000
760130430000
760130440000
760140010000
760140040000
760140050000
760140070000
760140080000
760140090000
760140100000
760140110000
760140130000
760140140000
760140160000
760140170000
760140180000
760140190000
760140200000
760140220000
760140240000
760140250000
760140260000
760140270000
760140280000
760140290000
760147770000
760150010000
760150020000
760150030000
760150050000
760150060000
760150070000
760150080000
760150090000
760150100000
760150120000
760150130000
760150140000
760150150000
760150160000
760150170000
760150200000
760150210000
760150230000
760150330000
760160010000
760160120000
760160130000
760160140000
760160150000
760160170000
760160190000
760160200000
760160210000
760160220000
760160230000
760160240000
760160250000
760160260000
760160270000
760160300000
760160310000
760160320000
760160330000
760170010000
760170020000
760170030000
760170040000
760170050000
760170060000
760170070000
760170080000
760170090000
760170100000
760170110000
760170120000
760170130000
760170140000
760170150000
760170160000
760170170000
760170180000
760170190000
760170200000
760170210000
760170220000
760170230000
760170240000
760170250000
760170260000
760170270000
760170280000
760170300000
760170320000
760170330000
760170350000
760170360000
760170370000
760170380000
760170390000
760170400000
760170410000
760170430000
760170440000
760170450000
760170460000
760170470000
760170480000
760170490000
760170500000
760170510000
760170520000
760170530000
760170540000
760170550000
760170560000
760170570000
760170580000
760170590000
760170600000
760170610000
760170620000
760170640000
760170650000
760170660000
760170670000
760170680000
760170690000
760170710000
760170720000
760170730000
760170770000
760170780000
760170800000
760170810000
760170830000
760170840000
760170850000
760170860000
760170870000
760170880000
760170890000
760170900000
760170910000
760170920000
760170930000
760170940000
760170950000
760170960000
760170970000
760170980000
760170990000
760171000000
760171010000
760171020000
760180010000
760180020000
760180030000
760180040000
760180050000
760180060000
760180070000
760180080000
760180090000
760180100000
760180110000
760180120000
760180130000
760180140000
760180150000
760180160000
760180170000
760180180000
760180190000
760180200000
760180210000
760180220000
760180230000
760180240000
760180250000
760180260000
760180270000
760180280000
760180290000
760180300000
760180310000
760180320000
760180330000
760180340000
760180350000
760180360000
760180370000
760180380000
760180390000
760180400000
760180410000
760180420000
760180430000
760180440000
760180450000
760180460000
760180470000
760180480000
760180490000
760180500000
760180510000
760180520000
760180530000
760180540000
760180550000
760180560000
760180570000
760180580000
760180590000
760180600000
760180610000
760180620000
760180630000
760180640000
760180650000
760180660000
760180670000
760180680000
760180690000
760180700000
760180710000
760180720000
760180730000
760180740000
760180750000
760180760000
760180770000
760180780000
760180790000
760180800000
760180810000
760180820000
760180830000
760180840000
760180850000
760180860000
760180870000
760180880000
760180890000
760180900000
760180910000
760180920000
760180930000
760180940000
760180950000
760180960000
760180970000
760180980000
760180990000
760181000000
760181010000
760181020000
760181030000
760181040000
760181050000
760181060000
760181070000
760181080000
760181090000
760181100000
760181120000
760190010000
760190020000
760190030000
760190040000
760190050000
760190060000
760190070000
760190080000
760190090000
760190100000
760190110000
760190120000
760190130000
760190140000
760190150000
760190160000
760190170000
760190180000
760190190000
760190200000
760190210000
760190220000
760190230000
760190240000
760190250000
760190260000
760190270000
760190280000
760190290000
760190300000
760190310000
760190320000
760190330000
760190340000
760190350000
760190360000
760190370000
760190380000
760190390000
760190400000
760190410000
760190420000
760190430000
760190440000
760190450000
760190460000
760190470000
760190480000
760190490000
760190500000
760190510000
760190520000
760190530000
760190540000
760190550000
760190560000
760190570000
760190580000
760190590000
760190600000
760190610000
760190620000
760190630000
760190640000
760190650000
760190660000
760190670000
760190680000
760190690000
760190700000
760190710000
760190720000
760190730000
760190740000
760190750000
760190760000
760190770000
760190780000
760190790000
760190800000
760190810000
760190820000
760190830000
760190840000
760190850000
760190860000
760190870000
760190880000
760190890000
760190900000
760190910000
760190920000
760190930000
760190940000
760190950000
760190960000
760190970000
760190980000
760190990000
760191000000
760200010000
760200020000
760200030000
760200040000
760200050000
760200060000
760200070000
760200080000
760200090000
760200100000
760200110000
760200120000
760200130000
760200140000
760200150000
760200160000
760200170000
760200180000
760200190000
760200200000
760200210000
760200220000
760200230000
760200240000
760200250000
760200260000
760200270000
760200280000
760200290000
760200300000
760200310000
760200320000
760200330000
760200340000
760200350000
760200360000
760200370000
760200380000
760200390000
760200400000
760200410000
760200420000
760200430000
760200440000
760200450000
760200460000
760200470000
760200480000
760200490000
760200500000
760200510000
760200520000
760200530000
760200540000
760200550000
760200560000
760200570000
760200580000
760200590000
760200600000
760200610000
760200620000
760200630000
760200640000
760200650000
760200660000
760200670000
760200680000
760200690000
760200700000
760200710000
760200720000
760200730000
760200740000
760200750000
760200760000
760200770000
760200780000
760200790000
760200800000
760200810000
760200820000
760200830000
760200840000
760200860000
760210050000
760210060000
760210070000
760210140000
760210160000
760210170000
760210180000
760210190000
760210200000
760210210000
760210220000
760210230000
760210240000
760210260000
760210270000
760210280000
760210290000
760210300000
760210310000
760220010000
760220020000
760220030000
760220040000
760220050000
760220060000
760220070000
760220080000
760220090000
760220100000
760220110000
760220120000
760220130000
760220140000
760220150000
760220160000
760220170000
760220180000
760220190000
760220200000
760220210000
760220220000
760220230000
760220250000
760220260000
760220280000
760220290000
760220300000
760220310000
760220320000
760220330000
760220340000
760220350000
760220360000
760220370000
760220380000
760220390000
760220400000
760220410000
760220420000
760220430000
760220440000
760220450000
760220460000
760220470000
760220490000
760220500000
760220510000
760220520000
760220530000
760220540000
760220550000
760220560000
760220570000
760220580000
760220590000
760220600000
760220610000
760220620000
760220630000
760220640000
760220650000
760220660000
760220670000
760220680000
760220690000
760220700000
760220710000
760220720000
760220730000
760220740000
760220750000
760220760000
760220770000
760220780000
760220790000
760220800000
760220820000
760220840000
760220850000
760220860000
760220870000
760220880000
760220890000
760220900000
760220910000
760220920000
760220930000
760220940000
760220950000
760220960000
760220970000
760220980000
760230010000
760230020000
760230030000
760230040000
760230050000
760230060000
760230070000
760230080000
760230090000
760230100000
760230110000
760230120000
760230130000
760230140000
760230150000
760230160000
760230170000
760230180000
760230190000
760230200000
760230210000
760230220000
760230230000
760230240000
760230250000
760230260000
760230270000
760230280000
760230290000
760230300000
760230310000
760230320000
760230330000
760230340000
760230350000
760230360000
760230370000
760230380000
760230390000
760230400000
760230410000
760230420000
760230430000
760230440000
760230450000
760230460000
760230470000
760230480000
760230490000
760230500000
760230510000
760230520000
760230530000
760230540000
760230550000
760230560000
760230570000
760230580000
760230590000
760230600000
760230610000
760230620000
760230630000
760230640000
760230650000
760230670000
760230680000
760230690000
760230700000
760230710000
760230720000
760230730000
760230740000
760240010000
760240020000
760240030000
760240040000
760240050000
760240060000
760240070000
760240080000
760240090000
760240100000
760240110000
760240120000
760240130000
760240140000
760240150000
760240160000
760240170000
760240180000
760240190000
760240200000
760240210000
760240220000
760240230000
760240240000
760240250000
760240260000
760240270000
760240280000
760240290000
760240310000
760240320000
760240330000
760240340000
760240350000
760240360000
760240370000
760240380000
760240390000
760240400000
760240410000
760240420000
760240430000
760240440000
760240450000
760240460000
760240470000
760240480000
760240490000
760240500000
760240510000
760240520000
760240530000
760240540000
760240550000
760240560000
760240570000
760240580000
760240590000
760240600000
760240610000
760240620000
760240630000
760240640000
760240650000
760240660000
760240670000
760240680000
760240690000
760240700000
760240710000
760240720000
760240730000
760240740000
760240750000
760240760000
760240770000
760240780000
760240790000
760240800000
760240810000
760240820000
760240830000
760240840000
760240850000
760240860000
760240870000
760240880000
760240890000
760240900000
760240910000
760240920000
760240930000
760240940000
760240950000
760240960000
760240970000
760240980000
760240990000
760241000000
760241010000
760241020000
760241030000
760241040000
760241050000
760241060000
760241070000
760241080000
760241090000
760241100000
760241110000
760241120000
760241130000
760250010000
760250020000
760250030000
760250040000
760250050000
760250060000
760250070000
760250080000
760250090000
760250100000
760250110000
760250120000
760250130000
760250140000
760250150000
760250160000
760250170000
760250180000
760250190000
760250200000
760250210000
760250220000
760250230000
760250240000
760250250000
760250260000
760250270000
760250280000
760250290000
760250300000
760250310000
760250320000
760250330000
760250340000
760250350000
760250360000
760250370000
760250380000
760250390000
760250400000
760250410000
760250420000
760250430000
760250440000
760250450000
760250460000
760250470000
760250480000
760250490000
760250500000
760250510000
760250520000
760250530000
760250540000
760250550000
760250560000
760250570000
760250580000
760250590000
760250600000
760250610000
760250620000
760250630000
760250640000
760250650000
760250660000
760250670000
760250680000
760250690000
760250700000
760250710000
760250720000
760260010000
760260020000
760260030000
760260040000
760260050000
760260060000
760260070000
760260080000
760260090000
760260100000
760260120000
760260130000
760260140000
760260150000
760260160000
760260170000
760260180000
760260190000
760260200000
760260210000
760260220000
760260230000
760260240000
760260250000
760260260000
760260270000
760260280000
760260290000
760260300000
760260310000
760260320000
760260330000
760260340000
760260350000
760260360000
760260370000
760260380000
760260390000
760260400000
760260410000
760260420000
760260430000
760260440000
760260450000
760260460000
760260470000
760260480000
760260490000
760260500000
760260510000
760260520000
760260530000
760260540000
760260550000
760260560000
760260570000
760260580000
760260590000
760260600000
760260610000
760260620000
760270010000
760270020000
760270030000
760270040000
760270050000
760270060000
760270070000
760270080000
760270090000
760270100000
760270110000
760270120000
760270130000
760270140000
760270150000
760270160000
760270170000
760270180000
760270190000
760270200000
760270210000
760270220000
760270230000
760270240000
760270250000
760270260000
760270270000
760270280000
760270290000
760270300000
760270310000
760270320000
760270330000
760270340000
760270350000
760270370000
760270380000
760270390000
760270400000
760270410000
760270420000
760270430000
760270440000
760270450000
760270460000
760270470000
760270480000
760270490000
760270500000
760270510000
760270520000
760270530000
760270540000
760270550000
760270560000
760270570000
760270580000
760270590000
760270600000
760270610000
760270620000
760270630000
760270640000
760270650000
760270660000
760270670000
760270680000
760270690000
760270700000
760270710000
760270720000
760270730000
760270740000
760270750000
760270760000
760270770000
760270780000
760270790000
760270800000
760270810000
760270820000
760270830000
760270840000
760270850000
760270860000
760270870000
760270880000
760270890000
760270900000
760270910000
760270920000
760270930000
760270940000
760270950000
760270960000
760270970000
760270980000
760270990000
760271000000
760271010000
760271020000
760271030000
760271050000
760271060000
760271070000
760271080000
760271090000
760271100000
760271110000
760271120000
760271130000
760271140000
760271150000
760271160000
760271170000
760271180000
760271190000
760271200000
760271210000
760271220000
760271230000
760271240000
760271250000
760271260000
760271270000
760271280000
760271290000
760271300000
760271310000
760271320000
760271330000
760271340000
760271350000
760271360000
760271370000
760271380000
760271390000
760271400000
760271410000
760271420000
760271430000
760271440000
760271450000
760271460000
760271470000
760271480000
760271490000
760271500000
770010010000
770010020000
770010040000
770010100000
770010110000
770010120000
770010130000
770010140000
770010150000
770010160000
770010170000
770010180000
770010190000
770010200000
770020020000
770020070000
770020080000
770020090000
770020100000
770020140000
770020150000
770020160000
770020170000
770020180000
770020190000
770020200000
770020210000
770020220000
770020230000
770020240000
770020250000
770020260000
770020270000
770020280000
770020300000
770020310000
770020320000
770020330000
770020340000
770020350000
770020360000
770030030000
770030040000
770030070000
770030080000
770030090000
770030100000
770030200000
770030210000
770030220000
770030230000
770030270000
770030280000
770030290000
770030300000
770030310000
770030320000
770030330000
770030340000
770030350000
770030360000
770030370000
770030380000
770030390000
770030400000
770030420000
770030430000
770030440000
770030450000
770030460000
770030470000
770030480000
770030490000
770030500000
770030510000
770030520000
770030530000
770030540000
770030550000
770030560000
770030570000
770030580000
770030590000
770030600000
770030610000
770030620000
770030630000
770030640000
770030650000
770030660000
770030670000
770030680000
770030690000
770030700000
770030710000
770030720000
770030730000
770030740000
770030750000
770030760000
770030770000
770030780000
770030790000
770030800000
770030810000
770030820000
770030830000
770030840000
770030850000
770040010000
770040020000
770040050000
770040070000
770040080000
770040090000
770040110000
770040120000
770040150000
770040160000
770040170000
770040180000
770040190000
770040210000
770040220000
770040250000
770040260000
770040280000
770040290000
770040310000
770040320000
770040330000
770040350000
770040370000
770040390000
770040400000
770040410000
770040420000
770040430000
770040440000
770040450000
770040460000
770040470000
770040510000
770040520000
770040530000
770040540000
770040550000
770040560000
770040570000
770040580000
770040590000
770040600000
770040610000
770040620000
770040630000
770040640000
770040650000
770040660000
770040670000
770040680000
770040690000
770040700000
770040710000
770040720000
770040730000
770040740000
770040750000
770040760000
770040770000
770040780000
770040790000
770040800000
770040810000
770040820000
770040830000
770040840000
770040850000
770040860000
770040870000
770040880000
770040890000
770040900000
770040910000
770040920000
770040930000
770040940000
770040950000
770040960000
770040970000
770040980000
770040990000
770041000000
770050010000
770050030000
770050040000
770050070000
770060010000
770060020000
770060030000
770060090000
770060100000
770060110000
770060120000
770060130000
770060140000
770060150000
770060160000
770060170000
770060210000
770060220000
770060230000
770060240000
770060250000
770060260000
770060270000
770060280000
770060320000
770060340000
770060350000
770060360000
770060370000
770060380000
770060390000
770060400000
770060410000
770060420000
770060430000
770060440000
770060450000
770060460000
770060470000
770060480000
770060490000
770060500000
770060510000
770060520000
770060530000
770060540000
770060550000
770060560000
770070010000
770070030000
770070040000
770070050000
770070060000
770070070000
770070080000
770070090000
770070100000
770070110000
770070120000
770070130000
770070140000
770070150000
770070160000
770070170000
770070180000
770070190000
770070200000
770070210000
770070220000
770070230000
770070240000
770070250000
770070260000
770070280000
770070290000
770070300000
770070310000
770070320000
770070380000
770070390000
770070400000
770070410000
770070420000
770070430000
770070440000
770070450000
770070460000
770070470000
770070480000
770070490000
770070500000
770070510000
770070520000
770070530000
770070540000
770070550000
770070560000
770070570000
770070580000
770070590000
770070600000
770070610000
770070620000
770070630000
770070640000
770070650000
770070660000
770070670000
770070680000
770070690000
770070700000
770070710000
770070720000
770070730000
770070740000
770070750000
770070760000
770070770000
770070780000
770070790000
770070800000
770070810000
770070820000
770070830000
770070840000
770070850000
770070860000
770070870000
770070880000
770070890000
770070900000
770070910000
770070920000
770070930000
770080010000
770080170000
770080180000
770080190000
770080200000
770080210000
770080220000
770080230000
770080250000
770080260000
770080290000
770080300000
770080310000
770080350000
770080550000
770080560000
770080610000
770080620000
770080640000
770080930000
770080940000
770080980000
770080990000
770081000000
770081010000
770081020000
770081050000
770081060000
770081070000
770081090000
770081100000
770081110000
770081120000
770081130000
770081140000
770081150000
770081190000
770081200000
770081210000
770081220000
770081230000
770081240000
770081250000
770081260000
770081270000
770090010000
770090020000
770090030000
770090040000
770090060000
770090070000
770090080000
770090090000
770090100000
770090110000
770090120000
770090130000
770090160000
770090180000
770090190000
770090200000
770090210000
770090220000
770090230000
770090240000
770090250000
770090260000
770090270000
770090280000
770090290000
770090300000
770090310000
770090320000
770090330000
770090340000
770090350000
770090360000
770090370000
770090380000
770090390000
770090400000
770090410000
770090420000
770090430000
770090440000
770090450000
770090460000
770090470000
770090480000
770090490000
770090500000
770090510000
770090520000
770090530000
770090540000
770090550000
770090560000
770090590000
770090600000
770090610000
770090620000
770090630000
770090640000
770090650000
770090660000
770090670000
770090680000
770090690000
770090700000
770090710000
770090720000
770090730000
770090740000
770100010000
770100020000
770100040000
770100050000
770100060000
770100070000
770100080000
770100090000
770100100000
770100110000
770100120000
770100130000
770100140000
770100160000
770100170000
770100190000
770100200000
770100210000
770100220000
770100240000
770100250000
770100260000
770100290000
770100350000
770100360000
770100370000
770100410000
770100420000
770100430000
770100440000
770100450000
770100460000
770100470000
770100490000
770100500000
770100510000
770100520000
770100540000
770100550000
770100570000
770100580000
770100590000
770100600000
770100610000
770100620000
770100630000
770100640000
770100650000
770100660000
770100670000
770100680000
770100690000
770100700000
770100710000
770100730000
770100760000
770100770000
770100820000
770100830000
770100840000
770110010000
770110020000
770110030000
770110040000
770110050000
770110060000
770110070000
770110080000
770110090000
770110100000
770110110000
770110120000
770110130000
770110140000
770110150000
770110160000
770110170000
770110180000
770110190000
770110200000
770110210000
770110220000
770110230000
770110240000
770110250000
770110260000
770110270000
770110280000
770110290000
770110300000
770110310000
770110320000
770110330000
770110340000
770110350000
770110360000
770110370000
770110380000
770110390000
770110400000
770110410000
770110420000
770110430000
770110440000
770110450000
770110460000
770120010000
770120020000
770120030000
770120040000
770120050000
770120060000
770120070000
770120080000
770120090000
770120100000
770120110000
770120120000
770120130000
770120140000
770120150000
770120160000
770120170000
770120180000
770120190000
770120200000
770120220000
770120230000
770120240000
770120250000
770120260000
770120270000
770120280000
770120290000
770120300000
770120310000
770120320000
770120330000
770120340000
770120350000
770120360000
770120380000
770130010000
770130020000
770130030000
770130040000
770130050000
770130060000
770130070000
770130080000
770130090000
770130100000
770130110000
770130120000
770130130000
770130140000
770130150000
770130160000
770130180000
770130190000
770130200000
770130210000
770130220000
770130230000
770130240000
770130250000
770130260000
770130270000
770130280000
770130290000
770130300000
770130310000
770130320000
770130330000
770130340000
770130350000
770130360000
770130410000
770130420000
770130430000
770130440000
770130450000
770130460000
770130470000
770130480000
770130490000
770130500000
770130510000
770130520000
770130530000
770130540000
770130550000
770130560000
770130570000
770130580000
770130590000
770130610000
770130620000
770130630000
770130650000
770130660000
770130670000
770130680000
770130690000
770130700000
770130710000
770130730000
770140010000
770140020000
770140030000
770140040000
770140050000
770140060000
770140070000
770140080000
770140090000
770140100000
770140110000
770140120000
770140130000
770140140000
770140150000
770140160000
770140170000
770140180000
770140190000
770140200000
770140210000
770140220000
770140230000
770140240000
770140250000
770140260000
770140270000
770140280000
770140290000
770140300000
770140310000
770140320000
770140330000
770140340000
770140350000
770140360000
770140370000
770140380000
770140390000
770140400000
770140410000
770140420000
770140430000
770140440000
770140450000
770140460000
770140470000
770140480000
770140490000
770140500000
770140510000
770140520000
770140540000
770140550000
770140560000
770150010000
770150020000
770150030000
770150040000
770150050000
770150060000
770150070000
770150080000
770150090000
770150100000
770150110000
770150120000
770150130000
770150140000
770150150000
770150160000
770150170000
770150180000
770150190000
770150200000
770150210000
770150220000
770150230000
770150240000
770150250000
770150260000
770150270000
770150280000
770150290000
770150300000
770150310000
770150320000
770150330000
770150340000
770150350000
770150360000
770150370000
770150380000
770150390000
770150400000
770150410000
770150420000
770150430000
770150440000
770150450000
770150460000
770150470000
770150480000
770150490000
770150500000
770150510000
770150520000
770150530000
770150540000
770150550000
770150570000
770150580000
770150590000
770150600000
770150610000
770150620000
770150630000
770150640000
770150650000
770150660000
770150680000
770150710000
770150740000
770150750000
770150760000
770150770000
770150780000
770150790000
770150830000
770150840000
770150850000
770150870000
770150890000
770150930000
770150960000
770160010000
770160020000
770160030000
770160040000
770160050000
770160060000
770160070000
770160080000
770160090000
770160100000
770160110000
770160120000
770160130000
770160140000
770160150000
770160160000
770160170000
770160180000
770160190000
770160200000
770160210000
770160220000
770160230000
770160240000
770160250000
770160260000
770160270000
770160280000
770160290000
770160300000
770160310000
770160320000
770160330000
770160340000
770160350000
770160360000
770160370000
770160380000
770160390000
770160400000
770160410000
770160420000
770160430000
770160440000
770160450000
770160460000
770160470000
770160480000
770160490000
770160500000
770160510000
770160520000
770160530000
770160540000
770160550000
770160560000
770160570000
770160580000
770160590000
770160600000
770160610000
770160620000
770160630000
770160640000
770160650000
770160660000
770160670000
770160680000
770160690000
770160700000
770160710000
770160720000
770160730000
770160740000
770160750000
770160760000
770160770000
770160780000
770160790000
770160800000
770160810000
770160820000
770170010000
770170020000
770170030000
770170040000
770170060000
770170070000
770170080000
770170090000
770170100000
770170110000
770170120000
770170130000
770170140000
770170150000
770170160000
770170170000
770170180000
770170190000
770170200000
770170210000
770170220000
770170230000
770170240000
770170250000
770170260000
770170270000
770170280000
770170290000
770170300000
770170310000
770170320000
770170330000
770170340000
770170350000
770170360000
770170370000
770170380000
770170390000
770170400000
770170410000
770170420000
770170430000
770170450000
770170460000
770170470000
770170480000
770170490000
770170500000
770170510000
770170520000
770170530000
770170540000
770170550000
770170560000
770170570000
770170580000
770170610000
770170620000
770170630000
770170640000
770170650000
770170660000
770170670000
770170680000
770170690000
770170700000
770170710000
770170720000
770170730000
770170740000
770170750000
770170760000
770170770000
770170780000
770170790000
770170800000
770170810000
770170820000
770170830000
770170840000
770170850000
770170860000
770170870000
770170880000
770170890000
770170900000
770170910000
770170920000
770170930000
770170940000
770170950000
770180010000
770180020000
770180030000
770180040000
770180050000
770180060000
770180070000
770180080000
770180090000
770180100000
770180110000
770180120000
770180130000
770180140000
770180150000
770180160000
770180170000
770180180000
770180190000
770180200000
770180210000
770180220000
770180250000
770180260000
770180270000
770180280000
770180290000
770180300000
770180310000
770180320000
770180330000
770180340000
770180350000
770180360000
770180370000
770180380000
770180390000
770180400000
770180410000
770180420000
770180430000
770180440000
770180450000
770180460000
770180470000
770190010000
770190020000
770190030000
770190040000
770190050000
770190060000
770190070000
770190080000
770190090000
770190100000
770190110000
770190120000
770190130000
770190140000
770190150000
770190160000
770190170000
770190180000
770190190000
770190200000
770190210000
770190220000
770190230000
770190240000
770190250000
770190260000
770190270000
770190280000
770190290000
770190300000
770190310000
770190320000
770190330000
770190340000
770190350000
770190360000
770190370000
770190380000
770190390000
770190400000
770190410000
770190420000
770190430000
770190440000
770190450000
770190460000
770190470000
770190480000
770190490000
770190500000
770190510000
770190520000
770190530000
770190540000
770190550000
770190560000
770190570000
770190580000
770190590000
770200010000
770200020000
770200030000
770200040000
770200050000
770200060000
770200070000
770200080000
770200090000
770200100000
770200110000
770200120000
770200130000
770200140000
770200150000
770200160000
770200170000
770200180000
770200190000
770200200000
770200210000
770200220000
770200230000
770200240000
770200250000
770200260000
770200270000
770200280000
770200290000
770200300000
770200310000
770200320000
770200330000
770200340000
770200350000
770200360000
770200370000
770200380000
770200390000
770200400000
770200410000
770200420000
770200430000
770200440000
770200470000
770200480000
770200490000
770200500000
770200510000
770200520000
770200530000
770200540000
770200550000
770200560000
770200570000
770200580000
770200590000
770200600000
770200610000
770200620000
770200630000
770200640000
770200650000
770200660000
770200670000
770200680000
770200690000
770200700000
770200720000
770200730000
770200740000
770200750000
770200760000
770200770000
770200780000
770200790000
770200800000
770200810000
770200820000
770200830000
770200840000
770200850000
770200860000
770200870000
770200880000
770200890000
770200900000
770200910000
770200920000
770200930000
770200940000
770200950000
770200960000
770200970000
770200980000
770200990000
770201000000
770201010000
770201020000
770201030000
770201040000
770201050000
770201060000
770210010000
770210020000
770210030000
770210040000
770210050000
770210060000
770210070000
770210080000
770210090000
770210100000
770210110000
770210120000
770210130000
770210140000
770210150000
770210160000
770210170000
770210180000
770210190000
770210200000
770210210000
770210220000
770210230000
770210240000
770210250000
770210260000
770210270000
770210280000
770210290000
770210300000
770210310000
770210320000
770210330000
770210340000
770210350000
770210360000
770210370000
770210380000
770210390000
770210400000
770210410000
770210420000
770210430000
770210440000
770210450000
770210460000
770210470000
770210480000
770210490000
770210500000
770210510000
770210520000
770210530000
770210540000
770210550000
770210560000
770210570000
770210580000
770210590000
770210600000
770210610000
770210620000
770210630000
770210640000
770210650000
770210660000
770210670000
770210680000
770210690000
770210700000
770210710000
770210720000
770210730000
770210740000
770210750000
770210760000
770210770000
770210780000
770210790000
770210800000
770210810000
770210820000
770210830000
770210840000
770210850000
770210860000
770210870000
770210880000
770210890000
770210900000
770210910000
770210920000
770210930000
770210940000
770210950000
770210960000
770210970000
770210980000
770210990000
770211000000
770211010000
770211020000
770211030000
770211040000
770211050000
770220010000
770220020000
770220030000
770220040000
770220050000
770220060000
770220070000
770220080000
770220090000
770220100000
770220110000
770220120000
770220130000
770220140000
770220150000
770220160000
770220170000
770220180000
770220190000
770220210000
770220220000
770220230000
770220240000
770220250000
770230010000
770230020000
770230030000
770230040000
770230050000
770230060000
770230070000
770230080000
770230090000
770230100000
770230110000
770230120000
770230130000
770230140000
770230150000
770230160000
770230170000
770230180000
770230190000
770230200000
770230210000
770230220000
770230230000
770230240000
770230250000
770230260000
770230270000
770230280000
770230290000
770230300000
770230310000
770230320000
770230330000
770230340000
770230350000
770230360000
770230370000
770230380000
770240010000
770240020000
770240030000
770240040000
770240050000
770240060000
770240070000
770240080000
770240090000
770240100000
770240110000
770240120000
770240130000
770240140000
770240150000
770240160000
770240170000
770250010000
770250020000
770250030000
770250040000
770250050000
770250060000
770250070000
770250080000
770250090000
770250100000
770250110000
770250120000
770250130000
770250140000
770250150000
770250160000
770250170000
770250180000
770250190000
770250200000
770250210000
770250220000
770250230000
770250240000
770250250000
770250260000
770250270000
770250280000
770250290000
770250300000
770250310000
770250320000
770250330000
770250340000
770250350000
770250360000
770250370000
770250380000
770250390000
770250400000
770250410000
770250420000
770250430000
770250440000
770250450000
770250460000
770250470000
770250480000
770250490000
770250500000
770250510000
770250520000
770250530000
770250540000
770250550000
770250570000
770250580000
770250590000
770250600000
770250610000
770250620000
770250630000
770250640000
770250650000
770250660000
770250670000
770250680000
770250690000
770250700000
770250710000
770250720000
770250730000
770250740000
770250750000
770250760000
770250770000
770250780000
770250790000
770250800000
770250810000
770250820000
770250830000
770250840000
770250850000
770250860000
770250870000
770250880000
770250890000
770250900000
770250910000
770250920000
770250930000
770250940000
770250950000
770250960000
770250970000
770250980000
770250990000
770260010000
770260020000
770260030000
770260040000
770260050000
770260060000
770260070000
770260080000
770260090000
770260100000
770260110000
770260120000
770260130000
770260140000
770260150000
770260160000
770260170000
770260180000
770260190000
770260200000
770260210000
770260220000
770260230000
770260240000
770260250000
770260270000
770260280000
770260290000
770260300000
770260310000
770260320000
770260330000
770260340000
770260350000
770260360000
770260370000
770260380000
770260390000
770260400000
770260410000
770260420000
770260430000
770260440000
770260450000
770260460000
770260470000
770260480000
770260490000
770260500000
770260510000
770260520000
770260530000
770260540000
770260550000
770260560000
770260570000
770260580000
770260590000
770260600000
770270010000
770270020000
770270030000
770270040000
770270050000
770270060000
770270070000
770270080000
770270090000
770270100000
770270110000
770270120000
770270130000
770270140000
770270150000
770270160000
770270170000
770270180000
770270190000
770270200000
770270210000
770270220000
770270230000
770270240000
770270250000
770270260000
770270270000
770270280000
770270290000
770270300000
770270310000
770270320000
770270330000
770270340000
770270350000
770270360000
770270370000
770270380000
770270390000
770270410000
770270420000
770270430000
770270440000
770270450000
770270460000
770270470000
770270480000
770270490000
770270500000
770270510000
770270520000
770270530000
770270540000
770270550000
770270560000
770270570000
770270580000
770270590000
770270600000
770270610000
770270620000
770270630000
770270640000
770270650000
770270660000
770270670000
770270680000
770270690000
770270700000
770270710000
770270720000
770270730000
770270740000
770270750000
770270760000
770270770000
770270780000
770280010000
770280020000
770280030000
770280040000
770280050000
770280060000
770280070000
770280080000
770280090000
770280100000
770280110000
770280120000
770280130000
770280140000
770280150000
770280160000
770280170000
770280180000
770280190000
770280200000
770280210000
770280220000
770280230000
770280240000
770280250000
770280260000
770280270000
770280280000
770280290000
770280300000
770280310000
770280320000
770280330000
770280340000
770280350000
770280360000
770280370000
770280380000
770280390000
770280400000
770280410000
770280420000
770280430000
770280440000
770280450000
770280460000
770280470000
770280480000
770280490000
770280500000
770280510000
770280520000
770280530000
770280540000
770280550000
770280560000
770280570000
770280580000
770280590000
770280600000
770280610000
770280620000
770280630000
770280640000
770280650000
770280660000
770280670000
770280680000
770280690000
770280700000
770280710000
770290010000
770290020000
770290030000
770290040000
770290050000
770290060000
770290070000
770290080000
770290090000
770290100000
770290110000
770290120000
770290130000
770290140000
770290150000
770290160000
770290170000
770290180000
770290190000
770290200000
770290210000
770290220000
770290230000
770290240000
770290250000
770290260000
770290270000
770290280000
770290290000
770290300000
770290320000
770290330000
770290340000
770290350000
770290360000
770290370000
770290380000
770290390000
770290400000
770290410000
770290420000
770290430000
770290440000
770290450000
770290460000
770290470000
770290480000
770290490000
770290500000
770290510000
770290520000
770290530000
770290540000
770290550000
770290560000
770290570000
770290580000
770290590000
770290600000
770290610000
770290620000
770290630000
770290640000
770290650000
770290660000
770290670000
770290680000
770290690000
770290700000
770290710000
770290720000
770290730000
770290740000
770290750000
770290760000
780010010000
780010020000
780010030000
780010040000
780010060000
780010070000
780010080000
780010090000
780020010000
780020020000
780020030000
780020060000
780020070000
780020080000
780020090000
780020100000
780030010000
780030020000
780030030000
780030040000
780030050000
780030060000
780030070000
780030080000
780030090000
780030100000
780030110000
780030120000
780030130000
780030140000
780030150000
780030160000
780030170000
780030180000
780030190000
780030200000
780030210000
780030220000
780030230000
780030240000
780030250000
780030260000
780040010000
780040020000
780040030000
780040040000
780040050000
780040060000
780040070000
780040080000
780040090000
780040100000
780040110000
780040120000
780040130000
780040140000
780040150000
780040160000
780040170000
780040180000
780040190000
780040200000
780040210000
780040220000
780040230000
780040240000
780040250000
780040270000
780040280000
780040290000
780040320000
780040330000
780040340000
780040350000
780040360000
780040380000
780040390000
780040400000
780040410000
780040420000
780040430000
780040440000
780040450000
780040460000
780040470000
780040480000
780040490000
780040500000
780040510000
780040530000
780040540000
780040550000
780040560000
780040570000
780040580000
780040590000
780040600000
780040610000
780040620000
780040630000
780040640000
780040650000
780040670000
780040680000
780040690000
780040700000
780040710000
780040720000
780040730000
780040740000
780040750000
780040760000
780040770000
780040780000
780040790000
780040800000
780050010000
780050020000
780050030000
780050040000
780050050000
780050060000
780050080000
780050090000
780050100000
780050110000
780050120000
780050130000
780050140000
780050150000
780050160000
780050170000
780050180000
780050190000
780050200000
780050210000
780050220000
780050230000
780050250000
780050260000
780050270000
780050280000
780050290000
780050310000
780050320000
780050330000
780050340000
780050350000
780050370000
780050380000
780050390000
780050400000
780050410000
780050420000
780050430000
780050440000
780050450000
780050460000
780050470000
780050480000
780050490000
780050500000
780050510000
780050520000
780050530000
780050540000
780050550000
780050560000
780050570000
780050580000
780050590000
780050600000
780050610000
780050620000
780050630000
780050640000
780060010000
780060020000
780060030000
780060040000
780060050000
780060060000
780060070000
780060080000
780060090000
780060100000
780060110000
780060120000
780060150000
780060160000
780060170000
780060180000
780060200000
780060210000
780060220000
780060230000
780060240000
780060250000
780060260000
780060270000
780060280000
780060290000
780060300000
780060310000
780060320000
780060330000
780060340000
780060350000
780060360000
780060370000
780060380000
780060390000
780060400000
780060410000
780060420000
780060450000
780060460000
780060470000
780060480000
780060490000
780060500000
780060510000
780060520000
780060530000
780060540000
780060550000
780060560000
780060570000
780060580000
780060590000
780060600000
780060610000
780060620000
780060630000
780060640000
780060650000
780060670000
780060690000
780070030000
780070040000
780070050000
780070070000
780070110000
780070150000
780070210000
780070220000
780070230000
780070240000
780070250000
780070260000
780070270000
780070280000
780070290000
780070300000
780070320000
780070330000
780070340000
780070360000
780070370000
780070380000
780070390000
780070430000
780070440000
780070450000
780070460000
780070470000
780070480000
780070500000
780070530000
780070560000
780070570000
780070580000
780070590000
780070600000
780070610000
780070620000
780070630000
780070640000
780070650000
780070660000
780070670000
780070680000
780070690000
780070700000
780070710000
780070720000
780080010000
780080020000
780080030000
780080040000
780080050000
780080060000
780080070000
780080080000
780080090000
780080100000
780080110000
780080120000
780080130000
780080140000
780080150000
780080160000
780080170000
780080180000
780080190000
780080200000
780080210000
780080230000
780080240000
780080250000
780080260000
780080270000
780080290000
780080300000
780080310000
780080320000
780080330000
780080340000
780080350000
780080370000
780080380000
780080390000
780080400000
780080410000
780080420000
780080430000
780080450000
780080500000
780080510000
780080520000
780080530000
780080540000
780080550000
780080560000
780080570000
780080580000
780080610000
780080620000
780080630000
780080640000
780080650000
780080660000
780080670000
780080680000
780080690000
780080700000
780080720000
780080740000
780080750000
780080760000
780080770000
780080780000
780080790000
780080800000
780080810000
780080820000
780080830000
780090010000
780090020000
780090030000
780090040000
780090050000
780090070000
780090080000
780090090000
780090100000
780090110000
780090120000
780090130000
780090140000
780090150000
780090160000
780090170000
780090180000
780090190000
780090200000
780090210000
780090220000
780090230000
780090240000
780090250000
780090260000
780090270000
780090280000
780090290000
780090300000
780090310000
780090320000
780090330000
780090340000
780090350000
780090360000
780090370000
780090380000
780090390000
780090400000
780090410000
780090430000
780090440000
780090450000
780090460000
780090470000
780090480000
780090490000
780090500000
780090510000
780090520000
780090530000
780090540000
780090550000
780090560000
780090570000
780090580000
780090590000
780090600000
780090610000
780090620000
780090630000
780090640000
780090650000
780090660000
780090670000
780090680000
780090690000
780090700000
780090710000
780090720000
780090730000
780090740000
780090750000
780090760000
780090770000
780090780000
780090790000
780090800000
780090810000
780090820000
780100010000
780100020000
780100030000
780100040000
780100060000
780100070000
780100090000
780100150000
780100160000
780100170000
780100200000
780100220000
780100260000
780100270000
780100280000
780100290000
780100300000
780100320000
780100330000
780100340000
780100350000
780100360000
780100370000
780100380000
780100390000
780100400000
780100420000
780100440000
780100460000
780100470000
780100490000
780100500000
780100510000
780100520000
780100530000
780100540000
780100550000
780100560000
780100570000
780100580000
780100590000
780100600000
780100610000
780100620000
780100630000
780100650000
780100660000
780100680000
780100700000
780100710000
780100720000
780100770000
780100780000
780100790000
780100810000
780100820000
780100830000
780100840000
780100850000
780100860000
780100870000
780100890000
780100900000
780100910000
780100920000
780100930000
780100940000
780100950000
780100960000
780100970000
780100990000
780101000000
780101010000
780101020000
780110080000
780110090000
780110100000
780110120000
780110130000
780110140000
780110150000
780110160000
780110170000
780110180000
780110190000
780110200000
780110210000
780110220000
780110230000
780110240000
780110250000
780110260000
780110270000
780110280000
780110290000
780110300000
780110310000
780110320000
780110330000
780110340000
780110350000
780110360000
780110370000
780110380000
780110390000
780110400000
780110410000
780110420000
780110430000
780110440000
780110450000
780110460000
780110470000
780110480000
780110490000
780110500000
780110510000
780110520000
780110530000
780110540000
780110550000
780120010000
780120020000
780120040000
780120060000
780120070000
780120080000
780120130000
780120140000
780120170000
780120270000
780120310000
780120320000
780120330000
780120340000
780120350000
780120360000
780120370000
780120390000
780120400000
780120410000
780120430000
780120450000
780120460000
780120470000
780120480000
780120500000
780120510000
780120540000
780120550000
780120570000
780120580000
780120610000
780120620000
780120630000
780120650000
780120690000
780120740000
780120750000
780120760000
780120770000
780120780000
780120790000
780120800000
780120810000
780120820000
780120830000
780120850000
780120860000
780120870000
780120880000
780120890000
780120900000
780120910000
780120920000
780120930000
780120940000
780120960000
780120980000
780121010000
780121030000
780121050000
780121060000
780130020000
780130030000
780130130000
780130200000
780130420000
780130430000
780140010000
780140030000
780140040000
780140050000
780140060000
780140070000
780140080000
780140090000
780140100000
780140110000
780140120000
780140130000
780140150000
780140160000
780140190000
780140200000
780140210000
780140220000
780140230000
780140240000
780140250000
780140270000
780140280000
780140290000
780140300000
780140320000
780140330000
780140340000
780140350000
780140360000
780140370000
780140380000
780140390000
780140400000
780140410000
780140430000
780140440000
780140450000
780140480000
780140490000
780140500000
780140510000
780140520000
780140530000
780140540000
780140550000
780140560000
780140620000
780140630000
780140640000
780140650000
780140660000
780140670000
780140680000
780140690000
780140700000
780140710000
780140720000
780140740000
780140750000
780140760000
780140770000
780140780000
780140790000
780140800000
780140810000
780140820000
780140830000
780140840000
780140850000
780140860000
780140880000
780140890000
780140900000
780140930000
780140950000
780140960000
780150010000
780150020000
780150030000
780150040000
780150050000
780150060000
780150070000
780150080000
780150090000
780150100000
780150110000
780150120000
780150130000
780150140000
780150150000
780150160000
780150170000
780150180000
780150190000
780150200000
780150210000
780150220000
780150230000
780150240000
780150250000
780150260000
780150270000
780150280000
780150290000
780150300000
780150310000
780150320000
780150330000
780150340000
780150350000
780150360000
780150370000
780150380000
780150390000
780150400000
780150410000
780150420000
780150430000
780150440000
780150450000
780150460000
780150470000
780150480000
780150490000
780150500000
780150510000
780150520000
780150530000
780150540000
780150550000
780150560000
780160010000
780160020000
780160030000
780160040000
780160050000
780160060000
780160070000
780160090000
780160110000
780160120000
780160130000
780160140000
780160150000
780160160000
780160170000
780160180000
780160190000
780160200000
780160210000
780160220000
780160230000
780160240000
780160250000
780160260000
780160270000
780160280000
780160290000
780160300000
780160310000
780160320000
780160330000
780160340000
780160350000
780160360000
780160370000
780160380000
780160390000
780160400000
780170010000
780170020000
780170030000
780170040000
780170060000
780170070000
780170080000
780170090000
780170100000
780170110000
780170120000
780170130000
780170140000
780170150000
780170160000
780170170000
780170180000
780170190000
780170200000
780170210000
780170220000
780170230000
780170240000
780170250000
780170260000
780170270000
780170280000
780170290000
780170300000
780170310000
780180010000
780180020000
780180030000
780180040000
780180050000
780180060000
780180070000
780180080000
780180090000
780180100000
780180110000
780180120000
780180130000
780180140000
780180150000
780180160000
780180170000
780180180000
780180190000
780180200000
780180210000
780180220000
780180230000
780180240000
780180250000
780180260000
780180270000
780180280000
780180290000
780180300000
780180310000
780180320000
780180330000
780180340000
780190010000
780190020000
780190030000
780190040000
780190050000
780190060000
780190070000
780190080000
780190090000
780190100000
780190110000
780190120000
780190130000
780190140000
780190150000
780190160000
780190170000
780190180000
780190190000
780190200000
780190210000
780190220000
780190230000
780190240000
780190250000
780190260000
780190270000
780190280000
780190290000
780190320000
780190330000
780200010000
780200020000
780200030000
780200040000
780200050000
780200060000
780200070000
780200080000
780200090000
780200100000
780200110000
780200120000
780200130000
780200140000
780200150000
780200160000
780200170000
780200180000
780200190000
780200200000
780200210000
780200220000
780200230000
780200240000
780200250000
780200260000
780200280000
780210010000
780210020000
780210030000
780210040000
780210050000
780210060000
780210070000
780210080000
780210090000
780210100000
780210110000
780210120000
780210130000
780210140000
780210150000
780210160000
780210170000
780210180000
780210190000
780210200000
780210210000
780210220000
780210230000
780210240000
780210250000
780210260000
780210270000
780210280000
780210290000
780210300000
780210310000
780210320000
780210330000
780210340000
780210350000
780210360000
780210370000
780210380000
780210390000
780210400000
780210410000
780210420000
780210430000
780210440000
780210450000
780210460000
780210470000
780210480000
780210490000
780210500000
780210510000
780210520000
780210530000
780210540000
780210550000
780210560000
780210570000
780210580000
780210590000
780210600000
780210610000
780210620000
780210630000
780210640000
780210650000
780210660000
780210670000
780210680000
780210690000
780210700000
780210710000
780210720000
780210730000
780210740000
780210750000
780210760000
780210770000
780210780000
780210790000
780210800000
780210810000
780210820000
780210830000
780210840000
780210860000
780210880000
780210890000
780210900000
780210910000
780210920000
780210930000
780210940000
780210950000
780210960000
780210970000
780210980000
780210990000
780211000000
780211010000
780211020000
780211030000
780211040000
780211050000
780211060000
780211070000
780211080000
780211090000
780211100000
780211110000
780211120000
780211130000
780211140000
780211150000
780211160000
780211170000
780211180000
780211190000
780211200000
780211210000
780211220000
780211230000
780211240000
780211250000
780211260000
780211270000
780211280000
780211290000
780211300000
780211310000
780211320000
780211330000
780211340000
780211350000
780211360000
780211370000
780211380000
780220010000
780220020000
780220030000
780220040000
780220050000
780220060000
780220070000
780220080000
780220090000
780220100000
780220110000
780220120000
780220130000
780220140000
780220150000
780220160000
780220170000
780220180000
780220190000
780220200000
780220210000
780220220000
780220230000
780220240000
780220250000
780220260000
780220270000
780220280000
780220290000
780220300000
780220310000
780220320000
780220330000
780220340000
780220350000
780220360000
780220370000
780220380000
780220390000
780220400000
780220410000
780220420000
780220430000
780220440000
780220450000
780220460000
780220470000
780220480000
780220490000
780220500000
780220510000
780220520000
780220530000
780220540000
780220550000
780230010000
780230020000
780230030000
780230040000
780230050000
780230060000
780230070000
780230080000
780230090000
780230100000
780230110000
780230120000
780230130000
780230140000
780230150000
780230160000
780230170000
780230180000
780230190000
780230200000
780230210000
780230220000
780230230000
780230240000
780230250000
780230260000
780230270000
780230280000
780230290000
780230300000
780230310000
780230320000
780230330000
780230340000
780230350000
780230360000
780230370000
780230380000
780230390000
780230400000
780230410000
780230420000
780230430000
780230440000
790010010000
790010020000
790010030000
790010040000
790010050000
790010060000
790010070000
790010080000
790010090000
790010100000
790010110000
790010120000
790010130000
790010140000
790010150000
790010160000
790010170000
790010180000
790010190000
790010200000
790010210000
790010220000
790010230000
790010240000
790010250000
790010260000
790010270000
790010280000
790010290000
790010300000
790010310000
790010320000
790010330000
790010340000
790010350000
790010360000
790010370000
790010380000
790010390000
790010400000
790010410000
790010420000
790010430000
790020010000
790020020000
790020030000
790020040000
790020050000
790020060000
790020070000
790020080000
790020090000
790020100000
790020110000
790020120000
790020130000
790020140000
790020150000
790020160000
790020170000
790020180000
790020190000
790020200000
790020210000
790020220000
790020230000
790020240000
790020250000
790020260000
790020270000
790020280000
790020290000
790030010000
790030020000
790030030000
790030040000
790030050000
790030060000
790030070000
790030080000
790030090000
790030100000
790030110000
790030120000
790030130000
790030140000
790030150000
790030160000
790030170000
790030180000
790030190000
790030200000
790030210000
790030220000
790030230000
790030240000
790030260000
790030270000
790030280000
790030290000
790030300000
790030310000
790030320000
790030330000
790030340000
790030350000
790030360000
790030370000
790030380000
790030390000
790030400000
790030410000
790030420000
790030430000
790030450000
790030460000
790030470000
790030480000
790030490000
790030500000
790030510000
790030520000
790030530000
790030540000
790030550000
790030560000
790030570000
790030580000
790030590000
790030600000
790030610000
790030620000
790030630000
790030640000
790030650000
790030660000
790030670000
790030680000
790030690000
790030700000
790030710000
790030720000
790030730000
790030740000
790030750000
790030760000
790030770000
790030780000
790030790000
790040040000
790040050000
790040060000
790040070000
790040080000
790040090000
790040100000
790040120000
790040130000
790040140000
790040150000
790040160000
790040170000
790040180000
790040190000
790040200000
790040210000
790040240000
790040280000
790040290000
790040300000
790040310000
790040320000
790040330000
790040340000
790040350000
790040360000
790040370000
790040380000
790050010000
790050020000
790050030000
790050040000
790050050000
790050060000
790050070000
790050080000
790050090000
790050100000
790050110000
790050120000
790050130000
790050140000
790050150000
790050160000
790050380000
790050390000
790050400000
790050600000
790050750000
790050760000
790050770000
790050780000
790050790000
790050800000
790050820000
790050830000
790050840000
790050850000
790050860000
790050870000
790050880000
790060020000
790060030000
790060040000
790060050000
790060070000
790060090000
790060100000
790060110000
790060120000
790060130000
790060140000
790060150000
790060190000
790060210000
790060220000
790060250000
790060320000
790060330000
790060340000
790060350000
790060360000
790060370000
790070030000
790070050000
790070060000
790070070000
790070080000
790070090000
790070100000
790070110000
790070120000
790070130000
790070140000
790070170000
790070180000
790070190000
790070200000
790070220000
790070230000
790070240000
790070250000
790070260000
790070270000
790070280000
790070290000
790070300000
790070330000
790070340000
790070350000
790070360000
790070370000
790070380000
790070390000
790070400000
790070410000
790070420000
790070430000
790070440000
790070450000
790070460000
790070470000
790070480000
790070490000
790070500000
790070510000
790070520000
790070530000
790070540000
790070550000
790070560000
790070580000
790070590000
790070600000
790070610000
790070620000
790070630000
790070640000
790070650000
790070660000
790070680000
790070690000
790070700000
790070710000
790070720000
790070730000
790070740000
790080010000
790080020000
790080030000
790080040000
790080060000
790080070000
790080080000
790080100000
790080110000
790080130000
790080140000
790080150000
790080160000
790080170000
790080180000
790080190000
790080200000
790080210000
790080220000
790080230000
790080240000
790080250000
790080260000
790080270000
790090010000
790090020000
790090030000
790090040000
790090050000
790090060000
790090070000
790090080000
790090090000
790090100000
790090110000
790090120000
790090130000
790090140000
790090150000
790090170000
790090180000
790090190000
790090200000
790090210000
790090220000
790090240000
790090250000
790090260000
790090270000
790090280000
790090290000
790090300000
790090310000
790090320000
790090330000
790090340000
790090350000
790090360000
790090370000
790090380000
790090390000
790090400000
790090410000
790090420000
790090430000
790090440000
790090450000
790090460000
790090470000
790090480000
790090490000
790090500000
790090510000
790090520000
790090530000
790090540000
790090550000
790100010000
790100040000
790100050000
790100060000
790100070000
790100080000
790100090000
790100100000
790100110000
790100120000
790100130000
790100140000
790100150000
790100160000
790100170000
790100200000
790100210000
790100260000
790100270000
790100280000
790100290000
790100300000
790100310000
790100320000
790100330000
790100340000
790100350000
790100360000
790100370000
790100380000
790100390000
790100400000
790100410000
790100420000
790100430000
790100440000
790100450000
790100460000
790100470000
790100480000
790100490000
790100500000
790100510000
790100520000
790100530000
790100540000
790100550000
790100560000
790100570000
790100580000
790100590000
790100600000
790100610000
790100620000
790100640000
790100650000
790100660000
790100670000
790100680000
790100690000
790100700000
790100710000
790100720000
790100730000
790100740000
790100750000
790100760000
790100770000
790100780000
790100790000
790100800000
790100810000
790100820000
790100830000
790100840000
790100850000
790100860000
790100870000
790100880000
790100890000
790100900000
790100910000
790100920000
790100930000
790100940000
790100950000
790110010000
790110020000
790110030000
790110040000
790110050000
790110060000
790110070000
790110080000
790110090000
790110100000
790110110000
790110120000
790110130000
790110140000
790110160000
790110170000
790110180000
790110190000
790110200000
790110210000
790110220000
790110230000
790110240000
790110250000
790110260000
790110270000
790110280000
790110290000
790110300000
790110310000
790110320000
790110330000
790110340000
790110350000
790110360000
790110370000
790110380000
790110390000
790110400000
790110410000
790110420000
790110430000
790120030000
790120040000
790120050000
790120060000
790120070000
790120080000
790120090000
790120110000
790120120000
790120130000
790120140000
790120260000
790120270000
790120280000
790120290000
790120300000
790120310000
790120320000
790120330000
790130010000
790130020000
790130030000
790130040000
790130050000
790130060000
790130070000
790130080000
790130090000
790130100000
790130110000
790130120000
790130130000
790130140000
790130160000
790130170000
790130180000
790140010000
790140020000
790140030000
790140040000
790140060000
790140070000
790140080000
790140090000
790140100000
790140110000
790140120000
790140130000
790140140000
790140160000
790140190000
790140200000
790140210000
790140220000
790140230000
790140240000
790140250000
790140260000
790140270000
790140280000
790140290000
790140300000
790140310000
790140320000
790140330000
790140340000
790140350000
790140410000
790140420000
790140430000
790140440000
790140450000
790140460000
790140470000
790150010000
790150020000
790150030000
790150040000
790150050000
790150060000
790150070000
790150080000
790150090000
790150100000
790150110000
790150120000
790150130000
790150140000
790150150000
790150160000
790150170000
790150180000
790150190000
790150200000
790150210000
790150220000
790150230000
790150240000
790160010000
790160020000
790160040000
790160050000
790160060000
790160070000
790160080000
790160090000
790160100000
790160110000
790160120000
790160130000
790160140000
790160150000
790160160000
790160170000
790160180000
790160190000
790170010000
790170020000
790170030000
790170040000
790170050000
790170060000
790170070000
790170080000
790170090000
790170100000
790170110000
790170120000
790170130000
790170140000
790170150000
790170160000
790170170000
790170180000
790170190000
790170200000
790170210000
790170220000
790170230000
790170240000
790170250000
810010010000
810010100000
810010120000
810010160000
810010170000
810010180000
810010190000
810010200000
810010210000
810010260000
810010300000
810010310000
810020010000
810020020000
810020030000
810020040000
810020050000
810020060000
810020070000
810020080000
810020090000
810020100000
810020110000
810020120000
810020130000
810020140000
810020150000
810020160000
810020170000
810020180000
810020190000
810020200000
810020210000
810020220000
810020230000
810020240000
810020250000
810020260000
810020270000
810020280000
810020290000
810020300000
810020310000
810020320000
810020330000
810020340000
810020350000
810020360000
810020380000
810020390000
810020400000
810020410000
810020420000
810020440000
810020450000
810020460000
810020470000
810020480000
810020490000
810020510000
810020520000
810020530000
810020540000
810020550000
810020560000
810020570000
810020580000
810020590000
810020600000
810020610000
810020630000
810020640000
810020650000
810020660000
810020710000
810020730000
810020740000
810020750000
810020760000
810020770000
810020780000
810020790000
810020800000
810020810000
810020820000
810020830000
810020840000
810020850000
810020860000
810020870000
810020880000
810030010000
810030020000
810030030000
810030040000
810030050000
810030060000
810030150000
810030160000
810030170000
810030180000
810030190000
810030200000
810030210000
810030220000
810030230000
810030360000
810030370000
810030380000
810030390000
810030400000
810030410000
810030490000
810030570000
810030590000
810030610000
810030620000
810030640000
810030650000
810030660000
810030670000
810030680000
810030690000
810030700000
810030710000
810030720000
810030730000
810030750000
810030760000
810040010000
810040030000
810040040000
810040050000
810040060000
810040070000
810040080000
810040090000
810040110000
810040120000
810040130000
810040140000
810040150000
810040160000
810040170000
810040180000
810040190000
810040200000
810040350000
810040360000
810040370000
810040380000
810040390000
810040430000
810040450000
810040510000
810040520000
810040530000
810040540000
810040550000
810040570000
810040580000
810040640000
810040650000
810040680000
810040700000
810040740000
810040750000
810040760000
810040770000
810040780000
810040790000
810040800000
810040810000
810040820000
810040830000
810040840000
810040850000
810040860000
810040870000
810040890000
810040900000
810040920000
810040930000
810040940000
810040950000
810050010000
810050020000
810050030000
810050040000
810050070000
810050080000
810050090000
810050110000
810050130000
810050150000
810050160000
810050170000
810050180000
810050190000
810050200000
810050210000
810050220000
810050240000
810050250000
810050260000
810050270000
810050280000
810050290000
810050300000
810050310000
810050320000
810050330000
810060010000
810060020000
810060030000
810060040000
810060440000
810060470000
810060480000
810060490000
810060500000
810060510000
810060520000
810060530000
810060560000
810060570000
810060580000
810060590000
810060600000
810060610000
810060620000
810060630000
810060730000
810060740000
810060750000
810061080000
810061090000
810061100000
810061140000
810061150000
810061230000
810061240000
810061250000
810061260000
810061270000
810061280000
810061290000
810061300000
810061310000
810061320000
810061330000
810061340000
810061350000
810061360000
810061370000
810061380000
810061390000
810061400000
810061410000
810061420000
810061430000
810061440000
810061450000
810061460000
810061470000
810061480000
810061490000
810061690000
810061700000
810061710000
810061740000
810061750000
810061760000
810061880000
810061890000
810061910000
810061920000
810061930000
810070010000
810070020000
810070030000
810070050000
810070080000
810070100000
810070110000
810070120000
810070130000
810070140000
810070150000
810070170000
810070220000
810070350000
810070370000
810070380000
810070400000
810070410000
810070420000
810070430000
810070450000
810070460000
810070470000
810070480000
810070490000
810070500000
810070510000
810070520000
810070530000
810070540000
810070550000
810070560000
810070570000
810070580000
810070590000
810070600000
810070620000
810070630000
810080030000
810080040000
810080050000
810080150000
810080160000
810080170000
810080200000
810080210000
810080220000
810080230000
810090010000
810090020000
810090030000
810090040000
810090050000
810090060000
810090070000
810090080000
810090100000
810090110000
810090120000
810090130000
810090140000
810090150000
810090160000
810090170000
810090190000
810090200000
810090220000
810090230000
810090240000
810090250000
810090270000
810090280000
810090290000
810090300000
810090310000
810090320000
810090330000
810090340000
810090350000
810090360000
810090370000
810090380000
810090390000
810090400000
810090440000
810090450000
810090460000
810090470000
810090480000
810090500000
810090510000
810090530000
810090540000
810090550000
810090560000
810090570000
810100010000
810100020000
810100030000
810100040000
810100050000
810110010000
810110020000
810110030000
810110040000
810110050000
810110060000
810110070000
810110080000
810110090000
810110100000
810110110000
810110120000
810110130000
810110140000
810110160000
810120010000
810120020000
810120040000
810120050000
810120060000
810120070000
810120080000
810120090000
810120100000
810120110000
810120120000
810120130000
810120140000
810120150000
810120160000
810120170000
810120180000
810120190000
810120200000
810120210000
810120220000
810120230000
810120240000
810120250000
810120260000
810120270000
810120280000
810120290000
810120300000
810120310000
810120320000
810120330000
810120340000
810120350000
810120360000
810120370000
810120380000
810120390000
810120400000
810120410000
810120420000
810120430000
810120440000
810120450000
810120460000
810120470000
810120480000
810120490000
810120500000
810120510000
810120520000
810120540000
810120550000
810120560000
810130010000
810130020000
810130030000
810130040000
810130050000
810130060000
810130070000
810130080000
810130090000
810130100000
810130110000
810130120000
810130130000
810130140000
810130150000
810130160000
810130170000
810130180000
810130190000
810130200000
810130210000
810130220000
810130230000
810130240000
810130250000
810130260000
810130270000
810130290000
810130300000
810140030000
810140040000
810140050000
810140060000
810140070000
810140080000
810140090000
810140100000
810140110000
810140120000
810140130000
810140140000
810140150000
810140160000
810140170000
810140180000
810140190000
810140200000
810140210000
810140220000
810140230000
810140240000
810140250000
810140270000
810140280000
810140290000
810140300000
810140310000
810140320000
810140330000
810140340000
810140350000
810140360000
810140370000
810140380000
810140390000
810140400000
810140410000
810140420000
810140430000
810140440000
810140450000
810140460000
810140470000
810140480000
810150010000
810150020000
810150030000
810150040000
810150050000
810150060000
810150070000
810150080000
810150090000
810150100000
810150110000
810150120000
810150130000
810150140000
810150150000
810150160000
810150170000
810150180000
810150190000
810150200000
810150210000
810150220000
810150230000
810150240000
810150250000
810150260000
810150270000
810150280000
810150290000
810150300000
810150310000
810150320000
810150330000
810150340000
810150350000
810150360000
810150370000
810150380000
810150390000
810150400000
810150410000
810150420000
810150430000
810150440000
810150450000
810150460000
810150470000
810150480000
810150490000
810150500000
810150510000
810150530000
810160010000
810160020000
810160030000
810160040000
810160050000
810160060000
810160070000
810160080000
810160100000
810160110000
810160120000
810160130000
810160140000
810160150000
810160160000
810160170000
810160180000
810160190000
810160200000
810160210000
810160230000
810160240000
810160250000
810160260000
810160280000
810160290000
810160300000
810160310000
810160320000
810160330000
810160340000
810160350000
810160360000
810160370000
810160380000
810160390000
810160400000
810160410000
810160420000
810160430000
810160440000
810160450000
810160460000
810160470000
810160480000
810160490000
810170010000
810170020000
810170030000
810170040000
810170050000
810170060000
810170070000
810170080000
810170090000
810170100000
810170110000
810170120000
810170130000
810170140000
810170150000
810170160000
810180010000
810180020000
810180030000
810180040000
810180050000
810180060000
810180070000
810180080000
810180090000
810180100000
810180110000
810180120000
810180130000
810180140000
810180150000
810180160000
810180170000
810190010000
810190020000
810190030000
810190040000
810190050000
810190060000
810190070000
810190080000
810190090000
810190100000
810190110000
810190120000
810190130000
810190140000
810190150000
810190160000
810190170000
810190180000
810190190000
810190200000
810190210000
810190220000
810190230000
810190240000
810190250000
810190260000
810190270000
810190280000
810190290000
810190300000
810190310000
810190320000
810190330000
810190340000
810190350000
810190380000
810190390000
810190400000
810190410000
810190420000
810190430000
810190440000
810190450000
810190460000
810190470000
810190480000
810190490000
810190500000
810200010000
810200020000
810200030000
810200040000
810200050000
810200060000
810200070000
810200080000
810200090000
810200100000
810200110000
810200120000
810200130000
810200140000
810200150000
810200160000
810200170000
810200190000
810200200000
810200210000
810200220000
810200230000
810200240000
810200250000
810200260000
810200270000
810200280000
810200290000
810200300000
810200350000
810200360000
810200370000
810200380000
810200390000
810200400000
810200410000
810200420000
810200430000
810200440000
810200450000
810200460000
810200470000
810200480000
810200490000
810200500000
810200510000
810200520000
810200530000
810200540000
810200550000
810210010000
810210020000
810210030000
810210040000
810210050000
810210060000
810210070000
810210080000
810210090000
810210100000
810210110000
810210120000
810210130000
810210140000
810210150000
810210160000
810210170000
810210180000
810210190000
810210200000
810210210000
810210220000
810210230000
810210240000
810210250000
810210260000
810210270000
810210280000
810210290000
810210300000
810210310000
810210320000
810210330000
810210340000
810210350000
810210360000
810210370000
810210380000
810210390000
810210400000
810210410000
810220010000
810220020000
810220030000
810220040000
810220050000
810220060000
810220070000
810220080000
810220090000
810220100000
810220110000
810220120000
810220130000
810220140000
810220150000
810220160000
810220170000
810220180000
810220190000
810220200000
810220210000
810220220000
810220230000
810220240000
810220250000
810220260000
810220270000
810220280000
810220290000
810220300000
810220310000
810220320000
810220330000
810220340000
810220350000
810220360000
810220370000
810220380000
810220390000
810220400000
810220410000
810220420000
810220430000
810220440000
810220450000
810220460000
810220470000
810220480000
810220490000
810220500000
810220510000
810220520000
810220530000
810220540000
810220550000
810220560000
810220570000
810220580000
810220590000
810220600000
810220610000
810220620000
810220630000
810220640000
810220650000
810220660000
810220670000
810220680000
810220690000
810220700000
810220730000
810220740000
810220750000
810220760000
810220770000
810220780000
810220790000
810220800000
810220810000
810220820000
810220830000
810220840000
810220850000
810220860000
810220870000
810220880000
810220890000
810220900000
810220910000
810220920000
810220930000
810220940000
810220950000
810220960000
810220970000
810220980000
810220990000
810221000000
810221010000
810221020000
810221030000
810221040000
810221050000
810221060000
810221070000
810221080000
810221090000
810221100000
810221110000
810221120000
810221130000
810221140000
810221150000
810221160000
810221170000
810221180000
810221190000
810221200000
810221210000
810221220000
810221230000
810221240000
810221250000
810221260000
810221270000
810221280000
810230010000
810230020000
810230030000
810230040000
810230050000
810230060000
810230070000
810230080000
810230090000
810230100000
810230110000
810230120000
810230130000
810230140000
810230150000
810230160000
810230170000
810230180000
810230190000
810230200000
810230210000
810230220000
810230230000
810230240000
810230250000
810230260000
810230270000
810240010000
810240020000
810240030000
810240040000
810240050000
810240060000
810240070000
810240080000
810240090000
810240100000
810240110000
810240120000
810240130000
810240140000
810240150000
810240160000
810240170000
810240180000
810240190000
810240200000
810240210000
810240220000
810240230000
810240240000
810240250000
810240260000
810240270000
810240280000
810240290000
810240300000
810240310000
810250010000
810250080000
810250090000
810250100000
810250110000
810250120000
810250130000
810250140000
810250150000
810250160000
810250170000
810250180000
810250190000
810250200000
810250210000
810250220000
810250230000
810250240000
810250250000
810250260000
810250270000
810250280000
810250290000
810260010000
810260020000
810260030000
810260050000
810260060000
810260070000
810260080000
810260090000
810260110000
810260120000
810260130000
810260140000
810260150000
810260160000
810260170000
810260180000
810260190000
810260200000
810260210000
810260220000
810260230000
810260240000
810260250000
810260260000
810260270000
810260280000
810260290000
810260300000
810260310000
810260320000
810260330000
810260340000
810260350000
810260360000
810260370000
810260380000
810260390000
810260400000
810260410000
810260420000
810260430000
810260440000
810260450000
810260460000
810260470000
810260480000
810260490000
810260500000
810260510000
810260520000
810260530000
810260540000
810260550000
810260560000
810260570000
810270010000
810270020000
810270030000
810270040000
810270050000
810270060000
810270070000
810270080000
810270090000
810270100000
810270110000
810270120000
810270130000
810270140000
810270150000
810270160000
810270170000
810270180000
810270190000
810270200000
810270210000
810270220000
810270230000
810270240000
810270250000
810270260000
810270270000
810270280000
810270290000
810270300000
810270310000
810270320000
810270330000
810270340000
810270350000
810270360000
810270370000
810270380000
810270390000
810270400000
810270410000
810270420000
810270430000
810270440000
810280010000
810280020000
810280060000
810280070000
810280080000
810280090000
810280100000
810280110000
810280120000
810280130000
810280140000
810280150000
810280160000
810280170000
810280180000
810280190000
810280200000
810280210000
810280220000
810280230000
810280240000
810280250000
810280260000
810280270000
810280280000
810280290000
810280300000
810280310000
810280320000
810280330000
810280340000
810280350000
810280360000
810280370000
810280380000
810280390000
810280400000
810280410000
810280420000
810280430000
810280440000
810280450000
810280460000
810280470000
810290010000
810290020000
810290040000
810290050000
810290060000
810290070000
810290080000
810290090000
810290100000
810290110000
810290120000
810290130000
810290140000
810290150000
810290160000
810290170000
810290180000
810290190000
810290200000
810290210000
810290220000
810290230000
810290240000
810290250000
810290260000
810290270000
810290290000
810290300000
810290310000
810290320000
810290330000
810290340000
810290350000
810290360000
810290370000
810290380000
810290390000
810290400000
810290410000
810290420000
810290430000
810290440000
810290450000
810290460000
810290480000
810290490000
810290500000
810290510000
810290520000
810290530000
810290540000
810290550000
810290560000
810290570000
810290580000
810290590000
810290600000
810290620000
810290630000
810300010000
810300020000
810300030000
810300040000
810300050000
810300060000
810300070000
810300080000
810300090000
810300100000
810300110000
810300120000
810300130000
810300140000
810300150000
810300160000
810300170000
810300180000
810300190000
810300200000
810300210000
810300220000
810300230000
810300240000
810300250000
810300260000
810300270000
810300280000
810300290000
810300300000
810300310000
810300320000
810300330000
810300340000
810300350000
810300360000
810300370000
810300380000
810300390000
810300400000
810300410000
810300420000
810300430000
810300440000
810300450000
810300460000
810300470000
810300480000
810300490000
810300500000
810300510000
810300520000
810300530000
810300550000
810310010000
810310020000
810310030000
810310040000
810310050000
810310060000
810310070000
810310080000
810310090000
810310110000
810310120000
810310130000
810310140000
810310150000
810310160000
810310180000
810310190000
810310200000
810310210000
810310220000
810310230000
810320010000
810320020000
810320030000
810320040000
810320050000
810320060000
810320070000
810320080000
810320090000
810320100000
810320110000
810320130000
810320140000
810320150000
810320160000
810320170000
810320190000
810320200000
810320210000
810320220000
810320230000
810320240000
810320250000
810320260000
810320280000
810320290000
810320300000
810320310000
810320320000
810320330000
810320340000
810320350000
810320360000
810320380000
810320390000
810320400000
810320410000
810320420000
810320430000
810320440000
810320450000
810320460000
810320470000
810320480000
810320490000
810320500000
810320510000
810320520000
810320530000
810320540000
810320550000
810320560000
810320570000
810320580000
810320590000
810330010000
810330020000
810330030000
810330040000
810330050000
810330060000
810330070000
810330080000
810330090000
810330100000
810330110000
810330120000
810330130000
810330180000
810330190000
810330200000
810330210000
810330220000
810330230000
810330240000
810330250000
810340010000
810340020000
810340030000
810340040000
810340050000
810340060000
810340070000
810340080000
810340090000
810340100000
810340110000
810340120000
810340130000
810340140000
810340150000
810340160000
810340170000
810340180000
810340190000
810340200000
810340210000
810340220000
810340230000
810340240000
810340260000
810340270000
810350010000
810350020000
810350030000
810350050000
810350060000
810350070000
810350080000
810360010000
810360020000
810360040000
810360050000
810360060000
820010010000
820010020000
820010050000
820010060000
820010070000
820010080000
820010100000
820010110000
820010120000
820010130000
820010140000
820010150000
820010160000
820010170000
820010180000
820010190000
820010200000
820010210000
820010220000
820010230000
820010240000
820010250000
820010260000
820010270000
820010320000
820010330000
820010340000
820010350000
820010360000
820010370000
820010380000
820010390000
820010400000
820010410000
820010420000
820010430000
820010440000
820010450000
820010460000
820010470000
820010490000
820010570000
820010580000
820010590000
820010600000
820010610000
820010620000
820010630000
820010640000
820010650000
820010660000
820010700000
820010710000
820010720000
820010730000
820010740000
820010750000
820010760000
820010770000
820010780000
820010790000
820010800000
820010810000
820010820000
820010840000
820010850000
820010890000
820010900000
820010910000
820010920000
820010930000
820010940000
820010950000
820010960000
820010970000
820010980000
820010990000
820011000000
820011010000
820011050000
820011060000
820011070000
820011080000
820011090000
820011100000
820011110000
820011120000
820011130000
820011140000
820011150000
820011160000
820011170000
820011180000
820011190000
820011200000
820011210000
820011220000
820011230000
820011240000
820011250000
820011260000
820011270000
820011280000
820011290000
820011300000
820011310000
820011320000
820011330000
820011340000
820011350000
820011360000
820011370000
820011380000
820011390000
820011400000
820011410000
820011420000
820011430000
820011440000
820011450000
820011460000
820011470000
820011480000
820011490000
820011500000
820011510000
820011520000
820011530000
820011540000
820011550000
820011560000
820011570000
820011580000
820020010000
820020020000
820020310000
820020320000
820020330000
820020360000
820020370000
820020380000
820020390000
820020400000
820020490000
820020500000
820020510000
820020520000
820020530000
820020540000
820020550000
820020560000
820020570000
820020580000
820030010000
820030020000
820030030000
820030040000
820030050000
820030060000
820030070000
820030080000
820030090000
820030100000
820030110000
820030120000
820030130000
820030160000
820030170000
820030180000
820030190000
820030200000
820030210000
820030220000
820030230000
820030240000
820030250000
820030260000
820030270000
820030280000
820030290000
820030300000
820030310000
820030320000
820030330000
820030340000
820030350000
820030360000
820030370000
820030380000
820030390000
820030400000
820030410000
820030420000
820040010000
820040020000
820040030000
820040040000
820040050000
820040060000
820040070000
820040080000
820040090000
820040100000
820040110000
820040120000
820040130000
820040140000
820040150000
820040160000
820040170000
820040180000
820040190000
820040200000
820040210000
820050010000
820050020000
820050030000
820050040000
820050050000
820050060000
820050070000
820050080000
820050090000
820050100000
820050110000
820050120000
820050130000
820050140000
820050150000
820050160000
820050170000
820050180000
820050190000
820050200000
820050210000
820050220000
820050230000
820050240000
820050250000
820050260000
820050270000
820050280000
820050290000
820050320000
820050330000
820050340000
820060010000
820060020000
820060030000
820060040000
820060050000
820060060000
820060070000
820060080000
820060090000
820060100000
820060110000
820060120000
820060130000
820060140000
820060150000
820060160000
820060170000
820060180000
820060190000
820060200000
820060210000
820060220000
820060230000
820060240000
820060250000
820060270000
820060280000
820060290000
820060300000
820060310000
820060320000
820060330000
820060340000
820060350000
820060360000
820060370000
820070020000
820070030000
820070040000
820070050000
820070060000
820070090000
820070100000
820070110000
820080010000
820080020000
820080040000
820080050000
820080070000
820080080000
820080090000
820080110000
820080120000
820080130000
820080140000
820080150000
820080160000
820080170000
820080180000
820080190000
820080200000
820080210000
820080220000
820080230000
820080240000
820080250000
820080260000
820080270000
820080280000
820080290000
820080300000
820080310000
820080330000
820080340000
820080350000
820080360000
820080370000
820080380000
820080390000
820080400000
820080410000
820080420000
820080430000
820080460000
820080480000
820080490000
820080500000
820080510000
820080520000
820080530000
820080540000
820080550000
820080560000
820080570000
820080580000
820080590000
820080600000
820080610000
820080620000
820080630000
820080640000
820080650000
820080660000
820080670000
820080680000
820080690000
820080700000
820080710000
820080720000
820080730000
820080740000
820080750000
820080760000
820080770000
820080780000
820080790000
820080800000
820080810000
820080820000
820080830000
820080840000
820080850000
820080860000
820080870000
820090010000
820090020000
820090030000
820090040000
820090050000
820090060000
820090070000
820090080000
820090090000
820090100000
820090120000
820090130000
820090140000
820090160000
820090170000
820090180000
820090190000
820090200000
820090210000
820090220000
820090230000
820090240000
820090250000
820090260000
820090270000
820090290000
820090300000
820090310000
820090320000
820090330000
820090340000
820090350000
820090360000
820090370000
820090380000
820090390000
820090400000
820090410000
820090420000
820090430000
820090440000
820090450000
820090460000
820090470000
820090480000
820090490000
820090500000
820090510000
820090520000
820090530000
820090540000
820090550000
820090560000
820090570000
820090580000
820090590000
820090600000
820090610000
820090620000
820090630000
820090640000
820090650000
820090660000
820090670000
820090680000
820090690000
820090700000
820090710000
820090720000
820090730000
820090740000
820090750000
820090760000
820090770000
820090780000
820090790000
820090800000
820090810000
820090820000
820090830000
820090840000
820090850000
820090860000
820090870000
820090880000
820090890000
820090900000
820090910000
820090920000
820090930000
820090940000
820090950000
820090960000
820090970000
820090980000
820090990000
820091000000
820091010000
820091020000
820091030000
820091040000
820091050000
820091060000
820091070000
820091080000
820091090000
820091100000
820091110000
820091120000
820091130000
820091140000
820091150000
820091160000
820091170000
820091180000
820091190000
820091200000
820091210000
820091220000
820091230000
820091240000
820091250000
820091260000
820091270000
820091280000
820100010000
820100020000
820100030000
820100040000
820100050000
820100060000
820100070000
820100090000
820100100000
820100110000
820100130000
820100140000
820100150000
820100160000
820100170000
820100180000
820100190000
820100200000
820100210000
820100220000
820100230000
820100240000
820100250000
820100260000
820100270000
820100280000
820100290000
820100300000
820100310000
820100320000
820100330000
820100340000
820100350000
820100360000
820100370000
820100380000
820100390000
820100400000
820100410000
820100420000
820100430000
820100450000
820100460000
820100470000
820100480000
820100490000
820100500000
820100510000
820100520000
820100530000
820100540000
820100550000
820100560000
820100570000
820100580000
820100590000
820100600000
820100610000
820100620000
820100630000
820100640000
820100650000
820100660000
820100670000
820100680000
820100690000
820100700000
820100710000
820110010000
820110030000
820110040000
820110050000
820110060000
820110070000
820110080000
820110090000
820110100000
820110110000
820110120000
820110130000
820110140000
820110150000
820110160000
820110170000
820110180000
820110190000
820110200000
820110210000
820110220000
820110240000
820110250000
820110260000
820110270000
820110280000
820110290000
820110300000
820110310000
820110320000
820110330000
820120010000
820120120000
820120130000
820120140000
820120150000
820130020000
820130030000
820130050000
820130070000
820130080000
820130090000
820130100000
820130110000
820130120000
820130130000
820130140000
820130150000
820130160000
820130170000
820130190000
820130200000
820130210000
820130220000
820130230000
820130240000
820130250000
820130260000
820130270000
820130280000
820130290000
820130300000
820130310000
820130320000
820130330000
820130340000
820130350000
820130360000
820130370000
820130380000
820130390000
820130400000
820130410000
820130420000
820140010000
820140020000
820140030000
820140040000
820140050000
820140060000
820140070000
820140080000
820140090000
820140100000
820140110000
820140120000
820140130000
820140140000
820140150000
820140160000
820140170000
820140180000
820140190000
820140200000
820140210000
820140220000
820140230000
820140240000
820140250000
820140260000
820140270000
820140280000
820140290000
820140300000
820140310000
820140320000
820140330000
820140350000
820140360000
820140370000
820140380000
820140390000
820140400000
820140410000
820140420000
820140430000
820140440000
820150010000
820150040000
820150050000
820150060000
820150070000
820150080000
820150090000
820150100000
820150120000
820150130000
820150140000
820150150000
820150160000
820150170000
820150180000
820150190000
820150200000
820150220000
820150230000
820150240000
820150250000
820150260000
820150290000
820150300000
820150310000
820150330000
820150340000
820150350000
820150360000
820150370000
820150380000
820150390000
820150400000
820150410000
820150420000
820150430000
820150440000
820150450000
820150460000
820150470000
820150480000
820150490000
820150500000
820150510000
820150520000
820150530000
820150540000
820150550000
820150560000
820150570000
820150580000
820150590000
820150600000
820150610000
820150620000
820150630000
820150640000
820150690000
820150700000
820150710000
820150730000
820150740000
820150750000
820150760000
820150770000
820150780000
820150790000
820150800000
820150810000
820150820000
820150830000
820150840000
820150850000
820150860000
820150870000
820150880000
820150890000
820150900000
820150910000
820150920000
820150930000
820150940000
820150950000
820150960000
820150970000
820150980000
820150990000
820151000000
820151010000
820151020000
820151030000
820151040000
820151050000
820151060000
820151070000
820151080000
820151090000
820151100000
820151110000
820151120000
820151130000
820151140000
820151150000
820151160000
820151170000
820151180000
820151190000
820160010000
820160020000
820160030000
820160040000
820160050000
820160060000
820160070000
820160080000
820160090000
820160100000
820160110000
820160120000
820160130000
820160140000
820160150000
820160160000
820160170000
820160180000
820160190000
820160200000
820160210000
820160220000
820160230000
820160240000
820160250000
820160260000
820160270000
820160280000
820160290000
820160300000
830010010000
830010020000
830010030000
830020010000
830020020000
830020030000
830020040000
830020050000
830020070000
830020080000
830020090000
830020100000
830020110000
830020120000
830020130000
830020140000
830020150000
830020160000
830020240000
830020250000
830020260000
830030010000
830030050000
830030060000
830030070000
830030080000
830030090000
830030100000
830030110000
830030120000
830030130000
830030140000
830030150000
830030160000
830030170000
830030180000
830030190000
830030210000
830030270000
830030280000
830030290000
830030300000
830030310000
830030320000
830030330000
830030340000
830030350000
830030360000
830030370000
830040010000
830040020000
830040030000
830040040000
830040050000
830040070000
830040080000
830040090000
830040100000
830040110000
830040120000
830040130000
830050010000
830050030000
830050050000
830050060000
830050070000
830050080000
830050090000
830050100000
830050110000
830050120000
830050130000
830050140000
830050150000
830050160000
830050170000
830050180000
830050190000
830050200000
830050210000
830060010000
830060020000
830060030000
830060040000
830060050000
830060060000
830060070000
830060080000
830060090000
830060100000
830060110000
830060120000
830060130000
830060140000
830060150000
830060160000
830060170000
830060180000
830060190000
830060200000
830060210000
830060220000
830060230000
830060250000
830060270000
830060280000
830060290000
830060300000
830060310000
830060320000
830060330000
830060340000
830060350000
830060360000
830060370000
830060380000
830060390000
830070010000
830070020000
830070030000
830070040000
830070050000
830070060000
830070070000
830070080000
830070090000
830070110000
830070120000
830070130000
830070140000
830070150000
830070160000
830070170000
830070180000
830070200000
830070210000
830070220000
830070230000
830070240000
830070250000
830070260000
830070270000
830070280000
830070290000
830070300000
830070310000
830070320000
830070330000
830070340000
830070350000
830070360000
830070370000
830070380000
830070390000
830070400000
830070410000
830070420000
830070430000
830070440000
830070450000
830070460000
830070470000
830070480000
830070490000
830070500000
830070510000
830070520000
830070530000
830070540000
830070550000
830070560000
830070570000
830070580000
830070590000
830070600000
830070610000
830070620000
830080010000
830080020000
830080030000
830080040000
830080050000
830080060000
830080070000
830080080000
830080090000
830080100000
830080110000
830080120000
830080130000
830080140000
830080150000
830080160000
830080170000
830080180000
830080190000
830080200000
830080210000
830080220000
830080230000
830080240000
830080250000
830080260000
830080270000
830080280000
830080290000
830080300000
830080310000
830080320000
830080330000
830080340000
830080350000
830080360000
830080370000
830080380000
830080390000
830080400000
830080410000
830080420000
830080430000
830080440000
830080450000
830080460000
830080470000
830080480000
830080490000
830080500000
830080510000
830080520000
830080530000
830080540000
830080550000
830080560000
830080570000
830080580000
830080590000
830080600000
830080610000
830080620000
830080630000
830080640000
830080650000
830080660000
830080670000
830080690000
830080700000
830080710000
830080720000
830090010000
830090030000
830090040000
830090050000
830090060000
830090070000
830090080000
830090090000
830090100000
830090110000
830090120000
830090130000
830090140000
830090150000
830090160000
830090170000
830090180000
830090190000
830090200000
830090210000
830090220000
830090230000
830090240000
830090250000
830090260000
830090270000
830090280000
830090290000
830090300000
830090310000
830090320000
830090330000
830090340000
830090350000
830090360000
830090370000
830090380000
830090390000
830090400000
830090410000
830090420000
830090430000
830090440000
830090450000
830090460000
830090470000
830090480000
830090490000
830090500000
830090510000
830090520000
830090530000
830090540000
830090560000
830090570000
830090590000
830090600000
830090610000
830090620000
830090640000
830090650000
830090660000
830090670000
830090680000
830090690000
830090700000
830090720000
830090730000
830100010000
830100030000
830100040000
830100050000
830100060000
830100070000
830100080000
830100090000
830100100000
830100110000
830100120000
830100130000
830100140000
830100150000
830100160000
830100170000
830100180000
830100190000
830100200000
830100210000
830100220000
830100230000
830100240000
830100250000
830100260000
830100270000
830100280000
830100290000
830100300000
830100310000
830100320000
830100340000
830100350000
830100370000
830100380000
830100390000
830100400000
830100410000
830100420000
830100430000
830100440000
830100450000
830100460000
830100470000
830100480000
830100490000
830100500000
830100510000
830100520000
830100530000
830100540000
830100550000
830100560000
830100570000
830100580000
830100590000
830100600000
830100610000
830100620000
830100630000
830100640000
830100650000
830100660000
830100670000
830100680000
830100690000
830100700000
830100710000
830100720000
830100730000
830100740000
830100750000
830100760000
830100770000
830100780000
830100790000
830100800000
830100810000
830100820000
830100830000
830100840000
830100850000
830100860000
830100870000
830100880000
830100890000
830100900000
830100910000
830100920000
830100930000
830100940000
830100950000
830100960000
830110020000
830110030000
830110040000
830110050000
830110070000
830110080000
830110090000
830110100000
830110110000
830110120000
830110140000
830110160000
830110170000
830110180000
830110190000
830110200000
830110210000
830110220000
830110230000
830110270000
830110280000
830110290000
830110300000
830110310000
830110320000
830110330000
830110350000
830110360000
830110370000
830110380000
830110390000
830110400000
830110420000
830110430000
830110440000
830110450000
830110460000
830110470000
830110480000
830110490000
830110500000
830110510000
830120010000
830120020000
830120030000
830120050000
830120060000
830120070000
830120080000
830120090000
830120100000
830120110000
830120120000
830120130000
830120140000
830120150000
830120160000
830120170000
830120180000
830120190000
830120200000
830120210000
830120220000
830120230000
830120240000
830120250000
830120260000
830120270000
830120280000
830120290000
830120300000
830120310000
830120320000
830120330000
830120340000
830120350000
830120360000
830120380000
830120390000
830130010000
830130020000
830130030000
830130040000
830130050000
830130060000
830130070000
830130080000
830130100000
830130110000
830130120000
830130130000
830130140000
830130150000
830130160000
830130180000
830130190000
830130200000
830130210000
830130220000
830130230000
830130240000
830130250000
830130260000
830130270000
830130280000
830130290000
830130300000
830130310000
830130320000
830130330000
830130340000
830130350000
830130360000
830130370000
830130380000
830130390000
830130400000
830130410000
830130420000
830130430000
830130440000
830130450000
830130460000
830130470000
830130480000
830130490000
830130500000
830130510000
830130520000
830130530000
830130540000
830130550000
830130560000
830130570000
830130580000
830130590000
830130600000
830130610000
830130620000
830130630000
830130640000
830130650000
830130660000
830130670000
830130680000
830130690000
830130700000
830130710000
830130720000
830130730000
830130740000
830130750000
830130760000
830130770000
830130780000
830130790000
830130800000
830130810000
830130820000
830130830000
830136660000
830140010000
830140020000
830140030000
830140040000
830140050000
830140060000
830140070000
830140080000
830140090000
830140100000
830140110000
830140120000
830140130000
830140140000
830140150000
830140160000
830140170000
830140180000
830140190000
830140200000
830140210000
830140220000
830140230000
830140240000
830140250000
830140260000
830140270000
830140280000
830140290000
830140300000
830140310000
830140320000
830140330000
830140340000
830140350000
830140360000
830150010000
830150020000
830150040000
830150050000
830150060000
830150070000
830150080000
830150090000
830150100000
830150110000
830150120000
830150130000
830150140000
830150150000
830150160000
830150170000
830150180000
830150190000
830150200000
830150210000
830150220000
830150230000
830150240000
830150250000
830150260000
830150270000
830150280000
830150290000
830150300000
830150310000
830150320000
830150330000
830150340000
830150350000
830150360000
830150370000
830150380000
830150390000
830150400000
830150410000
830150420000
830150430000
830150440000
830150450000
830150460000
830150470000
830150480000
830150490000
830150500000
830150510000
830150520000
830150530000
830160010000
830160020000
830160030000
830160040000
830160050000
830160060000
830160070000
830160080000
830160090000
830160100000
830160110000
830160120000
830160130000
830160140000
830160150000
830160160000
830160170000
830160180000
830160190000
830160200000
830160210000
830160220000
830160230000
830160240000
830160250000
830160260000
830160270000
830160280000
830160290000
830160300000
830160310000
830160320000
830160330000
830160340000
830160350000
830160360000
830160370000
830160380000
830160390000
830160400000
830160410000
830160420000
830160430000
830160440000
830160450000
830160460000
830160470000
830160480000
830160490000
830160500000
830160510000
830160520000
830160530000
830160540000
830160550000
830160560000
830160570000
830160580000
840010010000
840010020000
840010030000
840010040000
840020020000
840020030000
840020050000
840020060000
840020070000
840020090000
840020120000
840020200000
840020210000
840020220000
840030020000
840030030000
840030040000
840030050000
840030060000
840030070000
840030080000
840030090000
840030100000
840030110000
840030120000
840030130000
840030140000
840030250000
840030410000
840040010000
840040020000
840040030000
840040050000
840040060000
840040070000
840040080000
840040090000
840040100000
840040110000
840040120000
840040130000
840040140000
840040150000
840040160000
840040170000
840040180000
840040190000
840040200000
840040210000
840040220000
840040230000
840040240000
840040250000
840040260000
840040270000
840040280000
840040290000
840040300000
840040310000
840040320000
840040330000
840040350000
840040360000
840040370000
840040380000
840040390000
840040400000
840040410000
840050010000
840050020000
840050030000
840050040000
840050050000
840050060000
840050070000
840050080000
840050090000
840050100000
840050110000
840050120000
840050130000
840050140000
840050160000
840050170000
840050190000
840050200000
840050210000
840050220000
840050230000
840050240000
840050250000
840050270000
840050280000
840050290000
840050300000
840050310000
840050320000
840050330000
840050350000
840050360000
840050370000
840050380000
840050390000
840050400000
840050410000
840050420000
840050430000
840050440000
840050450000
840050460000
840050470000
840050480000
840050490000
840050500000
840050510000
840050520000
840050530000
840050540000
840050550000
840050560000
840050570000
840050580000
840050590000
840050600000
840050610000
840050620000
840050630000
840050640000
840050650000
840050660000
840060010000
840060020000
840060030000
840060040000
840060050000
840060060000
840060070000
840060090000
840060100000
840060110000
840060120000
840060130000
840060140000
840060150000
840060160000
840060170000
840060180000
840060190000
840060200000
840060210000
840060220000
840060230000
840060240000
840060250000
840060280000
840060290000
840060300000
840060310000
840060320000
840060340000
840060350000
840060360000
840060370000
840060380000
840060400000
840060410000
840060420000
840060430000
840060440000
840060450000
840060470000
840060480000
840060500000
840060520000
840060530000
840060540000
840060550000
840060560000
840060570000
840060590000
840060600000
840060610000
840060620000
840060640000
840060650000
840070010000
840070020000
840070030000
840070040000
840070050000
840070070000
840070080000
840070090000
840070110000
840070130000
840070140000
840070150000
840070160000
840070180000
840070190000
840070200000
840070210000
840070220000
840070230000
840070240000
840070270000
840070300000
840070310000
840070320000
840070330000
840070340000
840070350000
840070360000
840070380000
840070390000
840070400000
840070410000
840070420000
840070430000
840070440000
840070450000
840070470000
840070480000
840070490000
840080010000
840080020000
840080030000
840080080000
840080130000
840080140000
840080150000
840080160000
840080170000
840080190000
840080200000
840080210000
840080220000
840080230000
840080250000
840080260000
840080280000
840080290000
840080300000
840080310000
840080330000
840080340000
840080350000
840080360000
840080370000
840090010000
840090020000
840090070000
840090090000
840090100000
840090110000
840090120000
840090130000
840090140000
840090150000
840090160000
840090170000
840090180000
840090190000
840090200000
840100080000
840100110000
840100120000
840100130000
840100150000
840100160000
840100170000
840110040000
840110050000
840110060000
840110070000
840110090000
840110100000
840110110000
840110120000
840110130000
840110140000
840110150000
840110160000
840120010000
840120020000
840120030000
840120040000
840120050000
840120060000
840120070000
840120080000
840120090000
840120100000
840120110000
840120120000
840120130000
840120140000
840120150000
840120160000
840120170000
840130140000
840130150000
840130160000
840130170000
840130180000
840130200000
840130210000
840130220000
840130280000
840140020000
840140030000
840140040000
840140050000
840140060000
840140070000
840140080000
840140100000
840140110000
840140120000
840140130000
840140140000
840140150000
840140160000
840140180000
840140190000
840140200000
840140230000
840140240000
840140290000
840140300000
840140320000
840140330000
840140340000
840140350000
840140360000
840140370000
840140380000
840140390000
840140400000
840140410000
840150010000
840150020000
840150030000
840150040000
840150050000
840150060000
840150070000
840150080000
840150090000
840150100000
840150110000
840150120000
840150130000
840150140000
840150150000
840150160000
840150170000
840150180000
840150190000
840150200000
840150210000
840150220000
840150230000
840150240000
840150250000
840150260000
840150270000
840150280000
840150290000
840150300000
840150310000
840150320000
840150330000
840150340000
840150350000
840150360000
840150370000
840150380000
840150390000
840150400000
840150410000
840150420000
840150430000
840150440000
840150450000
840150460000
840150470000
840150480000
840150490000
840150500000
840150510000
840150520000
850010010000
850010020000
850010040000
850010100000
850010120000
850020010000
850020050000
850020060000
850020070000
850020580000
850020590000
850020600000
850020610000
850020620000
850020630000
850020640000
850030010000
850030020000
850030030000
850030040000
850030050000
850030060000
850030070000
850030080000
850030090000
850030100000
850030110000
850030120000
850030130000
850030140000
850030150000
850030160000
850030170000
850030180000
850030190000
850030200000
850030210000
850030230000
850030240000
850030250000
850030260000
850030270000
850030280000
850030290000
850030300000
850030310000
850030320000
850030330000
850030340000
850030350000
850030360000
850030370000
850030380000
850030390000
850030410000
850030420000
850040010000
850040020000
850040030000
850040040000
850040050000
850040060000
850040080000
850050010000
850050030000
850050040000
850050050000
850050060000
850050070000
850050080000
850050090000
850050100000
850050110000
850050120000
850050130000
850050140000
850050150000
850050160000
850050170000
850050180000
850050200000
850050220000
850050230000
850050310000
850060010000
850060020000
850060030000
850060040000
850060050000
850060060000
850060070000
850060080000
850060090000
850060100000
850060110000
850060120000
850060130000
850060140000
850060150000
850060160000
850060170000
850060180000
850060190000
850060200000
850060210000
850060220000
850060230000
850060240000
850060250000
850060260000
850060270000
850060280000
850060290000
850060300000
850060310000
850060320000
850060330000
850060340000
850070010000
850070020000
850070030000
850070040000
850070050000
850070060000
850070070000
850070080000
850070100000
850070110000
850070120000
850070130000
850070140000
850070150000
850070160000
850070170000
850070180000
850070190000
850070200000
850070210000
850070220000
850070230000
850070240000
850070250000
850070260000
850070270000
850070280000
850070290000
850070300000
850070310000
850070320000
850070330000
850070340000
850070350000
850070360000
850070370000
850070380000
850070390000
850070400000
850070410000
860010010000
860010020000
860010030000
860010040000
860010050000
860010060000
860010070000
860010080000
860010090000
860010100000
860010110000
860010120000
860010130000
860010140000
860010160000
860010180000
860010190000
860010200000
860010210000
860010220000
860010230000
860010240000
860010250000
860010260000
860010270000
860010280000
860010290000
860010300000
860020010000
860020020000
860020030000
860020040000
860020050000
860020060000
860020070000
860020080000
860020090000
860020100000
860020110000
860020120000
860020130000
860020140000
860020150000
860020160000
860020170000
860020180000
860020190000
860020200000
860020210000
860020220000
860020230000
860020240000
860020250000
860020260000
860020270000
860020280000
860020290000
860020300000
860020310000
860020320000
860020330000
860020340000
860020350000
860020360000
860020370000
860020380000
860020390000
860020400000
860020410000
860020420000
860020430000
860020440000
860020450000
860020460000
860020470000
860020480000
860020490000
860030010000
860030020000
860030030000
860030040000
860030050000
860030060000
860030070000
860030090000
860030100000
860030110000
860030120000
860030130000
860030140000
860030150000
860030160000
860030170000
860030180000
860030190000
860030200000
860030210000
860040010000
860040020000
860040030000
860040040000
860040050000
860040060000
860040070000
860040080000
860040090000
860040100000
860040110000
860040120000
860040130000
860040140000
860040150000
860040160000
860040170000
860040180000
860040190000
860040200000
860040210000
860040220000
860050010000
860050020000
860050030000
860050040000
860050050000
860050060000
860050070000
860060010000
860060020000
860060030000
860060050000
860060060000
860060070000
860060080000
860060100000
860060120000
860060140000
860060150000
860060160000
860060180000
860060200000
860060210000
860060220000
860060230000
860060240000
860060250000
860060260000
860060270000
860060280000
860060290000
860060300000
860060310000
860060320000
860060330000
860060340000
860060350000
860060360000
860060370000
860060380000
860070010000
860070020000
860070030000
860070040000
860070050000
860070060000
860070070000
860070080000
860070160000
860070220000
860070240000
860070260000
860070270000
860070310000
860070320000
860070330000
860070340000
860070350000
860070360000
860070370000
860070380000
860070390000
860070400000
860070410000
860070430000
860070450000
860070460000
860080010000
860080020000
860080030000
860080040000
860080050000
860080060000
860080070000
860080080000
860080090000
860080100000
860080110000
860080120000
860080130000
860080140000
860090010000
860090020000
860090060000
860090080000
860090090000
860090100000
860090110000
860090120000
860090130000
860090140000
860090150000
860090160000
860100020000
860100030000
860100060000
860100080000
860100090000
860100100000
860100110000
860100130000
860100140000
860100150000
860100160000
860110010000
860110020000
860110030000
860110040000
860110050000
860110060000
860110070000
860110080000
860110090000
860110100000
860110110000
860110120000
860120010000
860120020000
860120030000
860120040000
860120050000
860120060000
860120070000
860120080000
860120090000
860120100000
860120110000
860120120000
860120130000
860130010000
860130020000
860130030000
860130040000
860130050000
860130060000
860130070000
860130080000
860130090000
860130100000
860130110000
860130120000
860130130000
860130140000
860130150000
860130160000
860130170000
860130180000
860130190000
860130200000
860130210000
860130260000
860130270000
860130290000
860130300000
860130310000
860130320000
860130330000
860130340000
860130350000
860130360000
860130380000
860130400000
860130410000
860130420000
860130430000
860130440000
860130450000
860130460000
860130470000
860130480000
860130490000
860130500000
860140010000
860140020000
860140030000
860140050000
860140060000
860140070000
860140080000
860140090000
860140100000
860140110000
860140120000
860140150000
860140160000
860140190000
860140200000
870010010000
870010020000
870010030000
870010040000
870010050000
870010060000
870010070000
870010080000
870010090000
870010100000
870010110000
870010120000
870010130000
870010140000
870020020000
870020030000
870020040000
870020070000
870020080000
870020090000
870020100000
870020110000
870020120000
870020140000
870020150000
870020160000
870020170000
870020180000
870020190000
870020200000
870020210000
870020220000
870020230000
870020240000
870020250000
870020260000
870020270000
870020280000
870020290000
870020300000
870020310000
870020320000
870020330000
870020340000
870020360000
870020370000
870020380000
870020390000
870020400000
870020410000
870020420000
870020430000
870020440000
870020450000
870030010000
870030020000
870030030000
870030040000
870030050000
870030060000
870030070000
870030080000
870030090000
870030100000
870030110000
870030120000
870030130000
870030140000
870030150000
870030160000
870030170000
870030180000
870030190000
870030200000
870030210000
870030220000
870030230000
870040010000
870040020000
870040030000
870040040000
870040050000
870040060000
870040070000
870040080000
870040090000
870040100000
870040110000
870040140000
870040170000
870040180000
870040190000
870040240000
870040250000
870040260000
870040270000
870040280000
870040290000
870040300000
870040310000
870040320000
870040330000
870040340000
870040350000
870040360000
870040370000
870040380000
870040390000
870050020000
870050030000
870050040000
870050050000
870050060000
870050070000
870050080000
870050090000
870050110000
870050120000
870050130000
870050140000
870050200000
870050210000
870050220000
870050230000
870050240000
870050250000
870050260000
870050270000
870060010000
870060020000
870060030000
870060050000
870060060000
870060070000
870060080000
870060090000
870060100000
870060110000
870060120000
870060130000
870060140000
870060150000
870060160000
870060170000
870060180000
870060190000
870060200000
870060210000
870060220000
870060230000
870070010000
870070020000
870070030000
870070040000
870070050000
870070060000
870070070000
870070080000
870070090000
870070100000
870070110000
870070120000
870070130000
870070140000
870070150000
870070160000
870070170000
870070180000
870070190000
870070200000
870070210000
870070220000
870070230000
870070240000
870070250000
870070260000
870070270000
870070280000
870080020000
870080030000
870080040000
870080050000
870080060000
870080070000
870080080000
870080120000
870080130000
870080140000
870080150000
870080160000
870080200000
870080230000
870080240000
870080250000
870080290000
870080300000
870080310000
870080320000
870080330000
870080340000
870080350000
870080360000
870080380000
870080390000
870080400000
870080410000
870080420000
870080430000
870080440000
870080450000
870080460000
870080470000
870080480000
870080490000
870080500000
870080510000
870080520000
870080530000
870080540000
870080550000
870080560000
870080570000
870080580000
870080590000
870080600000
870080610000
870080620000
870080630000
870080640000
870090010000
870090020000
870090030000
870090050000
870090060000
870090070000
870090080000
870090090000
870090100000
870090110000
870090140000
870090150000
870090160000
870090170000
870090180000
870090190000
870090200000
870090210000
870100010000
870100020000
870100030000
870100040000
870100050000
870100060000
870100070000
870100090000
870100100000
870100110000
870100120000
870100130000
870100140000
870100150000
870100160000
870100170000
870100180000
870100190000
870100200000
870100210000
870110010000
870110020000
870110030000
870110040000
870110050000
870110060000
870110070000
870110080000
870110090000
870110100000
870110110000
870110120000
870110130000
870110140000
870110150000
870110160000
870110170000
870110180000
870110190000
870110200000
870110210000
870110220000
870110230000
870110240000
870110250000
870110260000
870110270000
870110280000
870110290000
870110300000
870110310000
870110320000
870110330000
870110340000
870120010000
870120020000
870120030000
870120040000
870120050000
870120060000
870120070000
870130010000
870130020000
870130030000
870130040000
870130050000
870130060000
870130070000
870130080000
870130090000
870130100000
870130110000
870130120000
870130130000
870130140000
870130150000
870130160000
870130170000
870130180000
870130190000
870130200000
870130210000
870130220000
870130230000
870130240000
870130250000
870130260000
870130270000
870130280000
870130290000
870130300000
870130310000
870130320000
870130330000
870130340000
870130350000
870130360000
870130370000
870130380000
870130390000
870130400000
870130410000
870130420000
870130430000
870130440000
870130450000
870130460000
870130470000
870130480000
870130490000
870130510000
870130530000
870130540000
870130560000
870130570000
870130580000
870130590000
870130600000
870130610000
870130620000
870130630000
870130640000
870130650000
870130660000
870130670000
870130680000
870130690000
870130700000
870130710000
870130720000
870130730000
870130740000
870130750000
870130760000
870130770000
870130780000
870130790000
870130800000
870130810000
870130820000
870130830000
870130840000
870130850000
870130860000
870130870000
870130880000
870130890000
870130900000
870130910000
870130920000
870130930000
870130940000
870130950000
870140010000
870140020000
870140030000
870140060000
870140070000
870140080000
870140110000
870140120000
870140130000
870140140000
870140150000
870140160000
870140170000
870140180000
870140190000
870140200000
870140210000
870140220000
870140230000
870140240000
870140250000
870140260000
870140270000
870140280000
870140290000
870140300000
870140310000
870140320000
870140330000
870140340000
870140350000
870140370000
870140380000
870140390000
870140400000
870140410000
870140420000
870140430000
870140440000
870140460000
870140470000
870140480000
870140490000
870140500000
870140510000
870140520000
870140530000
870140540000
870140550000
870140560000
870140570000
870140580000
870140590000
870140600000
870140610000
870140620000
870140630000
870140640000
870140650000
870140660000
870140670000
870140680000
870140690000
870140700000
870140710000
870140720000
870140730000
870140740000
870140750000
870140760000
870140770000
870150010000
870150020000
870150030000
870150040000
870150050000
870150060000
870150070000
870150080000
870150090000
870150100000
870150110000
870150130000
870150140000
870150150000
870150160000
870150170000
870150180000
870150190000
870150200000
870150210000
870150220000
870150230000
870150240000
870150250000
870150260000
870150280000
870150290000
870150300000
870150310000
870150320000
870150330000
870150340000
870150350000
870150360000
870150370000
870150380000
870150390000
870150400000
870150410000
870150420000
870150430000
870150440000
870150450000
870150460000
870150470000
870150480000
870150490000
870150500000
870160010000
870160020000
870160030000
870160040000
870160050000
870160060000
870160070000
870160080000
870160090000
870160100000
870160110000
870160120000
870160130000
870160140000
870160150000
870160160000
870160170000
870160180000
870160190000
870160200000
870160210000
870160220000
870160230000
870160240000
870160250000
870160260000
870160270000
870160280000
870160290000
870160300000
870160310000
870160320000
870160330000
870160340000
870160350000
870160360000
870160370000
870160380000
870160400000
870160410000
870160430000
870160440000
870160450000
870160460000
870160470000
870160480000
870160490000
870160500000
870160510000
870160520000
870160530000
870160540000
870160550000
870160560000
870160570000
870160580000
870170010000
870170020000
870170030000
870170040000
870170050000
870170060000
870170070000
870170080000
870170090000
870170100000
870170110000
870170120000
870170130000
870170140000
870170150000
870170160000
870170170000
870170180000
870170190000
870170200000
870170210000
870170220000
870170230000
870170250000
870170260000
870170270000
870170280000
870170290000
870170300000
870170310000
870170320000
870170330000
870170340000
870170350000
870170360000
870170370000
870170380000
870170390000
870170400000
870170410000
870170420000
870170430000
870170440000
870170450000
870170460000
870170470000
870170480000
870170490000
870170500000
870170510000
870170520000
870170530000
870170540000
870170550000
870170560000
870170570000
870170590000
870170600000
870170610000
870170620000
870170630000
870170640000
870170650000
870170660000
870170670000
870170680000
870170690000
870170700000
870170710000
870170720000
870170730000
870170740000
870170750000
870170760000
870170770000
870170780000
870170790000
870170800000
870180240000
870180250000
870180260000
870180270000
870180280000
870180290000
870180300000
870180310000
870180320000
870180330000
870180340000
870180350000
870180360000
870180370000
870180380000
870180390000
870180400000
870180410000
870180420000
870180430000
870180440000
870180450000
870180460000
870180470000
870180480000
870180490000
870180500000
870180510000
870180520000
870180530000
870180540000
870180550000
870180560000
870180570000
870180580000
870180590000
870180600000
870180610000
870180620000
870180630000
870180640000
870180660000
870180670000
870180680000
870180690000
870180700000
870180710000
870180720000
870180730000
870180740000
870180750000
870180760000
870180770000
870180780000
870180790000
870180800000
870180810000
870180820000
870180830000
870180840000
870180850000
870180860000
870180870000
870180880000
870180890000
870180900000
870180910000
870190010000
870190020000
870190030000
870190040000
870190050000
870190060000
870190070000
870190080000
870190090000
870190100000
870190110000
870190130000
870190140000
870190150000
870190160000
870190170000
870190180000
870190190000
870190200000
870190210000
870190220000
870190230000
870190240000
870190250000
870190260000
870190270000
870190280000
870190290000
870190300000
870190310000
870190320000
870190330000
870190340000
870190360000
870190370000
870190380000
870190400000
870190410000
870190420000
870190430000
870190440000
870190450000
870190460000
870190470000
870190480000
870190490000
870190500000
870190510000
870190520000
870190530000
870190540000
870190550000
870190560000
870200010000
870200020000
870200030000
870200040000
870200050000
870200060000
870200070000
870200080000
870200090000
870200100000
870200110000
870200120000
870200130000
870200140000
870200150000
870200160000
870200170000
870200180000
870200190000
870200200000
870200210000
870200220000
870200230000
870200240000
870200250000
870200260000
880010010000
880010030000
880010040000
880010050000
880010060000
880010070000
880010080000
880010100000
880010110000
880010120000
880010130000
880010200000
880010210000
880010220000
880010300000
880010310000
880010320000
880010330000
880020010000
880020030000
880020040000
880020050000
880020060000
880020070000
880020080000
880020090000
880020110000
880020120000
880020130000
880020140000
880020150000
880020160000
880020170000
880020180000
880020190000
880020220000
880020230000
880020240000
880020250000
880020260000
880020270000
880020280000
880020290000
880020300000
880020310000
880020320000
880020330000
880020340000
880020350000
880020360000
880020370000
880030010000
880030030000
880030040000
880030050000
880030060000
880030070000
880030080000
880030090000
880030100000
880030110000
880030120000
880030130000
880030140000
880030150000
880030160000
880030170000
880030180000
880030190000
880030200000
880030210000
880040010000
880040020000
880040030000
880040040000
880040050000
880040060000
880040070000
880040080000
880040090000
880040100000
880040110000
880040120000
880040130000
880040140000
880040150000
880040160000
880040170000
880040180000
880040190000
880050010000
880050020000
880050030000
880050040000
880050050000
880050060000
880050070000
880050080000
880050090000
880050100000
880050110000
880050120000
880050130000
880050140000
880050150000
880050160000
880050170000
880050180000
880050190000
880050200000
880050210000
880050220000
880050230000
880050240000
880050250000
880050260000
880050270000
880050280000
880050290000
880050300000
880050310000
880050320000
880050330000
880050340000
880050350000
880050360000
880050370000
880050380000
880050390000
880050400000
880050410000
880050420000
880050430000
880050440000
880050450000
880050460000
880050470000
880050480000
880050490000
880050500000
880050510000
880050520000
880050530000
880050540000
880050550000
880050560000
880050570000
880050580000
880050590000
880050600000
880050610000
880050620000
880050630000
880050640000
880050650000
880050660000
880050670000
880050680000
880050690000
880050700000
880050710000
880050720000
880050730000
880050740000
880050750000
880050760000
880050770000
880050780000
880050790000
880050800000
880050810000
880050820000
880050830000
880050840000
880050850000
880050860000
880050870000
880050880000
880050890000
880050900000
880050910000
880050920000
880050930000
880050940000
880050950000
880050960000
880050970000
880050980000
880050990000
880051000000
880051010000
880051020000
880051030000
880051040000
880051050000
880051060000
880051070000
880051080000
880051090000
880051100000
880051110000
880051120000
880051130000
880060010000
880060020000
880060030000
880060040000
880060050000
880060060000
880060070000
880060090000
880060100000
880060110000
880060120000
880060130000
880060140000
880060150000
880060170000
880060180000
880060190000
880060200000
880060210000
880060220000
880060230000
880060240000
880060250000
880060260000
880060270000
880060280000
880060290000
880060300000
880060310000
880060320000
880060330000
880060340000
880060350000
880060360000
880060370000
880060380000
880060390000
880060400000
880060410000
880060420000
880060430000
880060440000
880060450000
880060460000
880060470000
880060480000
880060490000
880060500000
880060510000
880060520000
880060530000
880060540000
880060550000
880060560000
880060570000
880060580000
880060590000
880060600000
880060610000
880060620000
880060630000
880060640000
880060650000
880060660000
880060670000
880060680000
880060690000
880060700000
880060710000
880060720000
880060730000
880060740000
880060750000
880060760000
880060770000
880060780000
880060790000
880060800000
880060810000
880060820000
880060830000
880060840000
880060850000
880060860000
880060870000
880060880000
880060890000
880060900000
880060910000
880060920000
880060930000
880060940000
880060950000
880060960000
880060970000
880060980000
880060990000
880061000000
880061010000
880061020000
880061030000
880061040000
880070010000
880070020000
880070030000
880070040000
880070050000
880070060000
880070070000
880070080000
880070090000
880070100000
880070110000
880070120000
880070130000
880070140000
880070150000
880070160000
880070170000
880070180000
880070190000
880070200000
880070210000
880070220000
880070230000
880070240000
880070250000
880070260000
880070270000
880070280000
880070290000
880070300000
880070310000
880070320000
880070330000
880070340000
880070350000
880070360000
880070370000
880070380000
880070390000
880070400000
880070410000
880070420000
880070430000
880070440000
880070450000
880070460000
880070470000
880070480000
880070490000
880070500000
880070510000
880070520000
880070530000
880070540000
880070550000
880070560000
880070570000
880070580000
880070590000
880070600000
880070610000
880070620000
880070630000
880070640000
880070650000
880070660000
880070670000
880070680000
880070690000
880070700000
880070710000
880080010000
880080020000
880080030000
880080040000
880080050000
880080060000
880080070000
880080080000
880080090000
880080100000
880080110000
880080120000
880080130000
880080140000
880080150000
880080160000
880080170000
880080180000
880080190000
880080200000
880080210000
880080220000
880080230000
880080240000
880080250000
880080260000
880080270000
880080280000
880080290000
880080300000
880080310000
880080320000
880080330000
880080340000
880080350000
880080360000
880080370000
880080380000
880080390000
880080400000
880080410000
880080420000
880080430000
880080440000
880080450000
880080460000
880080470000
880080480000
880080490000
880080500000
880080510000
880080520000
880080530000
880080540000
880080550000
880080560000
880080570000
880080580000
880080590000
880080600000
880080610000
880080620000
880080630000
880080640000
880080650000
880080660000
880080670000
880080680000
880080690000
880080700000
880080710000
880080720000
880080730000
880080740000
880080750000
880080760000
880080770000
880080780000
880080790000
880080800000
880080810000
880080820000
880080830000
880080840000
880080850000
880080860000
880080870000
880080880000
880080890000
880080900000
880080910000
880080920000
880080930000
880080940000
880080950000
880080960000
880080970000
880080980000
880080990000
880081000000
880081010000
880081020000
880081030000
880081040000
880081050000
880081060000
880090010000
880090020000
880090030000
880090040000
880090050000
880090060000
880090070000
880090080000
880090090000
880090100000
880090110000
880090120000
880090130000
880090140000
880090150000
880090160000
880090170000
880090180000
880090190000
880090200000
880090210000
880090220000
880090230000
880090240000
880090250000
880090260000
880090270000
880090280000
880090290000
880090300000
880090310000
880090320000
880090330000
880090340000
880090350000
880090360000
880090370000
880090380000
880090390000
880090400000
880090410000
880090420000
880090430000
880090440000
880090450000
880090460000
880090470000
880090480000
880090490000
880090500000
880090510000
880090520000
880090530000
880090540000
880090550000
880090560000
880090570000
880090580000
880090590000
880090600000
880090610000
880090620000
880090630000
880090640000
880090650000
880090660000
880090670000
880090680000
880090690000
880090700000
880090710000
880090720000
880090730000
880090740000
880090750000
880090760000
880090770000
880090780000
880090790000
880090800000
880090810000
880090820000
880090830000
880090840000
880090850000
880090860000
880090870000
880090880000
880090890000
880090900000
880090910000
880090920000
880090930000
880090940000
880090950000
880090960000
880090970000
880090980000
880090990000
880091000000
880091010000
880091020000
880091030000
880091040000
880091050000
880091060000
880091070000
880091080000
880091090000
880091100000
880091110000
880091120000
880091130000
880091140000
880091150000
880091160000
880091170000
880091180000
880091190000
880091200000
880091210000
880091220000
880091230000
880091240000
880091250000
880091260000
880091270000
880091280000
880091290000
880091300000
880091310000
880091320000
880091330000
880091340000
880091350000
880091360000
880091370000
880091380000
880091390000
880091400000
880091410000
880100010000
880100020000
880100030000
880100040000
880100050000
880100060000
880100070000
880100080000
880100090000
880100100000
880100110000
880100120000
880100130000
880100140000
880100150000
880100160000
880100170000
880100180000
880100190000
880100200000
880100210000
880100220000
880100230000
880100240000
880100250000
880100260000
880100270000
880100280000
880100290000
880100300000
880100310000
880100320000
880100330000
880100340000
880100350000
880100360000
880100370000
880100380000
880100390000
880100400000
880100410000
880100420000
880100430000
880100440000
880100450000
880100460000
880100470000
880100480000
880100490000
880100500000
880100510000
880100520000
880100530000
880100540000
880100550000
880100560000
880100570000
880100580000
880100590000
880100600000
880100610000
880100620000
880100630000
880100640000
880100650000
880100660000
880100670000
880100680000
880100690000
880100700000
880100710000
880100720000
880100730000
880100740000
880100750000
880100760000
880100770000
880100780000
880100790000
880100800000
880100810000
880100820000
880100830000
880100840000
880100850000
880100860000
880100870000
880100880000
880100890000
880100900000
880100910000
880100920000
880100930000
880100940000
880100950000
880100960000
880100970000
880100980000
880100990000
880101000000
880101010000
880101020000
880101030000
880101040000
880101050000
880101060000
880101070000
880101080000
880101090000
880101100000
880110010000
880110020000
880110030000
880110040000
880110050000
880110060000
880110070000
880110080000
880110090000
880110100000
880110110000
880110120000
880110130000
880110140000
880110150000
880110160000
880110170000
880110180000
880110190000
880110200000
880110210000
880110220000
880110230000
880110240000
880110250000
880110260000
880110270000
880110280000
880110290000
880110300000
880110310000
880110320000
880110330000
880110340000
880110350000
880110360000
880110370000
880110380000
880110390000
880110400000
880110410000
880110430000
880110440000
880110450000
880110460000
880110470000
880110480000
880110490000
880110500000
880110510000
880110520000
880110530000
880110540000
880110550000
880110560000
880110570000
880110580000
880110590000
880110600000
880110620000
880110630000
880110640000
880110650000
880110660000
880110670000
880110680000
880110690000
880110700000
880110710000
880110720000
880110730000
880120010000
880120020000
880120030000
880120040000
880120050000
880120060000
880120070000
880120080000
880120090000
880120100000
880120110000
880120120000
880120130000
880120140000
880120150000
880120160000
880120170000
880120180000
880120190000
880120200000
880120210000
880120220000
880120230000
880120240000
880120250000
880120260000
880120270000
880120280000
880120290000
880120300000
880120310000
880120320000
880120330000
880120340000
880120350000
880120360000
880120370000
880120380000
880120390000
880120400000
880120410000
880120420000
880120430000
880120440000
880120450000
880120460000
880120470000
880120480000
880120490000
880120500000
880120510000
880120520000
880120530000
880120540000
880120550000
880120560000
880120570000
880120580000
880120590000
880120600000
880120610000
880120620000
880120630000
880120640000
880120650000
880120660000
880120670000
880120680000
880130010000
880130020000
880130030000
880130040000
880130050000
880130060000
880130070000
880130080000
880130090000
880130100000
880130110000
880130120000
880130130000
880130140000
880130150000
880130160000
880130170000
880130180000
880130190000
880130200000
880130210000
880130220000
880130230000
880130240000
880130250000
880130260000
880130270000
880130280000
880130290000
880130300000
880130310000
880130320000
880130330000
880130340000
880130350000
880130360000
880130370000
880130380000
880130390000
880130400000
880130410000
880130420000
880130430000
880140010000
880140020000
880140030000
880140040000
880140050000
880140060000
880140070000
880140080000
880140090000
880140100000
880140110000
880140120000
880140130000
880140140000
880140150000
880140160000
880140170000
880140180000
880140190000
880140200000
880140210000
880140220000
880140230000
880140240000
880140250000
880140260000
880140270000
880140280000
880140290000
880140300000
880140310000
880140320000
880140330000
880140340000
880140350000
880140360000
880140370000
880140380000
880140390000
880140400000
880140410000
880140420000
880140430000
880140440000
880150010000
880150020000
880150030000
880150040000
880150050000
880150060000
880150070000
880150080000
880150090000
880150100000
880150110000
880150120000
880150130000
880150140000
880150150000
880150160000
880150170000
880150180000
880150190000
880150200000
880150210000
880150220000
880150230000
880150240000
880150250000
880150260000
880150270000
880150280000
880150290000
880150300000
880150310000
880150320000
880150330000
880150340000
880150350000
880150360000
880150370000
880150380000
880150390000
880150400000
880150410000
880150420000
880150430000
880150440000
880150450000
880150460000
880150470000
880150480000
880150490000
880150500000
880150510000
880150520000
880150530000
880150540000
880150550000
880150560000
880150570000
880150580000
880150590000
880150600000
880150610000
880150620000
880150630000
880150640000
880160020000
880160030000
880160040000
880160050000
880160060000
880160070000
880160080000
880160090000
880160100000
880160110000
880160120000
880160130000
880160140000
880160150000
880160160000
880160170000
880160180000
880160190000
880160200000
880160210000
880160220000
880160230000
880160240000
880160250000
880160260000
880160270000
880160280000
880160290000
880160300000
880160310000
880160320000
880160330000
880160340000
880160350000
880160360000
880160370000
880160380000
880160390000
880160400000
880160410000
880160420000
880160430000
880160440000
880170010000
880170020000
880170030000
880170040000
880170050000
880170060000
880170070000
880170080000
880170090000
880170100000
880170110000
880170120000
880170130000
880170140000
880170150000
880170160000
880170170000
880170180000
880170190000
880180010000
880180020000
880180030000
880180040000
880180050000
880180060000
880180070000
880180080000
880180090000
880180100000
880180110000
880180120000
880180130000
880180140000
880180150000
880180160000
880180170000
880180180000
880180190000
880180200000
880180220000
880180230000
880180240000
880180250000
880180260000
880180270000
880180280000
880180290000
880180300000
880190010000
880190020000
880190030000
880190040000
880190050000
880190060000
880190070000
880190080000
880190090000
880190100000
880190110000
880190120000
880190130000
880190140000
880190150000
880190160000
880190170000
880190180000
880190190000
880190200000
880190210000
880190220000
880190230000
880190240000
880190250000
880190260000
880190270000
880190280000
880190290000
880190300000
880190310000
880190320000
880190330000
880190340000
880190350000
880190360000
880190370000
880190380000
880190390000
880190400000
880190410000
880190420000
880190430000
880190440000
880190450000
880190460000
880190470000
880190480000
890010010000
890010020000
890010030000
890010040000
890010080000
890010090000
890010100000
890010110000
890010120000
890010130000
890010140000
890010160000
890010170000
890010190000
890010200000
890010210000
890010220000
890010230000
890010240000
890010250000
890010260000
890010270000
890010290000
890010310000
890010320000
890010330000
890010340000
890010350000
890020010000
890020020000
890020030000
890020040000
890020050000
890020060000
890020070000
890020080000
890020090000
890020100000
890020120000
890020130000
890020140000
890020150000
890020160000
890020170000
890020180000
890020190000
890020200000
890020210000
890020220000
890020230000
890030010000
890030020000
890030030000
890030050000
890030060000
890030070000
890030080000
890030090000
890030100000
890030170000
890030190000
890030200000
890030210000
890030220000
890030230000
890030240000
890030300000
890030330000
890030430000
890030650000
890030670000
890030680000
890030740000
890030830000
890030840000
890030850000
890030880000
890030890000
890030900000
890030910000
890030920000
890030930000
890030940000
890040010000
890040020000
890040030000
890040040000
890040050000
890040060000
890040070000
890040080000
890040090000
890040100000
890040110000
890040120000
890040130000
890040150000
890040160000
890040170000
890040180000
890040190000
890040200000
890040210000
890040230000
890040240000
890047770000
890050010000
890050020000
890050030000
890050040000
890050050000
890050070000
890050080000
890050090000
890050100000
890050110000
890050120000
890050130000
890050140000
890050150000
890050160000
890050170000
890060010000
890060020000
890060030000
890060040000
890060050000
890060140000
890060170000
890060190000
890060280000
890060290000
890060300000
890060310000
890060320000
890060330000
890060340000
890060350000
890070010000
890070020000
890070030000
890070040000
890070050000
890070060000
890070070000
890070080000
890070090000
890070100000
890070110000
890070120000
890070130000
890070140000
890070150000
890070160000
890070170000
890070180000
890070190000
890070200000
890070210000
890070220000
890070230000
890070240000
890070250000
890070260000
890070270000
890070280000
890070290000
890070300000
890070310000
890070320000
890070330000
890070340000
890070350000
890070360000
890070370000
890070380000
890070390000
890070400000
890070410000
890070420000
890070430000
890080010000
890080020000
890080030000
890080040000
890080050000
890080060000
890080070000
890080080000
890080090000
890080100000
890080110000
890080120000
890080130000
890080140000
890080150000
890080160000
890080170000
890080180000
890080190000
890080200000
890080210000
890080220000
890080230000
890080240000
890080250000
890080260000
890080270000
890080290000
890080300000
890080310000
890080320000
890080330000
890080340000
890080350000
890080360000
890090010000
890090020000
890090030000
890090040000
890090050000
890090060000
890090070000
890090080000
890090090000
890090100000
890090110000
890090120000
890090130000
890090140000
890090150000
890090160000
890090170000
890090180000
890090190000
890090200000
890090210000
890090220000
890090230000
890090240000
890090250000
890090260000
890090270000
890090280000
890090290000
890090300000
890090310000
890090320000
890090330000
890090340000
890090350000
890090360000
890090370000
890090380000
890090390000
890090400000
890090410000
890090420000
890090430000
890090440000
890090450000
890090460000
890090470000
890090480000
890090490000
890090500000
890090510000
890090520000
890090530000
890090540000
890090550000
890090560000
890090570000
890090580000
890100010000
890100020000
890100030000
890100040000
890100050000
890100080000
890100090000
890100100000
890110050000
890110060000
890110080000
890110110000
890110120000
890110130000
890110140000
890110150000
890110160000
890110170000
890110180000
890110190000
890110210000
890110220000
890110230000
890110240000
890110250000
890110260000
890120010000
890120020000
890120080000
890120140000
890120160000
890120170000
890120220000
890120230000
890120240000
890120250000
890120260000
890120270000
890120280000
890120290000
890120300000
890120310000
890120320000
890120330000
890130010000
890130020000
890130030000
890130040000
890130050000
890130060000
890130070000
890130080000
890130090000
890130100000
890130110000
890130120000
890130130000
890130140000
890130150000
890130160000
890130170000
890130180000
890130190000
890130200000
890130210000
890130220000
890130230000
890130240000
890130250000
890130260000
890130270000
890130280000
890130290000
890130300000
890130310000
890130320000
890130330000
890130340000
890130350000
890130360000
890130370000
890130380000
890130390000
890130400000
890130410000
890130420000
890130430000
890130440000
890130450000
890130460000
890130470000
890130480000
890130490000
890130500000
890130510000
890130520000
890130530000
890130540000
890130550000
890130560000
890130570000
890130580000
890130590000
890130600000
890130610000
890130620000
890130630000
890130640000
890130650000
890130660000
890130670000
890130680000
890130690000
890130700000
890130710000
890130720000
890130730000
890130740000
890130750000
890130760000
890130770000
890130780000
890130790000
890130800000
890130810000
890140010000
890140020000
890140030000
890140040000
890140050000
890140060000
890140070000
890140080000
890140090000
890140100000
890140110000
890140120000
890140130000
890140140000
890140150000
890140160000
890140170000
890140180000
890140190000
890140200000
890140210000
890140220000
890140230000
890140240000
890140250000
890140260000
890140270000
890140280000
890140290000
890140300000
890140310000
890140320000
890140330000
890140340000
890140350000
890140360000
890140370000
890140380000
890140390000
890140400000
890140410000
890140420000
890140430000
890140440000
890140450000
890140460000
890140470000
890140480000
890140490000
890140500000
890140510000
890140520000
890140530000
890140540000
890140550000
890140560000
890140570000
890140580000
890140590000
890140600000
890140610000
890140620000
890140630000
890140640000
890150010000
890150020000
890150030000
890150040000
890150050000
890150060000
890150070000
890150080000
890150090000
890150100000
890150110000
890150120000
890150130000
890150140000
890150150000
890150160000
910010010000
910010020000
910010030000
910010040000
910010050000
910010060000
910010070000
910010080000
910010090000
920010010000
920010020000
920010030000
920010040000
920010050000
920010580000
920010690000
920010700000
920010710000
920010720000
920010730000
920010740000
920010750000
920010760000
920010770000
920010780000
920010790000
920010800000
920010810000
920020010000
920020020000
920020030000
920020040000
920020050000
920020060000
920020070000
920020080000
920020090000
920020100000
920020120000
920020130000
920020140000
920020170000
920020180000
920020190000
920020200000
920020210000
920020220000
920020230000
920020240000
920020250000
920020260000
920020270000
920020280000
920020290000
920020300000
920020310000
920030010000
920030020000
920030030000
920030040000
920030050000
920030060000
920030070000
920030080000
920030090000
920030100000
920030110000
920030120000
920030130000
920030140000
920030150000
920030160000
920030170000
920030180000
920030190000
920030200000
920030210000
920030220000
920030230000
920030240000
920030250000
920030260000
920030270000
920030280000
920030290000
920030300000
920030310000
920030320000
920030330000
920030340000
920030350000
920030360000
920030370000
920030380000
920030390000
920030400000
920030410000
920030420000
920030430000
920030440000
920030450000
920030460000
920030480000
920030490000
920030500000
920030510000
920030520000
920030530000
920030540000
920030550000
920030560000
920030570000
920030580000
920030590000
920030600000
920030610000
920030620000
920030630000
920030640000
920030650000
920030660000
920030670000
920040010000
920040020000
920040030000
920040040000
920040050000
920040060000
920040070000
920040090000
920040100000
920040110000
920040120000
920040130000
920040140000
920040150000
920040160000
920040170000
920040180000
920040190000
920040200000
920040210000
920040220000
920040230000
920040240000
920040250000
920040260000
920040270000
920040280000
920040290000
920040300000
920040310000
920040320000
920040330000
920040340000
920040350000
920040360000
920040370000
920040380000
920040390000
920040400000
920040410000
920040420000
920040430000
920040440000
920040450000
920040460000
920040470000
920040480000
920040490000
920040500000
920040510000
920040520000
920040530000
920040540000
920040550000
920040560000
920040570000
920040580000
920040590000
920040600000
920040610000
920040620000
920040630000
920040640000
920040650000
920040660000
920040670000
920040680000
920050010000
920050020000
920050030000
920050040000
920050050000
920050080000
920050090000
920050100000
920050110000
920050120000
920050130000
920050140000
920050150000
920050160000
920050170000
920050180000
920050190000
920050200000
920050210000
920050220000
920050230000
920050240000
920050250000
920050260000
920050270000
920050280000
920050290000
920050300000
920050310000
920050320000
920050330000
920050340000
920050350000
920050360000
920050370000
920050380000
920050390000
920050400000
920050410000
920050420000
920050430000
920050440000
920050450000
920050460000
920050470000
920050480000
920050490000
920050500000
920050510000
920050520000
920050530000
920050540000
920050550000
920050560000
920050570000
920050580000
920050590000
920050600000
920050610000
920050620000
920050630000
920050640000
920050650000
920050660000
920050670000
920050680000
920050690000
920050700000
920050710000
920050720000
920060010000
920060020000
920060030000
920060040000
920060050000
920060060000
920060070000
920060080000
920060090000
920060100000
920060110000
920060120000
920060130000
920060140000
920060150000
920060160000
920060170000
920060180000
920060190000
920060200000
920060210000
920060220000
920060230000
920060240000
920060250000
920060260000
920060270000
920060280000
920060290000
920060300000
920060310000
920070010000
920070020000
920070030000
920070040000
920070050000
920070060000
920070070000
920070080000
920070090000
920070100000
920070110000
920070120000
920070130000
920070140000
920070150000
920070160000
920070170000
920070180000
920070190000
920070200000
920070210000
920070220000
920070230000
920070240000
920070250000
920070260000
920080010000
920080020000
920080030000
920080040000
920080050000
920080060000
920080070000
920080080000
920080090000
920080100000
920080110000
920080120000
920080130000
920080140000
920080150000
920080160000
920080170000
920080180000
920080190000
920080200000
920080210000
920080220000
920080230000
920080240000
920080250000
920080260000
920080270000
920080280000
920080290000
920080300000
920080310000
920080320000
920080330000
920080340000
920080350000
920080360000
920080370000
920080380000
920080390000
920080400000
920080410000
920080420000
920080430000
920080440000
920080450000
920080460000
920080470000
920080480000
920080490000
920080500000
920080510000
920080520000
920080530000
920080540000
920080550000
920080560000
920080570000
920080580000
920080590000
920080600000
920080610000
920080620000
920080630000
920080640000
920080650000
920080660000
920080670000
920090010000
920090020000
920090030000
920090040000
920090050000
920090060000
920090070000
920090080000
920090090000
920090100000
920090110000
920090120000
920090130000
920090140000
920090150000
920090160000
920090170000
920090180000
920090190000
920090200000
920090210000
920090220000
920090230000
920090240000
920090250000
920090260000
920090270000
920090280000
920090290000
920090300000
920090310000
920090320000
920090330000
920090340000
920090350000
920090360000
920090370000
920090380000
920090390000
920090400000
920090410000
920090420000
920090430000
920090440000
920090450000
920090460000
920090470000
920090480000
920090490000
920090500000
920090510000
920090520000
920090590000
920090600000
920090610000
920090620000
920090630000
920090640000
920090650000
920090660000
920090670000
920090680000
920090690000
920090700000
920090710000
920090720000
920090730000
920090740000
920090750000
920090760000
920100010000
920100020000
920100030000
920100040000
920100050000
920100060000
920100070000
920100080000
920100090000
920100100000
920100110000
920100120000
920100130000
920100170000
920100180000
920100190000
920100200000
920100210000
920100220000
920100230000
920100240000
920100250000
920100260000
920100270000
920100280000
920100290000
920100300000
920100310000
920100320000
920100330000
920100340000
920100350000
920100360000
920100370000
920100380000
920100390000
920100400000
920100410000
920100430000
920100440000
920100470000
920100480000
920100490000
920100500000
920100510000
920100520000
920100530000
920100540000
920100550000
920100560000
920100570000
920100580000
920100590000
920100600000
920100610000
920100620000
920100630000
920100640000
920100650000
920100660000
920100670000
920100680000
920100690000
920100700000
920100710000
920100720000
920110010000
920110020000
920110030000
920110040000
920110050000
920110060000
920110070000
920110080000
920110090000
920110100000
920110110000
920110120000
920110130000
920110140000
920110150000
920110160000
920110170000
920110180000
920110190000
920110200000
920110210000
920110220000
920110230000
920110240000
920110250000
920110260000
920110270000
920110280000
920110290000
920110300000
920110310000
920110320000
920110330000
920110340000
920110360000
920110370000
920110380000
920110390000
920110400000
920110410000
920110420000
920110430000
920110440000
920110450000
920110460000
920110470000
920110480000
920110490000
920110500000
920110510000
920110520000
920110530000
920110540000
920110550000
920110560000
920110570000
920110580000
920110590000
920110600000
920110610000
920110620000
920110630000
920110640000
920110650000
920110660000
920110670000
920110680000
920110690000
920110700000
920110710000
920110720000
920120010000
920120020000
920120030000
920120040000
920120050000
920120060000
920120070000
920120080000
920120090000
920120100000
920120110000
920120120000
920120130000
920120140000
920120150000
920120160000
920120170000
920120180000
920120190000
920120200000
920120210000
920120220000
920120230000
920120240000
920120250000
920120260000
920120270000
920120280000
920120290000
920120300000
920120310000
920120320000
920120330000
920120340000
920120350000
920120360000
920120370000
920120380000
920120390000
920120400000
920120410000
920120420000
920120430000
920120440000
920120450000
920120460000
920120470000
920120480000
920120490000
920120500000
920120510000
920120520000
920120530000
920120540000
920120550000
920120560000
920120570000
920120580000
920120590000
920120600000
920120610000
920120620000
920120630000
920120640000
920120650000
920120660000
920120670000
920120680000
920120690000
920120700000
920120710000
920120720000
920120730000
920130010000
920130020000
920130030000
920130040000
920130050000
920130060000
920130070000
920130080000
920130090000
920130100000
920130110000
920130120000
920130130000
920130140000
920130150000
920130160000
920130170000
920130180000
920130190000
920130200000
920130210000
920130220000
920130230000
920130240000
920130250000
920130260000
920130270000
920130280000
920130290000
920130300000
920130310000
920130320000
920130340000
920130350000
920130360000
920130370000
920130380000
920130410000
920130420000
920130430000
920130440000
920130450000
920130460000
920130470000
920130480000
920130490000
920130500000
920130510000
920130520000
920130530000
920130540000
920130550000
920130560000
920130570000
920130580000
920130590000
920130600000
920130610000
920130620000
920130630000
920130640000
920130650000
920130660000
920130670000
920130680000
920130690000
920130700000
920130710000
920140010000
920140020000
920140030000
920140040000
920140050000
920140060000
920140070000
920140080000
920140090000
920140100000
920140110000
920140120000
920140130000
920140140000
920140150000
920140180000
920140190000
920140200000
920140210000
920140220000
920140230000
920140240000
920140250000
920140260000
920140270000
920140280000
920140290000
920140300000
920140310000
920140320000
920140330000
920140340000
920140350000
920140360000
920140370000
920140380000
920140390000
920140400000
920140410000
920140420000
920140430000
920140440000
920140450000
920140460000
920140470000
920140480000
920140490000
920140500000
920140510000
920140520000
920140530000
920140540000
920140550000
920140560000
920140570000
920140580000
920140590000
920140600000
920140610000
920140620000
920140630000
920140640000
920140650000
920140660000
920140670000
920140680000
920140690000
920140700000
920140710000
920140720000
920150010000
920150020000
920150030000
920150040000
920150050000
920150070000
920150080000
920150090000
920150100000
920150110000
920150120000
920150130000
920150140000
920150150000
920150160000
920150170000
920150180000
920150190000
920150200000
920150210000
920150220000
920150230000
920150240000
920150250000
920150260000
920150270000
920150280000
920150290000
920150300000
920150310000
920150320000
920150330000
920150340000
920160010000
920160020000
920160030000
920160040000
920160050000
920160060000
920160070000
920160080000
920160090000
920160100000
920160110000
920160120000
920160130000
920160140000
920160150000
920160160000
920160170000
920160180000
920160190000
920170010000
920170020000
920170030000
920170040000
920170050000
920170060000
920170070000
920170080000
920170090000
920170110000
920170120000
920170130000
920170140000
920170150000
920170160000
920170170000
920170180000
920170190000
920170200000
920170210000
920170220000
920170230000
920170240000
920170250000
920170260000
920170270000
920170280000
920170290000
920170300000
920170310000
920170320000
920170330000
920170350000
920170360000
920170370000
920170380000
920170390000
920170400000
920170410000
920170420000
920170430000
920170440000
920170450000
920170460000
920170470000
920170480000
920170490000
920170500000
920170510000
920170520000
920170530000
920170540000
920170550000
920170560000
920170570000
920170580000
920170590000
920170600000
920170610000
920170620000
920170630000
920170640000
920170650000
920170660000
920170670000
920170680000
920170690000
920170700000
920170710000
920170720000
920180010000
920180020000
920180030000
920180040000
920180050000
920180060000
920180070000
920180080000
920180090000
920180100000
920180110000
920180120000
920180130000
920180140000
920180150000
920180160000
920180170000
920180180000
920180190000
920180200000
920180210000
920180220000
920180230000
920180240000
920180250000
920180260000
920180270000
920180280000
920180290000
920180300000
920180310000
920180320000
920180330000
920180340000
920180350000
920180360000
920180370000
920180380000
920180390000
920180400000
920180410000
920180420000
920180430000
920180440000
920180450000
920180460000
920180470000
920180480000
920180490000
920180500000
920180510000
920180520000
920180530000
920180540000
920180550000
920180560000
920180570000
920180580000
920180590000
920180600000
920180610000
920180620000
920180630000
920180640000
920180650000
920180660000
920180670000
920180680000
920180690000
920180700000
920180710000
920180720000
920190010000
920190020000
920190030000
920190040000
920190050000
920190060000
920190070000
920190080000
920190100000
920190110000
920190120000
920190130000
920190140000
920190150000
920190160000
920190170000
920190190000
920190200000
920190210000
920190220000
920190230000
920190250000
920190260000
920190270000
920190280000
920190290000
920190300000
920190310000
920190320000
920190330000
920190340000
920190350000
920190360000
920190370000
920190380000
920190390000
920190400000
920190410000
920190420000
920190430000
920190440000
920190450000
920190460000
920190470000
920190480000
920190490000
920190500000
920190520000
920190530000
920190550000
920190560000
920190570000
920190580000
920190590000
920190600000
920190610000
920190620000
920190630000
920190640000
920190650000
920190660000
920190670000
920190680000
920190690000
920190700000
920190720000
920200010000
920200020000
920200030000
920200040000
920200050000
920200060000
920200070000
920200080000
920200090000
920200100000
920200110000
920200120000
920200130000
920200140000
920200150000
920200160000
920200170000
920200180000
920200190000
920200200000
920200210000
920200220000
920200230000
920200240000
920200250000
920200260000
920200270000
920200280000
920200290000
920200300000
920200310000
920200320000
920200330000
920200340000
920200350000
920200360000
920200370000
920200380000
920200390000
920200400000
920200470000
920200480000
920200490000
920200500000
920200510000
920200520000
920200530000
920200540000
920200550000
920200560000
920200570000
920200580000
920200590000
920200600000
920200610000
920200620000
920200630000
920200640000
920200650000
920200660000
920200670000
920200680000
920200690000
920210010000
920210020000
920210030000
920210040000
920210050000
920210060000
920210070000
920210080000
920210090000
920210100000
920210110000
920210120000
920210130000
920210140000
920210150000
920210160000
920210170000
920210180000
920210190000
920210200000
920210210000
920210220000
920210230000
920210240000
920210250000
920210260000
920210270000
920210280000
920210290000
920210300000
920210310000
920210320000
920210330000
920210340000
920210350000
920210360000
920210370000
920210380000
920210390000
920210400000
920210410000
920210420000
920210430000
920210440000
920210450000
920210460000
920210470000
920210480000
920210490000
920210500000
920210510000
920210520000
920210530000
920210540000
920210550000
920210560000
920210570000
920210580000
920210590000
920210600000
920210610000
920210620000
920210630000
920210640000
920210650000
920210660000
920210670000
920210680000
920210690000
920210700000
920210710000
920210720000
920220010000
920220020000
920220030000
920220040000
920220050000
920220060000
920220070000
920220080000
920220090000
920220100000
920220110000
920220120000
920220130000
920220140000
920220150000
920220160000
920220170000
920220180000
920220190000
920220200000
920220210000
920220220000
920220230000
920220240000
920220250000
920220260000
920220270000
920220280000
920220290000
920220300000
920220310000
920220320000
920220330000
920220340000
920220350000
920220360000
920220370000
920220380000
920220390000
920220400000
920220410000
920220420000
920220430000
920220440000
920220450000
920220460000
920220470000
920220480000
920220490000
920220500000
920220510000
920220520000
920220530000
920220540000
920220550000
920220560000
920220570000
920220580000
920220590000
920220600000
920220610000
920220620000
920220630000
920220640000
920220650000
920220660000
920220670000
920220680000
920220690000
920220700000
920220710000
920220720000
920230010000
920230020000
920230030000
920230040000
920230050000
920230060000
920230070000
920230080000
920230090000
920230100000
920230110000
920230120000
920230130000
920230140000
920230150000
920230160000
920230170000
920230180000
920230190000
920230200000
920230210000
920230220000
920230230000
920230240000
920230250000
920230260000
920230270000
920230280000
920230290000
920230300000
920230310000
920230320000
920230330000
920230340000
920230350000
920230360000
920230370000
920230380000
920230390000
920230400000
920230410000
920230420000
920230430000
920230440000
920230450000
920230460000
920230470000
920230480000
920230490000
920230500000
920230510000
920230530000
920230540000
920230550000
920230560000
920230570000
920230580000
920230590000
920230600000
920230610000
920230620000
920230630000
920230640000
920230650000
920230660000
920230670000
920230680000
920230690000
920230700000
920230720000
920240010000
920240020000
920240030000
920240040000
920240050000
920240060000
920240070000
920240080000
920240090000
920240100000
920240110000
920240120000
920240130000
920240140000
920240150000
920240190000
920240200000
920240210000
920240220000
920240230000
920240240000
920240250000
920240260000
920240270000
920240280000
920240290000
920240300000
920240310000
920240320000
920240330000
920240340000
920240350000
920240360000
920240370000
920240380000
920240390000
920240400000
920240410000
920240420000
920240430000
920240440000
920240450000
920240460000
920240470000
920240480000
920240490000
920240500000
920240510000
920240520000
920240530000
920240540000
920240550000
920240560000
920240570000
920240580000
920240590000
920240600000
920240610000
920240620000
920240630000
920240650000
920240660000
920240670000
920240680000
920240690000
920240700000
920240710000
920240720000
920250010000
920250020000
920250030000
920250040000
920250050000
920250070000
920250080000
920250110000
920250130000
920250140000
920250150000
920250160000
920250170000
920250180000
920250190000
920250200000
920250210000
920250220000
920250230000
920250240000
920250250000
920250260000
920250270000
920250280000
920250290000
920250300000
920250310000
920250320000
920250330000
920250340000
920250350000
920250360000
920250370000
920250390000
920250400000
920250410000
920250420000
920250430000
920250440000
920250450000
920250460000
920250470000
920250480000
920250490000
920250500000
920250510000
920250520000
920250530000
920250540000
920250550000
920250560000
920250570000
920250580000
920250590000
920250600000
920250620000
920250630000
920250640000
920250650000
920250660000
920250670000
920250680000
920250690000
920250700000
920250710000
920250720000
920260010000
920260020000
920260040000
920260050000
920260060000
920260070000
920260080000
920260090000
920260100000
920260110000
920260120000
920260130000
920260140000
920260150000
920260160000
920260170000
920260180000
920260190000
920260200000
920260210000
920260220000
920260230000
920260240000
920260250000
920260260000
920260270000
920260280000
920260290000
920260300000
920260310000
920260320000
920260330000
920260340000
920260350000
920260360000
920260370000
920260380000
920260390000
920260400000
920260410000
920260420000
920270010000
920270020000
920270030000
920270040000
920270050000
920270060000
920270070000
920270080000
920270090000
920270100000
920270110000
920270120000
920270130000
920270140000
920270150000
920270160000
920270170000
920270190000
920270210000
920270220000
920270230000
920270240000
920270250000
920270260000
920270270000
920270280000
920270290000
920270300000
920270310000
920270320000
920270330000
920270340000
920270350000
920270360000
920270370000
920270380000
920270390000
920270400000
920270410000
920270430000
920270440000
920270450000
920270460000
920270470000
920270480000
920270490000
920270500000
920270510000
920270520000
920270540000
920280010000
920280020000
920280030000
920280040000
920280050000
920280060000
920280070000
920280080000
920280100000
920280110000
920280120000
920280130000
920280140000
920280150000
920280160000
920280170000
920280180000
920280190000
920280200000
920280210000
920280220000
920280230000
920280240000
920280250000
920280270000
920280280000
920280290000
920280300000
920280310000
920280320000
920280330000
920280340000
920280350000
920280370000
920280380000
920280390000
920280400000
920280410000
920280420000
920280430000
920280440000
920280450000
920280460000
920280470000
920280480000
920280490000
920280500000
920280510000
920280520000
920280530000
920280550000
920280560000
920280570000
920280580000
920280590000
920280600000
920280610000
920280620000
920280630000
920280640000
920280650000
920280660000
920280670000
920280680000
920280690000
920280700000
920280710000
920280720000
920290010000
920290020000
920290030000
920290040000
920290050000
920290060000
920290070000
920290080000
920290090000
920290100000
920290110000
920290120000
920290130000
920290150000
920290170000
920290190000
920290200000
920290210000
920290230000
920290240000
920290250000
920290260000
920290270000
920290280000
920290290000
920290300000
920290310000
920290320000
920290330000
920290340000
920290350000
920290360000
920290370000
920290380000
920290390000
920290400000
920290410000
920290420000
920290430000
920290440000
920290450000
920290460000
920290470000
920290480000
920290490000
920290500000
920290510000
920290520000
920290530000
920290540000
920290550000
920290560000
920290570000
920290580000
920290590000
920290600000
920290610000
920290620000
920290630000
920290640000
920290660000
920290670000
920300010000
920300020000
920300030000
920300040000
920300050000
920300060000
920300070000
920300080000
920300090000
920300100000
920300110000
920300120000
920300130000
920300140000
920300150000
920300160000
920300170000
920300180000
920300190000
920300200000
920300210000
920300220000
920300230000
920300240000
920300250000
920300260000
920300270000
920300280000
920300290000
920300300000
920300310000
920300320000
920300330000
920300340000
920300350000
920300360000
920300370000
920300380000
920300390000
920300400000
920300410000
920300420000
920300430000
920300440000
920300450000
920300460000
920300470000
920300480000
920300490000
920300500000
920300510000
920300520000
920300530000
920300540000
920300560000
920300570000
920300580000
920300590000
920300600000
920300610000
920300620000
920300630000
920300640000
920300650000
920300660000
920300670000
920300680000
920300690000
920300700000
920300710000
920300720000
920300730000
920300740000
920300750000
920300760000
920310010000
920310020000
920310030000
920310040000
920310050000
920310060000
920310070000
920310080000
920310090000
920310100000
920310110000
920310120000
920310130000
920310140000
920310150000
920310160000
920310170000
920310180000
920310190000
920310200000
920310210000
920310220000
920310230000
920310240000
920310250000
920310260000
920310280000
920310290000
920310300000
920310310000
920310320000
920310330000
920310340000
920310350000
920310370000
920310380000
920310390000
920310400000
920310410000
920310420000
920310430000
920310440000
920310450000
920310460000
920310470000
920310480000
920310490000
920310500000
920310510000
920310520000
920310530000
920310540000
920310550000
920310560000
920310570000
920310580000
920310590000
920310600000
920310610000
920310620000
920310630000
920310640000
920310650000
920310660000
920310680000
920310690000
920310700000
920310710000
920310720000
920310730000
920310740000
920310750000
920310760000
920320010000
920320020000
920320030000
920320040000
920320050000
920320060000
920320070000
920320080000
920320090000
920320100000
920320110000
920320120000
920320130000
920320140000
920320150000
920320160000
920320170000
920320180000
920320190000
920320200000
920320210000
920320220000
920320230000
920320240000
920320250000
920320260000
920320270000
920320280000
920320290000
920320300000
920320310000
920320320000
920320330000
920320340000
920320350000
920320360000
920320370000
920320380000
920320390000
920320400000
920320410000
920320420000
920320430000
920320440000
920320450000
920320460000
920320470000
920320480000
920320490000
920320500000
920320510000
920320520000
920320530000
920320540000
920320550000
920320560000
920320570000
920320580000
920320590000
920320600000
920320610000
920320620000
920320630000
920320640000
920320650000
920320660000
920320670000
920330010000
920330020000
920330030000
920330040000
920330050000
920330060000
920330070000
920330080000
920330090000
920330100000
920330110000
920330120000
920330130000
920330140000
920330150000
920330160000
920330170000
920330180000
920330190000
920330200000
920330210000
920330220000
920330230000
920330240000
920330250000
920330260000
920330270000
920330280000
920330290000
920330300000
920330310000
920330320000
920330330000
920330340000
920330350000
920330360000
920330370000
920330380000
920330390000
920330400000
920330410000
920330420000
920330430000
920330440000
920330450000
920330460000
920330470000
920330480000
920330490000
920330500000
920330510000
920330520000
920330530000
920330540000
920330550000
920330560000
920330570000
920330580000
920330590000
920340010000
920340020000
920340030000
920340040000
920340050000
920340060000
920340070000
920340080000
920340090000
920340100000
920340110000
920340120000
920340130000
920340140000
920340150000
920340160000
920340170000
920340180000
920340190000
920340200000
920340210000
920340220000
920340230000
920340240000
920340250000
920340260000
920340270000
920340280000
920340290000
920340300000
920340310000
920340320000
920340330000
920340340000
920340350000
920340360000
920340370000
920340380000
920340390000
920350010000
920350020000
920350030000
920350040000
920350050000
920350060000
920350070000
920350080000
920350090000
920350110000
920350130000
920350150000
920350160000
920350170000
920350180000
920350190000
920350200000
920350210000
920350220000
920350230000
920350240000
920350250000
920350260000
920350270000
920350280000
920350290000
920350300000
920350310000
920350320000
920350330000
920350340000
920350350000
920350360000
920350370000
920350380000
920350390000
920350400000
920350410000
920350420000
920350430000
920350440000
920350450000
920350460000
920350470000
920350480000
920350490000
920350500000
920350510000
920350520000
920350530000
920350540000
920350550000
920350560000
920350570000
920350580000
920350590000
920350600000
920350610000
920350620000
920350630000
920350640000
920350650000
920350660000
920350670000
920350680000
920350690000
920350710000
920350720000
920350730000
920360010000
920360020000
920360030000
920360040000
920360050000
920360060000
920360070000
920360080000
920360090000
920360100000
920360110000
920360120000
920360130000
920360140000
920360150000
920360160000
920360170000
920360190000
920360200000
920360210000
920360220000
920360230000
920360240000
920360250000
920360260000
920360270000
920360280000
920360290000
920360300000
920360310000
920360320000
920360330000
920360340000
920360350000
920360520000
920360530000
920360540000
920360550000
920360560000
920360570000
920370010000
920370020000
920370030000
920370040000
920370050000
920370060000
920370070000
920370080000
920370090000
920370100000
920370110000
920370120000
920370130000
920370140000
920370150000
920370160000
920370170000
920370180000
920370190000
920370200000
920370210000
920370220000
920370230000
920370240000
920370250000
920370260000
920370270000
920370280000
920370290000
920370300000
920370310000
920370320000
920370330000
920370340000
920370350000
920370360000
920370370000
920370380000
920370390000
920370400000
920370410000
920370420000
920370430000
920370440000
920370450000
920370460000
920370470000
920370480000
920370490000
920370500000
920370510000
920370520000
920370530000
920370540000
920370550000
920370560000
920370570000
920370580000
920370590000
920370600000
920370610000
920370620000
920370630000
920370640000
920370650000
920370660000
920370670000
920370680000
920370690000
920370700000
920370710000
920370720000
920380010000
920380020000
920380030000
920380040000
920380050000
920380060000
920380070000
920380080000
920380090000
920380100000
920380110000
920380120000
920380130000
920380140000
920380150000
920380160000
920380170000
920380180000
920380190000
920380200000
920380210000
920380220000
920380230000
920380240000
920380250000
920380260000
920380270000
920380280000
920380290000
920380300000
920380310000
920380320000
920380330000
920380340000
920380350000
920380360000
920380370000
920380380000
920380390000
920380400000
920380410000
920380420000
920380430000
920380440000
920380450000
920380460000
920380470000
920380480000
920380490000
920380500000
920380510000
920380520000
920380530000
920380540000
920380550000
920380560000
920380570000
920380580000
920390010000
920390020000
920390030000
920390040000
920390050000
920390060000
920390070000
920390080000
920390090000
920390100000
920390110000
920390120000
920390130000
920390140000
920390150000
920390160000
920390170000
920390180000
920390190000
920390200000
920390210000
920390220000
920390230000
920390240000
920390250000
920390260000
920390270000
920390280000
920390290000
920390300000
920390310000
920390320000
920390330000
920390340000
920390350000
920390360000
920390370000
920390380000
920390390000
920390400000
920390410000
920390420000
920390430000
920390440000
920390450000
920390460000
920390470000
920390480000
920390490000
920390500000
920390510000
920390520000
920390530000
920390540000
920390550000
920390560000
920390570000
920390580000
920400010000
920400020000
920400030000
920400040000
920400050000
920400060000
920400070000
920400080000
920400090000
920400100000
920400110000
920400120000
920400130000
920400140000
920400160000
920400170000
920400180000
920400190000
920400200000
920400210000
920400220000
920400230000
920400240000
920400250000
920400260000
920400270000
920400280000
920400290000
920400300000
920400310000
920400320000
920400330000
920400340000
920400350000
920400360000
920400370000
920400380000
920400390000
920400400000
920400410000
920400420000
920400430000
920400440000
920400450000
920400460000
920400470000
920400480000
920400490000
920400500000
920400510000
920400520000
920400530000
920400540000
920400550000
920400560000
920400570000
920400580000
920400590000
920400600000
920400610000
920400620000
920400630000
920400640000
920400650000
920400660000
920400670000
920400680000
920400690000
920400700000
920400710000
920400720000
920400730000
920410010000
920410020000
920410030000
920410040000
920410050000
920410060000
920410070000
920410080000
920410090000
920410100000
920410110000
920410120000
920410130000
920410140000
920410150000
920410160000
920410170000
920410180000
920410190000
920410200000
920410210000
920410220000
920410230000
920410240000
920410250000
920410260000
920410270000
920410280000
920410290000
920410300000
920410310000
920410320000
920410330000
920410340000
920410350000
920410380000
920410390000
920410400000
920410410000
920410420000
920410430000
920410440000
920410450000
920410460000
920410470000
920410480000
920410490000
920410500000
920410510000
920410520000
920410530000
920410540000
920410550000
920410560000
920410570000
920410580000
920410590000
920410600000
920410610000
920410620000
920410630000
920410640000
920410650000
920410700000
920410710000
920410720000
920420010000
920420020000
920420030000
920420040000
920420050000
920420060000
920420070000
920420080000
920420090000
920420100000
920420110000
920420120000
920420130000
920420140000
920420150000
920420160000
920420170000
920420180000
920420190000
920420200000
920420210000
920420220000
920420230000
920420240000
920420250000
920420260000
920420270000
920420280000
920420290000
920420300000
920420310000
920420320000
920420330000
920420340000
920420350000
920420360000
920420370000
920420380000
920420390000
920420400000
920420410000
920420420000
920420430000
920420440000
920420450000
920420460000
920420470000
920420480000
920420490000
920420500000
920420510000
920420520000
920420530000
920420540000
920420550000
920420560000
920420570000
920420580000
920420590000
920420600000
920420610000
920420620000
920420630000
920420640000
920420650000
920420660000
920420670000
920430010000
920430020000
920430030000
920430040000
920430050000
920430060000
920430070000
920430080000
920430090000
920430100000
920430110000
920430120000
920430130000
920430140000
920430150000
920430160000
920430170000
920430180000
920430190000
920430200000
920430210000
920430220000
920430230000
920430240000
920430250000
920430260000
920430270000
920430280000
920430290000
920430300000
920430310000
920430320000
920430330000
920430340000
920430350000
920430360000
920430370000
920430380000
920430390000
920430400000
920430410000
920430420000
920430430000
920430440000
920430450000
920430460000
920430470000
920430480000
920430490000
920430500000
920430510000
920430520000
920430530000
920430540000
920430550000
920430560000
920430570000
920430580000
920430590000
920430600000
920430610000
920430620000
920430630000
920430640000
920430650000
920430660000
920430670000
920440010000
920440020000
920440030000
920440040000
920440050000
920440060000
920440070000
920440080000
920440090000
920440100000
920440110000
920440120000
920440130000
920440140000
920440150000
920440160000
920440170000
920440180000
920440190000
920440200000
920440210000
920440220000
920440230000
920440240000
920440250000
920440260000
920440270000
920440280000
920440290000
920440300000
920440310000
920440320000
920440330000
920440340000
920440350000
920440360000
920440370000
920440380000
920440390000
920440400000
920440410000
920440420000
920440430000
920440440000
920440450000
920440460000
920440470000
920440480000
920440490000
920440500000
920440510000
920440520000
920440530000
920440540000
920440550000
920440560000
920440570000
920440580000
920440590000
920440600000
920440610000
920440620000
920440630000
920440640000
920440650000
920440660000
920440670000
920440680000
920440700000
920440710000
920440720000
920440730000
920440740000
920440750000
920440760000
920450010000
920450020000
920450030000
920450040000
920450050000
920450060000
920450070000
920450080000
920450090000
920450100000
920450110000
920450120000
920450130000
920450140000
920450150000
920450160000
920450170000
920450180000
920450190000
920450200000
920450210000
920450220000
920450230000
920450240000
920450250000
920450260000
920450270000
920450280000
920450290000
920450300000
920450310000
920450320000
920450330000
920450340000
920450350000
920450360000
920450370000
920450380000
920450390000
920450400000
920450410000
920450420000
920450430000
920450440000
920450450000
920450460000
920450470000
920450480000
920450490000
920450500000
920450510000
920450520000
920450530000
920450540000
920450550000
920450560000
920450570000
920450580000
920450590000
920450600000
920460010000
920460020000
920460030000
920460040000
920460050000
920460060000
920460070000
920460080000
920460090000
920460100000
920460110000
920460120000
920460130000
920460140000
920460150000
920460160000
920460170000
920460180000
920460190000
920460200000
920460210000
920460220000
920460230000
920460240000
920460250000
920460260000
920460270000
920460280000
920460290000
920460300000
920460310000
920460320000
920460330000
920460340000
920460350000
920460360000
920460370000
920460380000
920460390000
920460400000
920460410000
920460420000
920460430000
920460440000
920460450000
920460460000
920460470000
920460480000
920460490000
920460500000
920460510000
920460520000
920460530000
920460540000
920460550000
920460560000
920460570000
920460580000
920460590000
920460600000
920460610000
920460620000
920460630000
920460640000
920460650000
920460660000
920460670000
920460680000
920460690000
920460700000
920460710000
920460720000
920470010000
920470020000
920470030000
920470040000
920470050000
920470060000
920470070000
920470080000
920470090000
920470100000
920470110000
920470120000
920470130000
920470140000
920470150000
920470160000
920470170000
920470180000
920470190000
920470200000
920470210000
920470220000
920470230000
920470240000
920470250000
920470260000
920470270000
920470280000
920470290000
920470300000
920470310000
920470320000
920470330000
920470340000
920470350000
920470360000
920470370000
920470390000
920470400000
920470410000
920470420000
920470430000
920470440000
920470450000
920470460000
920470470000
920470480000
920470490000
920470500000
920470510000
920470520000
920470530000
920470540000
920470550000
920470560000
920470570000
920470580000
920470590000
920470600000
920470610000
920470620000
920470630000
920470640000
920470650000
920470660000
920470670000
920470680000
920470690000
920470700000
920470710000
920480010000
920480020000
920480030000
920480040000
920480050000
920480060000
920480070000
920480080000
920480090000
920480100000
920480110000
920480120000
920480130000
920480140000
920480150000
920480160000
920480170000
920480180000
920480190000
920480200000
920480210000
920480220000
920480230000
920480240000
920480250000
920480260000
920480290000
920480310000
920480320000
920480330000
920480370000
920480380000
920480390000
920480400000
920480410000
920480420000
920480430000
920480440000
920480450000
920480460000
920480470000
920480480000
920480490000
920480500000
920480510000
920480520000
920480530000
920480540000
920480550000
920480560000
920480570000
920480580000
920480590000
920480600000
920480610000
920480620000
920480630000
920480640000
920480650000
920480660000
920480670000
920480680000
920480690000
920480700000
920480710000
920480720000
920490010000
920490020000
920490030000
920490040000
920490050000
920490060000
920490070000
920490080000
920490090000
920490100000
920490110000
920490120000
920490130000
920490140000
920490150000
920490160000
920490170000
920490180000
920490190000
920490200000
920490210000
920490220000
920490230000
920490240000
920490250000
920490260000
920490270000
920490280000
920490290000
920490300000
920490310000
920490320000
920490330000
920490340000
920490350000
920490360000
920490370000
920490380000
920490390000
920490400000
920490410000
920490420000
920490430000
920490440000
920490450000
920490460000
920490470000
920490480000
920490490000
920490500000
920490510000
920490520000
920490530000
920490540000
920490550000
920490560000
920490570000
920490580000
920490590000
920490600000
920490610000
920490620000
920490630000
920490640000
920490650000
920490660000
920490670000
920490680000
920490690000
920490700000
920490710000
920490720000
920500010000
920500020000
920500030000
920500040000
920500050000
920500060000
920500070000
920500080000
920500090000
920500100000
920500110000
920500120000
920500130000
920500140000
920500150000
920500160000
920500170000
920500180000
920500190000
920500200000
920500210000
920500220000
920500230000
920500240000
920500250000
920500260000
920500270000
920500280000
920500290000
920500300000
920500310000
920500320000
920500330000
920500340000
920500350000
920500360000
920500370000
920500380000
920500390000
920500400000
920500410000
920500420000
920500430000
920500440000
920500450000
920500460000
920500470000
920500480000
920500490000
920500500000
920500510000
920500520000
920500540000
920500550000
920500560000
920500570000
920500580000
920500590000
920500600000
920500610000
920500620000
920500630000
920500640000
920500650000
920500660000
920500670000
920500680000
920500690000
920500700000
920500710000
920500720000
920510010000
920510020000
920510030000
920510040000
920510050000
920510060000
920510070000
920510080000
920510090000
920510100000
920510110000
920510120000
920510130000
920510140000
920510150000
920510160000
920510170000
920510180000
920510190000
920510200000
920510210000
920510220000
920510230000
920510240000
920510250000
920510260000
920510270000
920510280000
920510290000
920510300000
920510310000
920510320000
920510330000
920510340000
920510350000
920510360000
920510370000
920510380000
920510390000
920510400000
920510410000
920510420000
920510430000
920510440000
920510450000
920510460000
920510470000
920510480000
920510490000
920510500000
920510510000
920510530000
920510540000
920510550000
920510560000
920510570000
920510580000
920510590000
920510600000
920510610000
920510620000
920510630000
920510640000
920510650000
920510660000
920510670000
920510680000
920510690000
920510700000
920510710000
920510720000
920520010000
920520020000
920520030000
920520040000
920520050000
920520060000
920520070000
920520080000
920520090000
920520100000
920520110000
920520120000
920520130000
920520140000
920520150000
920520160000
920520170000
920520180000
920520190000
920520200000
920520210000
920520230000
920520250000
920520260000
920520270000
920520280000
920520290000
920520300000
920520310000
920520320000
920520330000
920520340000
920520350000
920520360000
920520370000
920520380000
920520390000
920520400000
920520410000
920520420000
920520430000
920520440000
920520450000
920520460000
920520470000
920520480000
920520490000
920520500000
920520510000
920520520000
920520530000
920520540000
920520550000
920520560000
920520570000
920520580000
920520590000
920520600000
920520610000
920520620000
920520630000
920520640000
920520650000
920520660000
920520670000
920520680000
920520690000
920520700000
920520710000
920520720000
920530010000
920530020000
920530030000
920530040000
920530050000
920530060000
920530070000
920530080000
920530090000
920530100000
920530110000
920530120000
920530130000
920530140000
920530150000
920530160000
920530170000
920530180000
920530190000
920530200000
920530210000
920530220000
920530230000
920530240000
920530250000
920530260000
920530270000
920530280000
920530290000
920530300000
920530310000
920530320000
920530330000
920530340000
920530350000
920530360000
920530370000
920530380000
920530390000
920530400000
920530410000
920530420000
920530430000
920530440000
920530450000
920530460000
920530470000
920530480000
920530490000
920530500000
920530510000
920530520000
920530530000
920530540000
920530550000
920530560000
920530570000
920530580000
920530590000
920530600000
920530610000
920530620000
920530630000
920530640000
920530650000
920530660000
920530670000
920530680000
920530690000
920530700000
920530710000
920530720000
920540010000
920540020000
920540030000
920540040000
920540050000
920540060000
920540070000
920540080000
920540090000
920540100000
920540110000
920540120000
920540130000
920540140000
920540150000
920540160000
920540170000
920540180000
920540190000
920540200000
920540210000
920540220000
920540230000
920540240000
920540250000
920540260000
920540270000
920540280000
920540290000
920540300000
920540310000
920540320000
920540330000
920540340000
920540350000
920540360000
920540370000
920540380000
920540390000
920540400000
920540410000
920540420000
920540430000
920540440000
920540450000
920540460000
920540470000
920540480000
920540490000
920540500000
920540510000
920540520000
920540530000
920540540000
920540550000
920540560000
920540570000
920540580000
920540590000
920540600000
920540610000
920540620000
920540630000
920540640000
920540650000
920540660000
920540670000
920540680000
920540690000
920540700000
920540710000
920540720000
920550010000
920550020000
920550030000
920550040000
920550050000
920550060000
920550070000
920550080000
920550090000
920550100000
920550110000
920550120000
920550130000
920550140000
920550150000
920550160000
920550170000
920550180000
920550190000
920550200000
920550210000
920550220000
920550230000
920550240000
920550250000
920550260000
920550270000
920550280000
920550290000
920550300000
920550310000
920550320000
920550330000
920550340000
920550350000
920550360000
920550370000
920550380000
920550390000
920550400000
920550410000
920550420000
920550430000
920550440000
920550450000
920550460000
920550470000
920550480000
920550490000
920550500000
920550510000
920550520000
920550530000
920550540000
920550550000
920550560000
920550570000
920550580000
920550590000
920550600000
920550610000
920550620000
920550630000
920550640000
920550650000
920550660000
920550670000
920550680000
920550690000
920550700000
920550710000
920550720000
920560010000
920560020000
920560030000
920560040000
920560050000
920560060000
920560070000
920560080000
920560090000
920560100000
920560110000
920560120000
920560130000
920560140000
920560150000
920560160000
920560170000
920560180000
920560190000
920560200000
920560210000
920560220000
920560230000
920560240000
920560250000
920560260000
920560270000
920560280000
920560290000
920560300000
920560310000
920560320000
920560330000
920560340000
920560350000
920560360000
920560370000
920560380000
920560390000
920560400000
920560410000
920560420000
920560430000
920560440000
920560450000
920560460000
920560470000
920560480000
920560490000
920560500000
920560510000
920560520000
920560530000
920560540000
920560550000
920560560000
920560570000
920560580000
920560590000
920560600000
920560610000
920560620000
920560630000
920560640000
920560650000
920560660000
920560670000
920560680000
920560690000
920560700000
920560710000
920560720000
920570010000
920570020000
920570030000
920570040000
920570050000
920570060000
920570070000
920570080000
920570090000
920570100000
920570110000
920570120000
920570130000
920570140000
920570150000
920570160000
920570170000
920570180000
920570190000
920570200000
920570210000
920570220000
920570230000
920570240000
920570250000
920570260000
920570270000
920570280000
920570290000
920570300000
920570310000
920570320000
920570330000
920570340000
920570350000
920570360000
920570370000
920570380000
920570390000
920570400000
920570410000
920570420000
920570430000
920570440000
920570450000
920570460000
920570470000
920570480000
920570490000
920570500000
920570510000
920570520000
920570530000
920570540000
920570550000
920570560000
920570570000
920570580000
920570590000
920570600000
920570610000
920570620000
920570630000
920570640000
920570650000
920570660000
920570670000
920570680000
920570690000
920570700000
920570710000
920570720000
920580010000
920580020000
920580030000
920580040000
920580050000
920580060000
920580070000
920580080000
920580090000
920580100000
920580110000
920580120000
920580130000
920580140000
920580150000
920580160000
920580170000
920580180000
920580190000
920580200000
920580210000
920580220000
920580230000
920580240000
920580250000
920580260000
920580270000
920580280000
920580290000
920580300000
920580310000
920580320000
920580330000
920580340000
920580350000
920580360000
920580370000
920580380000
920580390000
920580400000
920580410000
920580420000
920580430000
920580440000
920580450000
920580460000
920580470000
920580480000
920580490000
920580500000
920580510000
920580520000
920580530000
920580540000
920580550000
920580560000
920580580000
920580590000
920580600000
920580610000
920580620000
920580630000
920580640000
920580650000
920580660000
920580670000
920580680000
920580690000
920580700000
920580710000
920580720000
920590010000
920590030000
920590040000
920590050000
920590060000
920590070000
920590080000
920590090000
920590100000
920590110000
920590120000
920590130000
920590140000
920590150000
920590160000
920590170000
920590180000
920590190000
920590200000
920590210000
920590220000
920590230000
920590240000
920590250000
920590260000
920590270000
920590280000
920590290000
920590300000
920590310000
920590320000
920590330000
920590340000
920590350000
920590360000
920590370000
920590380000
920590390000
920590400000
920590410000
920590420000
920590430000
920590440000
920590450000
920590460000
920590470000
920590480000
920590490000
920590500000
920590510000
920590520000
920590530000
920590540000
920590550000
920590560000
920590570000
920590580000
920590590000
920590620000
920590630000
920590640000
920590650000
920590660000
920590670000
920590680000
920590690000
920590700000
920590710000
920590720000
920590730000
920590740000
920590750000
920590760000
920600010000
920600020000
920600030000
920600040000
920600050000
920600060000
920600070000
920600080000
920600090000
920600100000
920600110000
920600120000
920600130000
920600140000
920600150000
920600160000
920600170000
920600180000
920600190000
920600200000
920600210000
920600220000
920600230000
920600240000
920600250000
920600260000
920600270000
920600280000
920600290000
920600300000
920600310000
920600320000
920600330000
920600340000
920600350000
920600360000
920600370000
920600380000
920600390000
920600400000
920600410000
920600420000
920600430000
920600440000
920600450000
920600460000
920600470000
920600480000
920600490000
920600500000
920600510000
920600520000
920600530000
920600540000
920600550000
920600560000
920600570000
920600580000
920600590000
920600600000
920600610000
920600620000
920600630000
920600640000
920600650000
920600660000
920600670000
920610010000
920610020000
920610030000
920610040000
920610050000
920610060000
920610070000
920610080000
920610090000
920610100000
920610110000
920610120000
920610130000
920610140000
920610150000
920610160000
920610170000
920610180000
920610190000
920610200000
920610210000
920610220000
920610230000
920610240000
920610250000
920610260000
920610270000
920610280000
920610290000
920610300000
920610310000
920610320000
920610330000
920610340000
920610350000
920610360000
920610370000
920610380000
920610390000
920610400000
920610410000
920610420000
920610430000
920610440000
920610450000
920610460000
920610470000
920610480000
920610490000
920610500000
920610510000
920610520000
920610530000
920610540000
920610550000
920610560000
920610570000
920610580000
920610590000
920610600000
920610610000
920610620000
920610630000
920610640000
920610650000
920610660000
920610670000
920610680000
920610690000
920610700000
920610710000
920610720000
920620010000
920620020000
920620030000
920620040000
920620050000
920620060000
920620070000
920620080000
920620090000
920620100000
920620110000
920620120000
920620130000
920620140000
920620150000
920620160000
920620170000
920620180000
920620190000
920620200000
920620210000
920620220000
920620230000
920620240000
920620250000
920620260000
920620270000
920620280000
920620290000
920620300000
920620310000
920620320000
920620330000
920620340000
920620350000
920620360000
920620370000
920620380000
920620390000
920620400000
920620410000
920620420000
920620430000
920620440000
920620450000
920620460000
920620470000
920620480000
920620490000
920620500000
920620510000
920620520000
920620530000
920620540000
920620560000
920620570000
920620580000
920620590000
920620600000
920620610000
920620620000
920620630000
920620640000
920620650000
920620660000
920620670000
920630010000
920630020000
920630030000
920630040000
920630050000
920630070000
920630130000
920630140000
920630150000
920630160000
920630170000
920630180000
920630190000
920630200000
920630210000
920630220000
920630230000
920630240000
920630250000
920630260000
920630270000
920630280000
920630310000
920630320000
920630330000
920630340000
920630350000
920630360000
920630380000
920630390000
920630400000
920630410000
920630420000
920630430000
920630440000
920630450000
920630460000
920630470000
920630480000
920630490000
920630500000
920630510000
920630520000
920630530000
920630540000
920630550000
920630560000
920630570000
920630580000
920630590000
920630600000
920630610000
920630620000
920630630000
920630640000
920630650000
920630660000
920630670000
920630680000
920630690000
920630700000
920630710000
920630720000
920630730000
920630740000
920630750000
920630760000
920640010000
920640020000
920640030000
920640050000
920640060000
920640070000
920640080000
920640090000
920640100000
920640110000
920640120000
920640130000
920640140000
920640150000
920640160000
920640170000
920640180000
920640190000
920640200000
920640210000
920640220000
920640230000
920640240000
920640250000
920640260000
920640270000
920640280000
920640290000
920640300000
920640310000
920640320000
920640330000
920640340000
920640350000
920640360000
920640370000
920640380000
920640390000
920640400000
920640410000
920640420000
920640430000
920640440000
920640450000
920640460000
920640470000
920640480000
920640490000
920640500000
920640510000
920640520000
920640530000
920640540000
920640550000
920640560000
920640570000
920640580000
920640590000
920640600000
920640610000
920640620000
920640630000
920640640000
920640650000
920640660000
920640670000
920640680000
920640690000
920640700000
920640710000
920640720000
920650010000
920650020000
920650030000
920650040000
920650050000
920650060000
920650070000
920650080000
920650090000
920650100000
920650110000
920650120000
920650130000
920650140000
920650150000
920650160000
920650170000
920650180000
920650190000
920650200000
920650210000
920650220000
920650230000
920650240000
920650250000
920650260000
920650270000
920650280000
920650290000
920650300000
920650310000
920650320000
920650330000
920650340000
920650350000
920650360000
920650370000
920650380000
920650390000
920650400000
920650410000
920650420000
920650430000
920650440000
920650450000
920650460000
920650470000
920650480000
920650490000
920650500000
920650510000
920650520000
920650530000
920650540000
920650550000
920650560000
920650570000
920650580000
920650590000
920650600000
920650610000
920650620000
920650630000
920650640000
920650650000
920650660000
920650670000
920650680000
920650690000
920650700000
920650710000
920650720000
920660010000
920660020000
920660030000
920660040000
920660050000
920660060000
920660070000
920660080000
920660090000
920660100000
920660110000
920660120000
920660130000
920660140000
920660150000
920660160000
920660170000
920660180000
920660190000
920660200000
920660210000
920660220000
920660230000
920660240000
920660250000
920660260000
920660270000
920660280000
920660290000
920660300000
920660310000
920660320000
920660330000
920660340000
920660350000
920660360000
920660370000
920660380000
920660390000
920660400000
920660410000
920660420000
920660430000
920660440000
920660450000
920660460000
920660470000
920660480000
920660490000
920660500000
920660510000
920660520000
920660530000
920660540000
920660550000
920660560000
920660570000
920660580000
920660590000
920660600000
920660610000
920660620000
920660630000
920660640000
920660650000
920660660000
920660680000
920660690000
920660700000
920660710000
920670010000
920670020000
920670030000
920670040000
920670050000
920670060000
920670070000
920670080000
920670090000
920670100000
920670110000
920670120000
920670130000
920670140000
920670150000
920670160000
920670170000
920670180000
920670190000
920670200000
920670210000
920670220000
920670230000
920670240000
920670250000
920670260000
920670270000
920670280000
920670290000
920670300000
920670310000
920670320000
920670330000
920670340000
920670350000
920670360000
920670370000
920670380000
920670390000
920670400000
920670410000
920670420000
920670430000
920670440000
920670450000
920670460000
920670470000
920670480000
920670490000
920670500000
920670510000
920670520000
920670530000
920670540000
920670550000
920670560000
920670570000
920670580000
920670590000
920670600000
920670610000
920670620000
920670630000
920670640000
920670650000
920670660000
920670670000
920670680000
920670690000
920670700000
920670710000
920670720000
920680010000
920680020000
920680030000
920680040000
920680050000
920680060000
920680070000
920680080000
920680090000
920680100000
920680110000
920680120000
920680130000
920680140000
920680150000
920680160000
920680170000
920680180000
920680190000
920680200000
920680210000
920680220000
920680230000
920680240000
920680250000
920680260000
920680270000
920680280000
920680290000
920680300000
920680310000
920680320000
920680330000
920680340000
920680350000
920680360000
920680370000
920680380000
920680390000
920680400000
920680410000
920680420000
920680430000
920680440000
920680450000
920680460000
920680470000
920680480000
920680490000
920680500000
920680510000
920680520000
920680530000
920680540000
920680550000
920680560000
920680570000
920680580000
920680590000
920680600000
920680610000
920680620000
920680630000
920680650000
920680670000
920680680000
920680690000
920680700000
920680710000
920680720000
920690010000
920690020000
920690030000
920690040000
920690050000
920690060000
920690070000
920690080000
920690090000
920690100000
920690110000
920690120000
920690130000
920690140000
920690150000
920690160000
920690170000
920690180000
920690190000
920690200000
920690210000
920690220000
920690230000
920690240000
920690250000
920690260000
920690270000
920690280000
920690290000
920690300000
920690310000
920690320000
920690330000
920690340000
920690350000
920690360000
920690370000
920690380000
920690390000
920690400000
920690410000
920690420000
920690430000
920690440000
920690450000
920690460000
920690470000
920690480000
920690490000
920690500000
920690510000
920690520000
920690530000
920690540000
920690550000
920690560000
920690570000
920690580000
920690590000
920690600000
920690610000
920690620000
920690630000
920690640000
920690650000
920690660000
920690670000
920690680000
920690690000
920690700000
920690720000
920700010000
920700020000
920700030000
920700050000
920700060000
920700070000
920700080000
920700090000
920700100000
920700110000
920700120000
920700130000
920700140000
920700150000
920700160000
920700170000
920700180000
920700190000
920700200000
920700210000
920700220000
920700230000
920700240000
920700250000
920700260000
920700270000
920700280000
920700290000
920700300000
920700310000
920700320000
920700330000
920700340000
920700350000
920700360000
920700370000
920700630000
920700640000
920700650000
920700660000
920700670000
920700680000
920710010000
920710020000
920710030000
920710040000
920710050000
920710060000
920710070000
920710080000
920710090000
920710100000
920710110000
920710120000
920710130000
920710140000
920710150000
920710160000
920710170000
920710180000
920710190000
920710200000
920710210000
920710220000
920710230000
920710240000
920710250000
920710260000
920710270000
920710280000
920710290000
920710300000
920710310000
920710320000
920710330000
920710340000
920710350000
920710360000
920710370000
920710390000
920710400000
920710410000
920710420000
920710430000
920710440000
920710450000
920710460000
920710470000
920710480000
920710490000
920710500000
920710510000
920710530000
920710540000
920710550000
920710560000
920710570000
920710580000
920710590000
920710600000
920710610000
920710620000
920710630000
920710640000
920710650000
920710660000
920710670000
920710680000
920710690000
920710700000
920710710000
920710720000
920720010000
920720020000
920720030000
920720040000
920720050000
920720060000
920720070000
920720080000
920720090000
920720100000
920720110000
920720120000
920720130000
920720140000
920720150000
920720160000
920720170000
920720180000
920720190000
920720200000
920720210000
920720220000
920720230000
920720240000
920720250000
920720260000
920720270000
920720280000
920720290000
920720300000
920720310000
920720320000
920720330000
920720340000
920720350000
920720360000
920720370000
920720380000
920720390000
920720400000
920720410000
920720420000
920720430000
920720440000
920720450000
920720460000
920720470000
920720480000
920720490000
920720510000
920720520000
920720530000
920720540000
920720550000
920720560000
920720570000
920720580000
920720590000
920720600000
920720610000
920720620000
920720630000
920720640000
920720650000
920720660000
920720670000
920720680000
920720690000
920720700000
920720710000
920720720000
920730010000
920730020000
920730030000
920730040000
920730050000
920730060000
920730070000
920730080000
920730090000
920730100000
920730110000
920730120000
920730130000
920730140000
920730150000
920730160000
920730170000
920730180000
920730190000
920730200000
920730210000
920730220000
920730230000
920730240000
920730250000
920730260000
920730270000
920730280000
920730290000
920730300000
920730310000
920730320000
920730330000
920730340000
920730350000
920730360000
920730370000
920730380000
920730390000
920730400000
920730410000
920730420000
920730430000
920730440000
920730450000
920730460000
920730470000
920730480000
920730490000
920730500000
920730510000
920730520000
920730530000
920730540000
920730550000
920730560000
920730570000
920730580000
920730590000
920730600000
920730610000
920730620000
920730630000
920730640000
920730650000
920730660000
920730670000
920730680000
920730690000
920730700000
920730710000
920730720000
920740010000
920740020000
920740030000
920740040000
920740050000
920740060000
920740070000
920740080000
920740090000
920740100000
920740110000
920740120000
920740130000
920740140000
920740150000
920740160000
920740170000
920740180000
920740190000
920740200000
920740210000
920740220000
920740230000
920740240000
920740250000
920740260000
920740270000
920740280000
920740290000
920740300000
920740310000
920740320000
920740330000
920740340000
920740350000
920740360000
920740370000
920740380000
920740390000
920740400000
920740410000
920740420000
920740430000
920740440000
920740450000
920740460000
920740470000
920740480000
920740490000
920740500000
920740510000
920740520000
920740530000
920740540000
920740550000
920740560000
920740570000
920740580000
920740590000
920740600000
920740610000
920740620000
920740630000
920740640000
920740650000
920740660000
920740670000
920740680000
920740690000
920740700000
920740710000
920740720000
920750010000
920750020000
920750030000
920750040000
920750050000
920750060000
920750070000
920750080000
920750090000
920750100000
920750110000
920750120000
920750130000
920750140000
920750150000
920750160000
920750170000
920750180000
920750190000
920750200000
920750210000
920750220000
920750230000
920750240000
920750270000
920750280000
920750290000
920750300000
920750310000
920750320000
920750330000
920750340000
920750350000
920750360000
920750370000
920750380000
920750390000
920750400000
920750410000
920750420000
920750430000
920750440000
920750450000
920750460000
920750470000
920750480000
920750490000
920750510000
920750520000
920750530000
920750540000
920750550000
920750560000
920750570000
920750580000
920750590000
920750610000
920750620000
920750630000
920750640000
920750650000
920750660000
920750670000
920750680000
920750690000
920750700000
920750710000
920750720000
920760010000
920760020000
920760030000
920760040000
920760050000
920760060000
920760070000
920760080000
920760090000
920760100000
920760110000
920760120000
920760130000
920760140000
920760150000
920760160000
920760170000
920760180000
920760190000
920760200000
920760210000
920760220000
920760230000
920760240000
920760250000
920760260000
920760270000
920760280000
920760290000
920760300000
920760310000
920760320000
920760330000
920760340000
920760350000
920760360000
920760370000
920760380000
920760390000
920760400000
920760410000
920760420000
920760430000
920760440000
920760450000
920760460000
920760470000
920760480000
920760490000
920760500000
920760510000
920760520000
920760530000
920760540000
920760550000
920760560000
920760570000
920760580000
920760590000
920760600000
920760610000
920760620000
920760630000
920760640000
920760650000
920760660000
920760670000
920760680000
920760690000
920760700000
920760710000
920760720000
920770010000
920770020000
920770030000
920770040000
920770050000
920770060000
920770070000
920770080000
920770090000
920770100000
920770110000
920770120000
920770130000
920770140000
920770150000
920770170000
920770190000
920770200000
920770210000
920770220000
920770230000
920770240000
920770250000
920770260000
920770270000
920770280000
920770290000
920770300000
920770310000
920770320000
920770330000
920770340000
920770350000
920770360000
920770370000
920770380000
920770390000
920770400000
920770410000
920770420000
920770430000
920770440000
920770450000
920770460000
920770470000
920770480000
920770490000
920770500000
920770510000
920770520000
920770530000
920770540000
920770550000
920770560000
920770570000
920770580000
920770590000
920770600000
920770610000
920770620000
920770630000
920770640000
920770650000
920770660000
920770670000
920770680000
920770690000
920770700000
920770720000
920780010000
920780020000
920780030000
920780040000
920780050000
920780060000
920780070000
920780080000
920780090000
920780100000
920780110000
920780120000
920780130000
920780140000
920780150000
920780170000
920780190000
920780200000
920780210000
920780220000
920780240000
920780250000
920780260000
920780270000
920780280000
920780290000
920780300000
920780310000
920780320000
920780330000
920780340000
920780350000
920780360000
920780370000
920780380000
920780390000
920780400000
920780420000
920780430000
920780440000
920780450000
920780460000
920780470000
920780480000
920780490000
920780500000
920780510000
920780520000
920780530000
920780540000
920780550000
920780560000
920780570000
920780580000
920780590000
920780600000
920780610000
920780620000
920780630000
920780640000
920780650000
920780660000
920780670000
920780680000
920780690000
920780700000
920780710000
920780720000
920780730000
920780740000
920780750000
920780760000
920790010000
920790020000
920790030000
920790040000
920790050000
920790060000
920790070000
920790080000
920790090000
920790100000
920790110000
920790120000
920790130000
920790140000
920790150000
920790160000
920790170000
920790180000
920790190000
920790200000
920790210000
920790220000
920790230000
920790240000
920790250000
920790260000
920790270000
920790280000
920790290000
920790300000
920790310000
920790320000
920790330000
920790340000
920790350000
920790370000
920790380000
920790390000
920790400000
920790410000
920790420000
920790430000
920790440000
920790460000
920790470000
920790480000
920790490000
920790500000
920790510000
920790520000
920790530000
920790540000
920790550000
920790560000
920790570000
920790580000
920790590000
920790600000
920790610000
920790620000
920790630000
920790640000
920790650000
920790660000
920790670000
920790680000
920790690000
920790700000
920790710000
920790720000
920800010000
920800020000
920800030000
920800040000
920800050000
920800060000
920800070000
920800080000
920800090000
920800100000
920800110000
920800120000
920800130000
920800140000
920800150000
920800160000
920800170000
920800180000
920800190000
920800200000
920800210000
920800220000
920800230000
920800240000
920800250000
920800260000
920800270000
920800280000
920800290000
920800300000
920800310000
920800320000
920800330000
920800340000
920800350000
920800370000
920800380000
920800390000
920800400000
920800410000
920800420000
920800430000
920800440000
920800450000
920800460000
920800470000
920800480000
920800490000
920800500000
920800510000
920800520000
920800530000
920800540000
920800550000
920800560000
920800570000
920800580000
920800590000
920800600000
920800610000
920800620000
920800630000
920800640000
920800650000
920800660000
920800670000
920800680000
920800690000
920800710000
920800720000
920810010000
920810020000
920810030000
920810040000
920810050000
920810060000
920810070000
920810080000
920810090000
920810100000
920810110000
920810120000
920810130000
920810140000
920810150000
920810160000
920810170000
920810180000
920810190000
920810200000
920810210000
920810220000
920810230000
920810240000
920810250000
920810260000
920810270000
920810280000
920810290000
920810300000
920810310000
920810320000
920810330000
920810340000
920810350000
920810360000
920810370000
920810380000
920810390000
920810400000
920810410000
920810420000
920810430000
920810440000
920810450000
920810460000
920810470000
920810480000
920810490000
920810500000
920810510000
920810520000
920810530000
920810540000
920810550000
920810560000
920810570000
920810580000
920810590000
920810600000
920810610000
920810620000
920810630000
920810640000
920810650000
920810660000
920810670000
920810680000
920810690000
920810700000
920820010000
920820020000
920820030000
920820050000
920820060000
920820070000
920820080000
920820090000
920820100000
920820110000
920820120000
920820130000
920820140000
920820150000
920820160000
920820170000
920820180000
920820190000
920820200000
920820210000
920820220000
920830020000
920830030000
920830050000
920830060000
920830070000
920830080000
920830090000
920830100000
920830110000
920830120000
920830130000
920830140000
920830150000
920830160000
920830170000
920830180000
920830190000
920830200000
920830210000
920840010000
920840020000
920840030000
920840040000
920840050000
920840060000
920840070000
920840080000
920840090000
920840100000
920840110000
920840120000
920840130000
920840140000
920840150000
920840160000
920840170000
920840180000
920840190000
920840200000
920840210000
920840220000
920840230000
920840240000
920840250000
920840260000
920840270000
920840280000
920840290000
920840300000
920840310000
920840320000
920840330000
920840340000
920840350000
920840360000
920840370000
920840380000
920840390000
920840400000
920840410000
920840420000
920840430000
920840440000
920840450000
920840460000
920840470000
920840480000
920840490000
920840500000
920840510000
920840520000
920840540000
920840550000
920840560000
920840570000
920840580000
920840590000
920840600000
920840610000
920840620000
920840630000
920840640000
920840650000
920840660000
920840670000
920840680000
920840690000
920850010000
920850020000
920850030000
920850040000
920850050000
920850060000
920850070000
920850080000
920850090000
920850100000
920850110000
920850120000
920850130000
920850140000
920850150000
920850160000
920850170000
920850180000
920850190000
920850200000
920850210000
920850220000
920850230000
920850240000
920850250000
920850260000
920850270000
920850280000
920850300000
920850320000
920850330000
920850340000
920850350000
920860010000
920860020000
920860030000
920860040000
920860050000
920860060000
920860080000
920860090000
920860100000
920860110000
920860120000
920860130000
920860140000
920860150000
920860160000
920860170000
920860180000
920860190000
920860200000
920860210000
920860220000
920870010000
920870020000
920870030000
920870040000
920870050000
920870060000
920870070000
920870080000
920870090000
920870100000
920870110000
920870120000
920870130000
920870140000
920870150000
920870160000
920870170000
920870180000
920870190000
920870200000
920870210000
920870220000
920870230000
920870240000
920870250000
920870260000
920870270000
920870280000
920870290000
920870300000
920870310000
920870320000
920870330000
920870340000
920870350000
920870360000
920870370000
920870380000
920870390000
920870400000
920870410000
920870420000
920870430000
920870440000
920870450000
920870460000
920870470000
920870480000
920870490000
920870500000
920870510000
920870520000
920870530000
920870540000
920870550000
920870560000
920870570000
920870580000
920870590000
920870600000
920870610000
920870620000
920870630000
920870640000
920870650000
920870660000
920870670000
920870680000
920870690000
920870700000
920870710000
920870720000
920880010000
920880020000
920880030000
920880040000
920880050000
920880060000
920880070000
920880080000
920880090000
920880100000
920880110000
920880120000
920880130000
920880140000
920880150000
920880160000
920880170000
920880180000
920890010000
920890020000
920890030000
920890040000
920890050000
920890060000
920890070000
920890080000
920890090000
920890100000
920890110000
920890120000
920890130000
920890140000
920890150000
920890160000
920890170000
920890180000
920900010000
920900020000
920900030000
920900040000
920900050000
920900060000
920900070000
920900080000
920900090000
920900100000
920900110000
920900120000
920900130000
920900140000
920900150000
920900160000
920900170000
920900180000
920900190000
920900200000
920900210000
920900220000
920900230000
920900240000
920900250000
920900260000
920900270000
920900280000
920900290000
920900300000
920900310000
920900320000
920900330000
920900340000
920900350000
920900360000
920900370000
920900380000
920900390000
920900400000
920900410000
920900420000
920900430000
920900440000
920900450000
920900460000
920900470000
920900480000
920900490000
920900500000
920900510000
920900520000
920900530000
920900540000
920900550000
920900560000
920900570000
920900580000
920900590000
920900600000
920900610000
920900620000
920900630000
920900640000
920900650000
920900660000
920900670000
920900680000
920900690000
920900700000
920900710000
920900720000
920910010000
920910020000
920910030000
920910040000
920910050000
920910060000
920910070000
920910080000
920910090000
920910100000
920910110000
920910120000
920910130000
920910140000
920910150000
920910160000
920910170000
920910180000
920910190000
920910200000
920910210000
920910220000
920910230000
920910240000
920910250000
920910260000
920910270000
920910280000
920910290000
920910300000
920910310000
920910320000
920910330000
920910340000
920910350000
920910360000
920910370000
920910380000
920910390000
920910400000
920910410000
920910420000
920910430000
920910440000
920910450000
920910460000
920910470000
920910480000
920910490000
920910500000
920910510000
920910520000
920910530000
920910540000
920910550000
920910560000
920910570000
920910580000
920910590000
920910600000
920910610000
920910620000
920910630000
920910640000
920910650000
920910660000
920910670000
920910680000
920910690000
920910700000
920910710000
920910720000
920920010000
920920020000
920920030000
920920040000
920920050000
920920060000
920920070000
920920080000
920920090000
920920100000
920920110000
920920120000
920920130000
920920140000
920920150000
920920160000
920920170000
920920180000
920920190000
920920200000
920920210000
920920220000
920920230000
920920240000
920920250000
920920260000
920920270000
920920280000
920930010000
920930020000
920930030000
920930040000
920930050000
920930060000
920930070000
920930080000
920930090000
920930120000
920930130000
920930140000
920930150000
920930160000
920930170000
920930180000
920930190000
920930200000
920930210000
920930220000
920930230000
920930240000
920930250000
920930260000
920930270000
920930280000
920930290000
920930300000
920930310000
920930320000
920930330000
920930340000
920930350000
920930360000
920930370000
920930380000
920930390000
920930430000
920930440000
920930450000
920930460000
920930470000
920940010000
920940020000
920940030000
920940040000
920940050000
920940060000
920940070000
920940080000
920940090000
920940100000
920940110000
920940120000
920940130000
920940140000
920940150000
920940160000
920940170000
920940180000
920940190000
920940200000
920940210000
920940220000
920940230000
920940240000
920940250000
920940260000
920940270000
920940280000
920940290000
920940300000
920940310000
920940320000
920940330000
920940340000
920940350000
920940360000
920940400000
920940410000
920940420000
920940430000
920940440000
920940450000
920940460000
920940470000
920940480000
920940490000
920940500000
920940510000
920940520000
920940530000
920940550000
920940560000
920940570000
920940580000
920940590000
920940600000
920940610000
920940620000
920940630000
920940640000
920940650000
920940660000
920940670000
920940680000
920940690000
920940700000
920940710000
920950010000
920950020000
920950030000
920950040000
920950050000
920950060000
920950070000
920950080000
920950090000
920950100000
920950110000
920950120000
920950130000
920950140000
920950150000
920950160000
920950190000
920950200000
920950210000
920950220000
920950230000
920950240000
920950280000
920950290000
920950300000
920950310000
920950320000
920950330000
920950350000
920950360000
920950370000
920950380000
920950390000
920950400000
920950410000
920950420000
920950430000
920950440000
920950450000
920950460000
920950470000
920950480000
920950490000
920950500000
920950510000
920950520000
920950530000
920950540000
920950550000
920950560000
920950570000
920950580000
920950590000
920950600000
920950610000
920950620000
920950630000
920950640000
920950650000
920950660000
920950670000
920950680000
920950690000
920950700000
920950710000
920950720000
920960010000
920960020000
920960030000
920960040000
920960050000
920960060000
920960070000
920960080000
920960090000
920960100000
920960110000
920960120000
920960130000
920960140000
920960150000
920960160000
920960170000
920960180000
920960190000
920960200000
920960210000
920960220000
920960230000
920960240000
920960250000
920960270000
920960290000
920960300000
920960310000
920960320000
920960330000
920960340000
920960350000
920960360000
920960370000
920960380000
920960390000
920960400000
920960410000
920960420000
920960430000
920960440000
920960450000
920960460000
920960470000
920960480000
920960490000
920960500000
920960510000
920960520000
920960530000
920960540000
920960550000
920960560000
920960570000
920960580000
920960590000
920960600000
920960610000
920960620000
920960630000
920960640000
920960650000
920960660000
920960670000
920960680000
920960690000
920960700000
920960710000
920960720000
920970010000
920970020000
920970030000
920970040000
920970050000
920970060000
920970070000
920970080000
920970090000
920970100000
920970110000
920970120000
920970130000
920970140000
920970150000
920970170000
920970180000
920980010000
920980020000
920980030000
920980040000
920980050000
920980060000
920980070000
920980080000
920980090000
920980100000
920980110000
920980120000
920980130000
920980140000
920980150000
920980160000
920980170000
920980180000
920980190000
920980200000
920980210000
920980220000
920980230000
920980240000
920980250000
920980260000
920980270000
920980280000
920980290000
920980300000
920980310000
920980320000
920980330000
920980340000
920980350000
920980360000
920980370000
920980380000
920980390000
920980400000
920980410000
920980420000
920980430000
920980440000
920980450000
920980460000
920980470000
920980480000
920980490000
920980500000
920980510000
920980520000
920980530000
920980540000
920990010000
920990020000
920990030000
920990040000
920990060000
920990070000
920990090000
920990110000
920990120000
920990130000
920990140000
920990150000
920990160000
920990170000
920990180000
920990190000
920990200000
920990210000
920990220000
920990230000
920990240000
920990250000
920990260000
920990270000
920990280000
920990290000
920990300000
920990310000
920990320000
920990330000
920990340000
920990350000
920990360000
920990370000
920990380000
920990390000
920990400000
920990410000
920990420000
920990430000
920990440000
920990450000
920990460000
920990470000
920990480000
920990490000
920990500000
920990510000
920990520000
920990530000
920990540000
920990550000
920990560000
920990570000
920990580000
920990590000
920990600000
920990610000
920990620000
920990630000
920990640000
920990650000
920990660000
920990670000
920990680000
920990690000
920990710000
920990720000
921000010000
921000020000
921000030000
921000040000
921000050000
921000060000
921000070000
921000080000
921000090000
921000100000
921000110000
921000120000
921000130000
921000140000
921000150000
921000160000
921000170000
921000180000
921000190000
921000200000
921000210000
921000220000
921000230000
921000240000
921000250000
921000260000
921000270000
921000280000
921000290000
921000300000
921000310000
921000320000
921000330000
921000340000
921000350000
921000360000
921000370000
921000380000
921000390000
921000400000
921000410000
921000420000
921000430000
921000440000
921000450000
921000460000
921000470000
921000480000
921000490000
921000500000
921000510000
921000520000
921000530000
921000540000
921000550000
921000560000
921000580000
921000590000
921000600000
921000630000
921000640000
921000650000
921000660000
921000670000
921000680000
921000690000
921000700000
921000710000
921010010000
921010020000
921010030000
921010040000
921010050000
921010060000
921010070000
921010080000
921010090000
921010100000
921010110000
921010120000
921010130000
921010140000
921010150000
921010160000
921010170000
921010180000
921010190000
921010200000
921010210000
921010220000
921010230000
921010240000
921010250000
921010260000
921010270000
921010280000
921010300000
921010310000
921010320000
921010350000
921010360000
921010370000
921010410000
921010420000
921010430000
921010440000
921010450000
921010460000
921010470000
921010480000
921010490000
921010500000
921010510000
921010520000
921010530000
921010540000
921010550000
921010560000
921010570000
921010580000
921010590000
921010600000
921010610000
921010620000
921010630000
921010640000
921010650000
921010660000
921010670000
921010680000
921010690000
921010700000
921010710000
921020010000
921020020000
921020030000
921020040000
921020050000
921020060000
921020070000
921020080000
921020100000
921020110000
921020120000
921020130000
921020140000
921020150000
921020170000
921020180000
921020190000
921020200000
921020210000
921020220000
921020230000
921020240000
921020250000
921020270000
921020280000
921020290000
921020300000
921020310000
921020330000
921020340000
921020350000
921020360000
921020370000
921020380000
921020390000
921020400000
921020410000
921020420000
921020430000
921020440000
921020450000
921020460000
921020470000
921020480000
921020490000
921020500000
921020510000
921020520000
921020530000
921020540000
921020550000
921020560000
921020570000
921020580000
921020590000
921020600000
921020610000
921020620000
921020630000
921020640000
921020650000
921020660000
921020670000
921020680000
921020690000
921020710000
921020720000
921030010000
921030020000
921030030000
921030040000
921030050000
921030100000
921030110000
921030120000
921030130000
921030140000
921030150000
921030160000
921030170000
921030180000
921030190000
921030200000
921030210000
921030230000
921030240000
921030250000
921030260000
921030270000
921030280000
921030290000
921030300000
921030310000
921030320000
921030330000
921030340000
921030350000
921030360000
921030370000
921030380000
921030390000
921030400000
921030410000
921030420000
921030430000
921030440000
921030450000
921030460000
921030470000
921030480000
921030490000
921030500000
921030510000
921030520000
921030530000
921030550000
921030560000
921030570000
921030580000
921030590000
921030600000
921030610000
921030620000
921030630000
921030640000
921030650000
921030660000
921030670000
921030680000
921030690000
921030700000
921030710000
921030720000
921040010000
921040020000
921040030000
921040040000
921040050000
921040060000
921040070000
921040080000
921040090000
921040100000
921040110000
921040120000
921040130000
921040140000
921040150000
921040160000
921040170000
921040180000
921040190000
921040200000
921040210000
921040220000
921040230000
921040250000
921040260000
921040270000
921040280000
921040290000
921040300000
921040310000
921040320000
921040330000
921040340000
921040350000
921040360000
921040370000
921040380000
921040390000
921040400000
921040410000
921040420000
921040430000
921040440000
921040450000
921040460000
921040470000
921040490000
921040500000
921040510000
921040520000
921040530000
921040550000
921040570000
921040580000
921040590000
921040600000
921040610000
921040620000
921040630000
921040640000
921040650000
921040660000
921040670000
921040680000
921040690000
921040700000
921040710000
921040720000
921050010000
921050020000
921050030000
921050040000
921050050000
921050060000
921050070000
921050080000
921050090000
921050100000
921050110000
921050120000
921050130000
921050180000
921050190000
921050200000
921050210000
921050220000
921050230000
921050240000
921050250000
921050290000
921050300000
921050310000
921050320000
921050340000
921050350000
921050360000
921050370000
921050380000
921050390000
921050400000
921050410000
921050420000
921050430000
921050440000
921050450000
921050460000
921050470000
921050480000
921050490000
921050500000
921050510000
921050520000
921050530000
921050540000
921060010000
921060020000
921060030000
921060040000
921060050000
921060060000
921060070000
921060080000
921060090000
921060100000
921060110000
921060120000
921060130000
921060140000
921060150000
921060160000
921060170000
921060180000
921060190000
921060200000
921060210000
921060220000
921060230000
921060240000
921060250000
921060260000
921060270000
921060280000
921060290000
921060300000
921060310000
921060320000
921060330000
921060360000
921060370000
921060380000
921060390000
921060400000
921060410000
921060420000
921060430000
921060440000
921060450000
921060460000
921060470000
921060480000
921060490000
921060500000
921060510000
921060520000
921060530000
921060540000
921070010000
921070020000
921070030000
921070040000
921070050000
921070060000
921070070000
921070080000
921070090000
921070100000
921070110000
921070120000
921070130000
921070140000
921070150000
921070160000
921070170000
921070180000
921070190000
921070200000
921070210000
921070220000
921070230000
921070240000
921070250000
921070260000
921070270000
921070280000
921070290000
921070300000
921070310000
921070320000
921070330000
921070340000
921070350000
921070360000
921070370000
921070380000
921070390000
921070400000
921070410000
921070420000
921070430000
921070440000
921070450000
921070460000
921070470000
921070480000
921070490000
921070500000
921070510000
921070520000
921070530000
921070540000
921070560000
921070570000
921070580000
921070590000
921070600000
921070610000
921070620000
921070630000
921070640000
921070650000
921070660000
921070670000
921070680000
921070690000
921070700000
921070710000
921070720000
921070730000
921070740000
921070750000
921070760000
921080010000
921080020000
921080030000
921080040000
921080060000
921080070000
921080080000
921080090000
921080100000
921080110000
921080120000
921080130000
921080140000
921080150000
921080160000
921080170000
921080180000
921080190000
921080200000
921080210000
921080220000
921080230000
921080240000
921080250000
921080260000
921080270000
921080280000
921080290000
921080300000
921080310000
921080320000
921080340000
921080350000
921080360000
921080370000
921080380000
921080400000
921080410000
921080420000
921080430000
921080440000
921080450000
921080460000
921080490000
921080500000
921080530000
921080540000
921080570000
921080600000
921080610000
921080620000
921080630000
921080640000
921090010000
921090020000
921090030000
921090040000
921090050000
921090060000
921090070000
921090080000
921090090000
921090100000
921090110000
921090120000
921090130000
921090140000
921090150000
921090160000
921090170000
921090180000
921090190000
921090200000
921090210000
921090220000
921090230000
921090240000
921090250000
921090260000
921090270000
921090280000
921090290000
921090300000
921090310000
921090320000
921090330000
921090350000
921090360000
921090380000
921090410000
921090420000
921090430000
921090440000
921090450000
921090460000
921090470000
921090480000
921090490000
921090500000
921090510000
921090530000
921090550000
921090560000
921090570000
921090580000
921090590000
921090600000
921090610000
921090620000
921090630000
921090640000
921090650000
921090660000
921090670000
921090680000
921090690000
921090700000
921090710000
921090720000
921100010000
921100020000
921100030000
921100040000
921100050000
921100060000
921100070000
921100090000
921100100000
921100110000
921100120000
921100130000
921100140000
921100150000
921100160000
921100170000
921100180000
921100190000
921100200000
921100210000
921100220000
921100230000
921100240000
921100250000
921100260000
921100270000
921100280000
921100310000
921100330000
921100370000
921100380000
921100390000
921100400000
921100410000
921100420000
921100430000
921100440000
921100450000
921100460000
921100470000
921100480000
921100490000
921100500000
921100510000
921100520000
921100530000
921100540000
921100550000
921100560000
921100570000
921100580000
921100590000
921100600000
921100610000
921100620000
921100630000
921100640000
921100650000
921100660000
921100670000
921100680000
921100690000
921100700000
921100710000
921100720000
921110010000
921110020000
921110030000
921110040000
921110050000
921110060000
921110070000
921110080000
921110090000
921110100000
921110110000
921110120000
921110130000
921110140000
921110150000
921110160000
921110170000
921110180000
921110190000
921110200000
921110210000
921110220000
921110230000
921110240000
921110250000
921110260000
921110270000
921110280000
921110290000
921110300000
921110310000
921110320000
921110330000
921110340000
921110350000
921110360000
921110370000
921110380000
921110390000
921110410000
921110420000
921110430000
921110440000
921110450000
921110460000
921110470000
921110480000
921110490000
921110500000
921110510000
921110520000
921110530000
921110540000
921110550000
921110560000
921110570000
921110580000
921110590000
921110600000
921110610000
921110620000
921110630000
921110640000
921110650000
921110660000
921110670000
921110680000
921110690000
921110700000
921110710000
921120010000
921120020000
921120030000
921120040000
921120050000
921120060000
921120070000
921120080000
921120090000
921120100000
921120110000
921120120000
921120130000
921120140000
921120150000
921120160000
921120170000
921120180000
921120190000
921120200000
921120210000
921120220000
921120230000
921120240000
921120250000
921120260000
921120270000
921120280000
921120290000
921120300000
921120310000
921120320000
921120330000
921120340000
921120350000
921120360000
921120370000
921120380000
921120390000
921120400000
921120410000
921120420000
921120430000
921120440000
921120450000
921120460000
921120470000
921120480000
921120490000
921120500000
921120510000
921120520000
921120530000
921120540000
921120550000
921120560000
921120570000
921120580000
921120590000
921120600000
921120610000
921120620000
921120630000
921120640000
921120650000
921120660000
921120670000
921120680000
921120690000
921120700000
921120710000
921120720000
921130010000
921130020000
921130030000
921130040000
921130050000
921130060000
921130070000
921130080000
921130090000
921130100000
921130110000
921130120000
921130130000
921130140000
921130150000
921130160000
921130170000
921130180000
921130190000
921130200000
921130210000
921130220000
921130230000
921130240000
921130250000
921130260000
921130270000
921130280000
921130290000
921130300000
921130310000
921130320000
921130330000
921130340000
921130350000
921130360000
921130370000
921130380000
921130390000
921130400000
921130410000
921130420000
921130430000
921130440000
921130450000
921130460000
921130470000
921130480000
921130490000
921130500000
921130510000
921130520000
921130530000
921130540000
921140010000
921140020000
921140030000
921140040000
921140050000
921140060000
921140070000
921140080000
921140090000
921140100000
921140110000
921140120000
921140130000
921140140000
921140150000
921140160000
921140170000
921140180000
921140190000
921140200000
921140210000
921140220000
921140230000
921140240000
921140250000
921140260000
921140270000
921140280000
921140290000
921140300000
921140310000
921140320000
921140330000
921140340000
921140350000
921140360000
921140370000
921140380000
921140390000
921140400000
921140410000
921140420000
921140430000
921140440000
921140450000
921140460000
921140470000
921140480000
921140490000
921140500000
921140510000
921140520000
921140530000
921140540000
921150010000
921150020000
921150030000
921150040000
921150050000
921150060000
921150070000
921150080000
921150090000
921150100000
921150110000
921150120000
921150130000
921150140000
921150150000
921150160000
921150170000
921150180000
921150190000
921150200000
921150210000
921150220000
921150230000
921150240000
921150250000
921150260000
921150270000
921150280000
921150290000
921150300000
921150310000
921150320000
921150330000
921150340000
921150350000
921150360000
921150370000
921150380000
921150390000
921150400000
921150410000
921150420000
921150430000
921150440000
921150450000
921150460000
921150470000
921150480000
921150490000
921150500000
921150510000
921150520000
921150530000
921150540000
921150550000
921150560000
921150570000
921150580000
921150590000
921150600000
921150610000
921150620000
921150630000
921150640000
921150650000
921150660000
921150670000
921150680000
921150690000
921150700000
921150710000
921150720000
921160010000
921160020000
921160030000
921160040000
921160050000
921160060000
921160070000
921160080000
921160090000
921160100000
921160110000
921160120000
921160130000
921160140000
921160150000
921160160000
921160170000
921160180000
921160190000
921160200000
921160210000
921160220000
921160230000
921160240000
921160250000
921160260000
921160270000
921160280000
921160290000
921160300000
921160310000
921160320000
921160330000
921160340000
921160350000
921160360000
921160370000
921160380000
921160390000
921160400000
921160410000
921160420000
921160430000
921160440000
921160450000
921160460000
921160470000
921160480000
921160490000
921160500000
921160510000
921160520000
921160530000
921160540000
921160550000
921160560000
921160570000
921160580000
921160590000
921160600000
921160610000
921160620000
921160630000
921160640000
921160650000
921160660000
921160670000
921160680000
921160690000
921160700000
921160710000
921160720000
921170010000
921170020000
921170030000
921170040000
921170050000
921170060000
921170070000
921170080000
921170090000
921170100000
921170110000
921170120000
921170130000
921170140000
921170170000
921170180000
921170190000
921170200000
921170210000
921170220000
921170230000
921170240000
921170250000
921170260000
921170270000
921170280000
921170290000
921170300000
921170310000
921170320000
921170330000
921170340000
921170350000
921170360000
921170370000
921170380000
921170390000
921170400000
921170410000
921170420000
921170430000
921170440000
921170450000
921170460000
921170470000
921170480000
921170490000
921170500000
921170510000
921170520000
921170530000
921170540000
921170550000
921170560000
921170570000
921170580000
921170590000
921170600000
921170610000
921170620000
921170630000
921170640000
921170650000
921170660000
921170670000
921170680000
921170690000
921170700000
921170710000
921170720000
921180010000
921180020000
921180030000
921180040000
921180050000
921180060000
921180070000
921180080000
921180090000
921180100000
921180110000
921180130000
921180140000
921180150000
921180160000
921180170000
921180180000
921180190000
921180200000
921180210000
921180220000
921180230000
921180240000
921180250000
921180260000
921180270000
921180280000
921180290000
921180300000
921180310000
921180320000
921180330000
921180340000
921180350000
921180360000
921180370000
921180380000
921180390000
921180400000
921180410000
921180420000
921180430000
921180440000
921180450000
921180460000
921180470000
921180480000
921180490000
921180500000
921180510000
921180520000
921180530000
921180550000
921180560000
921180570000
921180580000
921180590000
921180600000
921180610000
921180620000
921180630000
921180640000
921180650000
921180660000
921180670000
921180680000
921180690000
921180700000
921180710000
921180720000
921190010000
921190020000
921190030000
921190040000
921190050000
921190060000
921190070000
921190080000
921190090000
921190100000
921190110000
921190120000
921190130000
921190140000
921190150000
921190160000
921190170000
921190180000
921190190000
921190200000
921190210000
921190220000
921190230000
921190240000
921190250000
921190260000
921190270000
921190280000
921190290000
921190300000
921190310000
921190320000
921190330000
921190340000
921190350000
921190360000
921190370000
921190380000
921190390000
921190400000
921190410000
921190420000
921190430000
921190440000
921190450000
921190460000
921190470000
921190490000
921190500000
921190510000
921190520000
921190530000
921190540000
921190550000
921190560000
921190570000
921190580000
921190590000
921190600000
921190610000
921190620000
921190630000
921190640000
921190650000
921190660000
921190670000
921190680000
921190690000
921190700000
921190710000
921190720000
921200010000
921200020000
921200030000
921200040000
921200050000
921200060000
921200070000
921200080000
921200090000
921200100000
921200110000
921200120000
921200130000
921200140000
921200150000
921200160000
921200170000
921200180000
921200190000
921200200000
921200210000
921200220000
921200230000
921200240000
921200250000
921200260000
921200270000
921200280000
921200290000
921200300000
921200310000
921200320000
921200330000
921200340000
921200350000
921200360000
921200370000
921200380000
921200390000
921200400000
921200410000
921200420000
921200430000
921200440000
921200450000
921200460000
921200470000
921200480000
921200490000
921200500000
921200510000
921200520000
921200530000
921200540000
921200550000
921200560000
921200570000
921200580000
921200590000
921200600000
921200610000
921200620000
921200630000
921200640000
921200650000
921200660000
921200670000
921200680000
921200690000
921200700000
921200710000
921200720000
921210010000
921210020000
921210030000
921210040000
921210050000
921210060000
921210070000
921210080000
921210090000
921210100000
921210110000
921210120000
921210130000
921210140000
921210150000
921210160000
921210170000
921210180000
921210190000
921210200000
921210210000
921210220000
921210230000
921210240000
921210250000
921210260000
921210270000
921210280000
921210290000
921210300000
921210310000
921210320000
921210330000
921210340000
921210350000
921210360000
921210370000
921210380000
921210390000
921210400000
921210410000
921210420000
921210430000
921210440000
921210450000
921210460000
921210470000
921210480000
921210490000
921210500000
921210510000
921210520000
921210530000
921210540000
921220010000
921220020000
921220030000
921220040000
921220050000
921220060000
921220070000
921220080000
921220090000
921220100000
921220110000
921220120000
921220130000
921220140000
921220150000
921220160000
921220170000
921220180000
921220190000
921220200000
921220210000
921220220000
921220230000
921220240000
921220250000
921220260000
921220270000
921220280000
921220290000
921220300000
921220310000
921220320000
921220330000
921220340000
921220350000
921220360000
921220370000
921220380000
921220390000
921220400000
921220410000
921220420000
921220430000
921220440000
921220450000
921220460000
921220470000
921220480000
921220490000
921220500000
921220510000
921220520000
921220530000
921220540000
921230010000
921230020000
921230030000
921230040000
921230050000
921230060000
921230070000
921230080000
921230090000
921230100000
921230110000
921230120000
921230130000
921230140000
921230150000
921230160000
921230170000
921230180000
921230190000
921230200000
921230210000
921230220000
921230230000
921230240000
921230250000
921230260000
921230270000
921230280000
921230290000
921230300000
921230310000
921230320000
921230330000
921230340000
921230350000
921230360000
921230370000
921230380000
921230390000
921230400000
921230410000
921230430000
921230440000
921230450000
921230460000
921230470000
921230480000
921230490000
921230500000
921230510000
921230520000
921230530000
921230540000
921230550000
921230560000
921230600000
921230610000
921230620000
921230630000
921230640000
921230650000
921230660000
921230670000
921230680000
921230690000
921230700000
921230710000
921230720000
921240010000
921240020000
921240030000
921240040000
921240050000
921240060000
921240070000
921240080000
921240090000
921240100000
921240110000
921240120000
921240130000
921240140000
921240150000
921240160000
921240170000
921240180000
921240190000
921240200000
921240210000
921240220000
921240230000
921240240000
921240300000
921240310000
921240320000
921240330000
921240340000
921240350000
921240360000
921240370000
921240380000
921240390000
921240400000
921240410000
921240420000
921240430000
921240440000
921240450000
921240460000
921240470000
921240480000
921240490000
921240500000
921240510000
921240520000
921240530000
921240540000
921240550000
921240560000
921240570000
921240580000
921240590000
921240600000
921240610000
921240620000
921240630000
921240640000
921240650000
921240660000
921240670000
921240680000
921240690000
921240700000
921240710000
921240720000
921250010000
921250020000
921250030000
921250040000
921250050000
921250060000
921250070000
921250080000
921250090000
921250100000
921250110000
921250130000
921250140000
921250150000
921250160000
921250170000
921250180000
921250190000
921250200000
921250210000
921250220000
921250230000
921250240000
921250250000
921250260000
921250270000
921250280000
921250290000
921250300000
921250310000
921250320000
921250330000
921250340000
921250350000
921250360000
921250370000
921250380000
921250390000
921250400000
921250410000
921250420000
921250430000
921250440000
921250450000
921250460000
921250470000
921250480000
921250490000
921250500000
921250510000
921250530000
921250540000
921250550000
921250560000
921250570000
921250580000
921250590000
921250600000
921250610000
921250620000
921250630000
921250640000
921250650000
921250660000
921250670000
921250680000
921250690000
921250700000
921250710000
921250720000
921260010000
921260020000
921260030000
921260040000
921260050000
921260060000
921260070000
921260080000
921260090000
921260100000
921260110000
921260120000
921260130000
921260140000
921260150000
921260160000
921260170000
921260180000
921260190000
921260200000
921260210000
921260220000
921260230000
921260240000
921260250000
921260260000
921260270000
921260280000
921260290000
921260300000
921260310000
921260320000
921260330000
921260340000
921260350000
921260360000
921260370000
921260380000
921260390000
921260400000
921260410000
921260420000
921260430000
921260440000
921260450000
921260460000
921260470000
921260480000
921260490000
921260500000
921260510000
921260520000
921260530000
921260540000
921260550000
921260560000
921260570000
921260580000
921260590000
921260600000
921260610000
921260620000
921260630000
921260640000
921260650000
921260660000
921260670000
921260680000
921260690000
921260700000
921260710000
921260720000
921270010000
921270020000
921270030000
921270040000
921270050000
921270060000
921270070000
921270080000
921270090000
921270100000
921270110000
921270120000
921270130000
921270140000
921270150000
921270160000
921270170000
921270190000
921270200000
921270210000
921270220000
921270230000
921270240000
921270250000
921270260000
921270270000
921270280000
921270290000
921270300000
921270310000
921270320000
921270330000
921270340000
921270350000
921270360000
921270370000
921270380000
921270390000
921270400000
921270410000
921270420000
921270430000
921270440000
921270450000
921270460000
921270470000
921270480000
921270490000
921270500000
921270510000
921270520000
921270530000
921270540000
921270550000
921270560000
921270570000
921270580000
921270590000
921270600000
921270610000
921270620000
921270630000
921270640000
921270650000
921270660000
921270670000
921270680000
921270690000
921270700000
921270710000
921270720000
921280010000
921280020000
921280030000
921280040000
921280050000
921280060000
921280070000
921280080000
921280090000
921280100000
921280110000
921280120000
921280130000
921280140000
921280150000
921280160000
921280170000
921280180000
921280190000
921280200000
921280210000
921280220000
921280230000
921280240000
921280250000
921280260000
921280270000
921280280000
921280290000
921280300000
921280310000
921280320000
921280330000
921280340000
921280350000
921280360000
921280370000
921280380000
921280390000
921280400000
921280410000
921280420000
921280430000
921280440000
921280450000
921280460000
921280470000
921280480000
921280490000
921280500000
921280510000
921280520000
921280530000
921280540000
921280550000
921280560000
921280570000
921280580000
921280590000
921280600000
921280610000
921280620000
921280630000
921280640000
921280650000
921280660000
921280670000
921280680000
921280690000
921280700000
921280710000
921280720000
921290010000
921290020000
921290030000
921290040000
921290050000
921290060000
921290070000
921290080000
921290090000
921290100000
921290110000
921290120000
921290130000
921290140000
921290150000
921290160000
921290170000
921290180000
921290190000
921290200000
921290210000
921290220000
921290230000
921290250000
921290260000
921290270000
921290280000
921290290000
921290300000
921290310000
921290320000
921290330000
921290340000
921290350000
921290360000
921290370000
921290380000
921290390000
921290400000
921290410000
921290420000
921290430000
921290440000
921290450000
921290460000
921290470000
921290480000
921290490000
921290500000
921290510000
921290520000
921290530000
921290540000
921290550000
921290560000
921290570000
921290580000
921290590000
921290600000
921290610000
921290620000
921290630000
921290640000
921290650000
921290660000
921290670000
921290680000
921290690000
921290700000
921290710000
921290720000
921300010000
921300020000
921300030000
921300040000
921300050000
921300060000
921300070000
921300080000
921300090000
921300100000
921300110000
921300120000
921300130000
921300140000
921300150000
921300160000
921300170000
921300180000
921310010000
921310020000
921310030000
921310040000
921310050000
921310060000
921310070000
921310080000
921310090000
921310100000
921310110000
921310120000
921310130000
921310140000
921310150000
921310160000
921310170000
921310180000
921310190000
921310200000
921310210000
921310220000
921310230000
921310240000
921310250000
921310260000
921310270000
921310280000
921310290000
921310300000
921310310000
921310320000
921310330000
921310340000
921310350000
921310360000
921310370000
921310380000
921310390000
921310400000
921310410000
921310420000
921310430000
921310440000
921310450000
921310460000
921310470000
921310480000
921310490000
921310500000
921310510000
921310520000
921310530000
921310540000
921320010000
921320020000
921320030000
921320040000
921320050000
921320060000
921320070000
921320080000
921320090000
921320100000
921320110000
921320120000
921320130000
921320140000
921320150000
921320160000
921320170000
921320180000
921320190000
921320200000
921320210000
921320220000
921320230000
921320250000
921320270000
921320280000
921320290000
921320300000
921320310000
921320320000
921320330000
921320340000
921320350000
921320360000
921320370000
921320380000
921320390000
921320410000
921320440000
921320450000
921320460000
921320470000
921320480000
921320490000
921320500000
921320510000
921320520000
921320530000
921320540000
921320550000
921320560000
921320570000
921320580000
921320590000
921320600000
921320610000
921320620000
921320630000
921320640000
921320650000
921320660000
921320670000
921320680000
921320690000
921320700000
921320710000
921330010000
921330020000
921330030000
921330040000
921330050000
921330060000
921330070000
921330080000
921330090000
921330100000
921330110000
921330120000
921330130000
921330140000
921330150000
921330160000
921330170000
921330180000
921330190000
921330200000
921330210000
921330220000
921330230000
921330240000
921330250000
921330260000
921330270000
921330280000
921330290000
921330300000
921330310000
921330320000
921330330000
921330340000
921330350000
921330360000
921330370000
921330380000
921330390000
921330400000
921330410000
921330420000
921330430000
921330440000
921330450000
921330460000
921330470000
921330480000
921330490000
921330500000
921330510000
921330520000
921330530000
921330540000
921330550000
921330570000
921330580000
921330590000
921330600000
921330610000
921330620000
921330630000
921330640000
921330650000
921330660000
921330670000
921330680000
921330690000
921330700000
921330710000
921330720000
921340010000
921340020000
921340030000
921340040000
921340050000
921340060000
921340070000
921340080000
921340090000
921340100000
921340110000
921340120000
921340130000
921340140000
921340150000
921340160000
921340170000
921340180000
921340200000
921340210000
921340220000
921340230000
921340240000
921340250000
921340260000
921340270000
921340280000
921340290000
921340300000
921340310000
921340320000
921340330000
921340340000
921340350000
921340360000
921340370000
921340380000
921340390000
921340400000
921340410000
921340420000
921340430000
921340440000
921340450000
921340460000
921340470000
921340480000
921340490000
921340500000
921340510000
921340520000
921340530000
921340540000
921340550000
921340560000
921340570000
921340580000
921340590000
921340600000
921340610000
921340620000
921340630000
921340640000
921340650000
921340660000
921340670000
921340680000
921340690000
921340700000
921340710000
921340720000
921350010000
921350020000
921350030000
921350040000
921350060000
921350070000
921350080000
921350090000
921350100000
921350110000
921350120000
921350130000
921350140000
921350150000
921350170000
921350180000
921350190000
921350200000
921350210000
921350220000
921350230000
921350240000
921350250000
921350260000
921350270000
921350280000
921350290000
921350300000
921350310000
921350320000
921350330000
921350340000
921350350000
921350360000
921350370000
921350380000
921350390000
921350400000
921350410000
921350420000
921350430000
921350440000
921350450000
921350460000
921350470000
921350480000
921350490000
921350500000
921350510000
921350520000
921350530000
921350540000
921350550000
921350560000
921350570000
921350580000
921350590000
921350600000
921350610000
921350620000
921350630000
921350640000
921350650000
921350660000
921350670000
921350680000
921350690000
921350700000
921350710000
921350720000
921360010000
921360020000
921360030000
921360040000
921360050000
921360060000
921360070000
921360080000
921360090000
921360100000
921360110000
921360120000
921360130000
921360140000
921360150000
921360160000
921360170000
921360180000
921360190000
921360200000
921360210000
921360220000
921360230000
921360240000
921360250000
921360260000
921360270000
921360280000
921360290000
921360300000
921360310000
921360320000
921360330000
921360340000
921360350000
921360410000
921360420000
921360430000
921360440000
921360450000
921360460000
921360470000
921360480000
921360490000
921360500000
921360510000
921360520000
921360530000
921360540000
921360550000
921360560000
921360570000
921360580000
921360590000
921360600000
921360610000
921360620000
921360630000
921360640000
921360650000
921360660000
921360670000
921360680000
921360690000
921360700000
921360710000
921370010000
921370020000
921370030000
921370040000
921370050000
921370060000
921370070000
921370080000
921370090000
921370100000
921370110000
921370120000
921370130000
921370140000
921370150000
921370160000
921370170000
921370180000
921370190000
921370200000
921370210000
921370220000
921370230000
921370240000
921370250000
921370260000
921370270000
921370280000
921370290000
921370300000
921370310000
921370320000
921370330000
921370340000
921370350000
921370360000
921370370000
921370380000
921370390000
921370400000
921370410000
921370420000
921370430000
921370440000
921370450000
921370460000
921370470000
921370480000
921370490000
921370500000
921370510000
921370520000
921370530000
921370540000
921370550000
921370560000
921370570000
921370580000
921370590000
921370600000
921370610000
921370620000
921370630000
921370640000
921370650000
921370660000
921370670000
921370680000
921370690000
921370700000
921370710000
921370720000
921380010000
921380020000
921380030000
921380040000
921380050000
921380060000
921380070000
921380080000
921380090000
921380100000
921380110000
921380120000
921380130000
921380140000
921380150000
921380160000
921380170000
921380180000
921380190000
921380200000
921380210000
921380220000
921380230000
921380240000
921380250000
921380260000
921380270000
921380280000
921380290000
921380300000
921380310000
921380320000
921380330000
921380340000
921380350000
921380360000
921380370000
921380380000
921380390000
921380400000
921380410000
921380420000
921380430000
921380440000
921380450000
921380460000
921380470000
921380480000
921380490000
921380500000
921380510000
921380520000
921380530000
921380540000
921380550000
921380560000
921380570000
921380580000
921380590000
921380600000
921380610000
921380620000
921380630000
921380640000
921380650000
921380660000
921380670000
921380680000
921380690000
921380700000
921380710000
921380720000
921390010000
921390040000
921390070000
921390080000
921390090000
921390100000
921390110000
921390120000
921390130000
921390140000
921390150000
921390160000
921390170000
921390180000
921400010000
921400020000
921400030000
921400040000
921400050000
921400060000
921400070000
921400080000
921400090000
921400100000
921400110000
921400120000
921400130000
921400140000
921400150000
921400160000
921400170000
921400180000
921400190000
921400200000
921400210000
921400220000
921400230000
921400240000
921400250000
921400260000
921400270000
921400280000
921400290000
921400320000
921400330000
921400340000
921400350000
921400360000
921400370000
921400380000
921400390000
921400400000
921400410000
921400420000
921400430000
921400440000
921400450000
921400460000
921400470000
921400480000
921400490000
921410010000
921410020000
921410030000
921410040000
921410050000
921410060000
921410070000
921410080000
921410090000
921410100000
921410110000
921410120000
921410130000
921410140000
921410150000
921410160000
921410170000
921410180000
921410190000
921410200000
921410210000
921410220000
921410230000
921410290000
921410300000
921410310000
921410320000
921410330000
921410340000
921410350000
921410360000
921410370000
921410380000
921410390000
921410400000
921410410000
921410420000
921410430000
921410440000
921410450000
921410460000
921410470000
921410480000
921410490000
921410500000
921410510000
921410520000
921410530000
921410540000
921410550000
921410560000
921410570000
921410580000
921410590000
921410600000
921410610000
921410620000
921410630000
921410640000
921410650000
921410660000
921410670000
921410680000
921410690000
921410700000
921410710000
921410720000
921420010000
921420020000
921420030000
921420040000
921420050000
921420060000
921420070000
921420080000
921420090000
921420100000
921420110000
921420120000
921420130000
921420140000
921420150000
921420160000
921420170000
921420180000
921420190000
921420200000
921420230000
921420240000
921420250000
921420260000
921420270000
921420280000
921420290000
921420300000
921420310000
921420320000
921420330000
921420340000
921420350000
921420360000
921420370000
921420380000
921420390000
921420400000
921420410000
921420420000
921420430000
921420440000
921420450000
921420460000
921420470000
921420480000
921420490000
921420500000
921420510000
921420520000
921420530000
921420540000
921420550000
921420560000
921420570000
921420580000
921420590000
921420600000
921420610000
921420620000
921420630000
921420640000
921420650000
921420660000
921420670000
921420680000
921420690000
921420700000
921420710000
921420720000
921430010000
921430020000
921430030000
921430040000
921430050000
921430060000
921430070000
921430080000
921430090000
921430100000
921430110000
921430120000
921430130000
921430140000
921430150000
921430160000
921430170000
921430180000
921430190000
921430200000
921430210000
921430220000
921430230000
921430240000
921430250000
921430260000
921430270000
921430280000
921430290000
921430300000
921430310000
921430320000
921430340000
921430350000
921430360000
921430370000
921430380000
921430410000
921430420000
921430430000
921430440000
921430460000
921430470000
921430480000
921430490000
921430500000
921430510000
921430520000
921430530000
921430540000
921430550000
921430560000
921430570000
921430580000
921430590000
921430600000
921430610000
921430620000
921430630000
921430640000
921430650000
921430660000
921430670000
921430680000
921430690000
921430700000
921430710000
921440010000
921440020000
921440030000
921440040000
921440050000
921440060000
921440070000
921440080000
921440090000
921440100000
921440110000
921440120000
921440130000
921440140000
921440150000
921440160000
921440170000
921440180000
921440190000
921440200000
921440210000
921440220000
921440230000
921440240000
921440250000
921440260000
921440270000
921440280000
921440290000
921440300000
921440310000
921440320000
921440330000
921440340000
921440370000
921440380000
921440390000
921440400000
921440410000
921440420000
921440430000
921440440000
921440450000
921440460000
921440470000
921440480000
921440490000
921440500000
921440510000
921440520000
921440530000
921440540000
921440550000
921440560000
921440570000
921440580000
921440590000
921440600000
921440610000
921440620000
921440630000
921440640000
921440650000
921440660000
921440670000
921440680000
921440690000
921440700000
921440710000
921440720000
921450010000
921450020000
921450030000
921450040000
921450050000
921450060000
921450070000
921450080000
921450090000
921450100000
921450110000
921450120000
921450130000
921450140000
921450150000
921450160000
921450170000
921450180000
921450190000
921450200000
921450210000
921450220000
921450230000
921450240000
921450250000
921450260000
921450270000
921450280000
921450290000
921450300000
921450310000
921450320000
921450330000
921450340000
921450350000
921450360000
921450370000
921450380000
921450390000
921450400000
921450410000
921450420000
921450430000
921450440000
921450450000
921450460000
921450480000
921450490000
921450500000
921450510000
921450520000
921450530000
921450580000
921450590000
921450600000
921450610000
921450620000
921450630000
921450640000
921450650000
921450700000
921450710000
921450720000
921460010000
921460020000
921460030000
921460040000
921460050000
921460060000
921460070000
921460080000
921460090000
921460100000
921460110000
921460120000
921460130000
921460140000
921460150000
921460160000
921460170000
921460180000
921460190000
921460200000
921460210000
921460220000
921460230000
921460240000
921460250000
921460260000
921460270000
921460280000
921460290000
921460300000
921460310000
921460320000
921460330000
921460340000
921460350000
921460360000
921460370000
921460380000
921460390000
921460400000
921460410000
921460420000
921460430000
921460440000
921460450000
921460460000
921460470000
921460480000
921460490000
921460500000
921460510000
921460520000
921460530000
921460540000
921460550000
921460560000
921460570000
921460580000
921460590000
921460600000
921470010000
921470020000
921470030000
921470040000
921470050000
921470060000
921470070000
921470080000
921470090000
921470100000
921470110000
921470120000
921470130000
921470140000
921470150000
921470160000
921470170000
921470180000
921470190000
921470200000
921470210000
921470220000
921470230000
921470240000
921470250000
921470260000
921470270000
921470280000
921470290000
921470300000
921470310000
921470320000
921470330000
921470340000
921470350000
921470360000
921470370000
921470380000
921470390000
921470400000
921470410000
921470420000
921470430000
921470440000
921470450000
921470460000
921470470000
921470480000
921470490000
921470500000
921470510000
921470520000
921470530000
921470540000
921470550000
921470560000
921470570000
921470580000
921470590000
921470600000
921480050000
921480110000
921480120000
921480130000
921480140000
921480170000
921480180000
921480190000
921480200000
921480210000
921480220000
921480230000
921480240000
921480250000
921480260000
921480270000
921480280000
921480290000
921480300000
921480310000
921480320000
921480330000
921480340000
921480350000
921480370000
921480380000
921480390000
921480400000
921480410000
921480420000
921480430000
921480440000
921480450000
921480460000
921480470000
921480480000
921480490000
921480500000
921480510000
921480520000
921480530000
921480540000
921480550000
921480560000
921480570000
921480580000
921480590000
921480600000
921480610000
921480620000
921480630000
921480640000
921480650000
921480660000
921480670000
921480680000
921480690000
921480700000
921480710000
921480720000
921490010000
921490020000
921490030000
921490040000
921490050000
921490060000
921490070000
921490080000
921490090000
921490100000
921490110000
921490120000
921490130000
921490140000
921490150000
921490160000
921490170000
921490180000
921490190000
921490200000
921490210000
921490220000
921490230000
921490240000
921490250000
921490260000
921490270000
921490280000
921490290000
921490300000
921490310000
921490320000
921490330000
921490340000
921490350000
921490360000
921490370000
921490380000
921490390000
921490400000
921490410000
921490420000
921490430000
921490440000
921490450000
921490460000
921490470000
921490480000
921490490000
921490500000
921490510000
921490520000
921490530000
921490540000
921490550000
921490560000
921490570000
921490580000
921490590000
921490600000
921500010000
921500020000
921500030000
921500040000
921500050000
921500060000
921500070000
921500080000
921500090000
921500100000
921500110000
921500120000
921500130000
921500140000
921500150000
921500160000
921500170000
921500180000
921500190000
921500200000
921500310000
921500320000
921500330000
921500340000
921500350000
921500360000
921500370000
921500380000
921500390000
921500400000
921500510000
921500520000
921500530000
921500540000
921500550000
921500560000
921500570000
921500580000
921500590000
921500600000
921500640000
921500660000
921500670000
921500680000
921500690000
921500700000
921500710000
921500720000
921500730000
921500740000
921500750000
921500760000
921500770000
921500780000
921500790000
921500800000
921500810000
921500820000
921500830000
921500840000
921500850000
921500860000
921500870000
921500880000
921500890000
921500900000
921510010000
921510020000
921510030000
921510040000
921510050000
921510060000
921510070000
921510080000
921510090000
921510100000
921510110000
921510120000
921510130000
921510140000
921510150000
921510160000
921510170000
921510180000
921510190000
921510200000
921510210000
921510220000
921510230000
921510240000
921510370000
921510380000
921510390000
921510400000
921510410000
921510420000
921510430000
921510440000
921510450000
921510460000
921510470000
921510480000
921510610000
921510620000
921510630000
921510640000
921510650000
921510660000
921510670000
921510680000
921510690000
921510700000
921510710000
921510720000
921560010000
921560020000
921560030000
921560040000
921560050000
921560060000
921560070000
921560080000
921560090000
921560120000
921560130000
921560140000
921560150000
921560160000
921560180000
921560190000
921560200000
921560210000
921560220000
921560230000
921560240000
921560250000
921560260000
921560290000
921560300000
921560310000
921560320000
921560330000
921560340000
921560360000
921560370000
921560380000
921560390000
921560400000
921560410000
921560420000
921560430000
921560440000
921560450000
921560470000
921560480000
921560490000
921560560000
921560580000
921560620000
921560630000
921570010000
921570020000
921570030000
921570040000
921570050000
921570060000
921570070000
921570080000
921570090000
921570100000
921570110000
921570120000
921570130000
921570140000
921570150000
921570160000
921570170000
921570180000
921570190000
921570200000
921570210000
921570220000
921570230000
921570240000
921570250000
921570260000
921570270000
921570280000
921570290000
921570300000
921570310000
921580010000
921580020000
921580030000
921580040000
921580050000
921580060000
921580070000
921580080000
921580090000
921580100000
921580110000
921580120000
921580130000
921580140000
921580150000
921580160000
921580170000
921580180000
921580190000
921580200000
921580210000
921580220000
921580230000
921580240000
921580250000
921580260000
921580270000
921580280000
921580290000
921580300000
921580310000
921580320000
921580330000
921580340000
921580350000
921580360000
921580370000
921590010000
921590020000
921590040000
921590060000
921590080000
921590090000
921590100000
921590110000
921590120000
921590130000
921590140000
921590150000
921590160000
921590170000
921590180000
921590190000
921590200000
921590210000
921590220000
921590230000
921590240000
921590250000
921590260000
921590270000
921590280000
921590290000
921590300000
921590310000
921590320000
921590330000
921590340000
921590350000
921590360000
921590370000
921590380000
921590390000
921590400000
921590410000
921590420000
921590430000
921590440000
921590450000
921590460000
921590470000
921590480000
921590490000
921590500000
921590510000
921590520000
921590530000
921590540000
921590550000
921590560000
921590570000
921590580000
921590590000
921590600000
921590610000
921590620000
921590630000
921590640000
921590650000
921590660000
921590670000
921590680000
921590690000
921590700000
921590710000
921590720000
921600010000
921600030000
921600040000
921600050000
921600060000
921600070000
921600080000
921600090000
921600110000
921600120000
921600130000
921600140000
921600150000
921600160000
921600170000
921600180000
921600200000
921600210000
921600220000
921600230000
921600240000
921600250000
921600260000
921600270000
921600280000
921600290000
921600300000
921600310000
921600320000
921600330000
921600340000
921600350000
921600360000
921600370000
921600380000
921600390000
921600400000
921600410000
921600420000
921600430000
921600440000
921600450000
921600460000
921600470000
921600480000
921600490000
921600500000
921600510000
921600520000
921600530000
921600540000
921600550000
921600560000
921600570000
921600580000
921600590000
921600600000
921600610000
921600620000
921600630000
921600640000
921610010000
921610020000
921610030000
921610040000
921610050000
921610060000
921610070000
921610080000
921610090000
921610100000
921610110000
921610120000
921610130000
921610140000
921610150000
921610160000
921610170000
921610180000
921610190000
921610200000
921610210000
921610220000
921610230000
921610240000
921610250000
921610260000
921610270000
921610280000
921610290000
921610300000
921610310000
921610320000
921610330000
921610340000
921610350000
921610360000
921610370000
921610380000
921610390000
921610400000
921610410000
921610420000
921610430000
921610450000
921610460000
921610470000
921610480000
921610490000
921610500000
921610510000
921610530000
921610540000
921610550000
921610560000
921610570000
921610580000
921610590000
921610600000
921610610000
921610620000
921610630000
921610640000
921610650000
921610660000
921610670000
921610680000
921620010000
921620020000
921620030000
921620040000
921620050000
921620060000
921620070000
921620080000
921620090000
921620100000
921620110000
921620120000
921620130000
921620140000
921620150000
921620160000
921620170000
921620180000
921620190000
921620200000
921620210000
921620220000
921620230000
921620240000
921620250000
921620260000
921620270000
921620280000
921620290000
921620300000
921620310000
921620320000
921620330000
921620340000
921620350000
921620360000
921620370000
921620380000
921620390000
921620400000
921620410000
921620420000
921620430000
921620440000
921620450000
921620460000
921620470000
921620480000
921620490000
921620500000
921620510000
921620520000
921620530000
921620540000
921620550000
921620560000
921620570000
921620580000
921620590000
921620600000
921620610000
921620620000
921620630000
921620640000
921620650000
921620660000
921620670000
921620680000
921620690000
921620700000
921620710000
921620720000
921630010000
921630020000
921630030000
921630040000
921630050000
921630060000
921630070000
921630080000
921630090000
921630100000
921630110000
921630120000
921630130000
921630140000
921630150000
921630160000
921630170000
921630180000
921630190000
921630200000
921630210000
921630220000
921630230000
921630240000
921630250000
921630260000
921630270000
921630280000
921630290000
921630300000
921630310000
921630320000
921630330000
921630340000
921630350000
921630360000
921630370000
921630380000
921630390000
921630400000
921630410000
921630420000
921630430000
921630440000
921630450000
921630460000
921630470000
921630480000
921630490000
921630500000
921630510000
921630520000
921630530000
921630540000
921630550000
921630560000
921630570000
921630580000
921630590000
921630600000
921630610000
921630620000
921630630000
921630640000
921630650000
921630660000
921630670000
921630680000
921630690000
921630700000
921630710000
921630720000
921640010000
921640020000
921640030000
921640040000
921640050000
921640060000
921640070000
921640080000
921640090000
921640100000
921640110000
921640120000
921640130000
921640140000
921640150000
921640160000
921640170000
921640180000
921640190000
921640200000
921640210000
921640220000
921640230000
921640240000
921640250000
921640260000
921640270000
921640280000
921640290000
921640300000
921640310000
921640320000
921640330000
921640340000
921640350000
921640360000
921640370000
921640380000
921640390000
921640400000
921640410000
921640420000
921640430000
921640440000
921640450000
921640460000
921640470000
921640480000
921640490000
921640500000
921640510000
921640520000
921640530000
921640540000
921640550000
921640560000
921640570000
921640580000
921640590000
921640600000
921640610000
921640620000
921640630000
921640640000
921640650000
921640660000
921640670000
921640680000
921640690000
921640700000
921640710000
921650010000
921650020000
921650030000
921650040000
921650050000
921650060000
921650070000
921650080000
921650090000
921650100000
921650110000
921650120000
921650130000
921650140000
921650150000
921650160000
921650170000
921650180000
921650190000
921650200000
921650210000
921650220000
921650230000
921650240000
921650250000
921650260000
921650270000
921650280000
921650290000
921660010000
921660020000
921660030000
921660040000
921660050000
921660060000
921660070000
921660080000
921660090000
921660100000
921660110000
921660120000
921660130000
921660140000
921660150000
921660160000
921660170000
921660180000
921660190000
921660200000
921660210000
921660220000
921660230000
921660240000
921660250000
921660260000
921660270000
921660280000
921660290000
921660300000
921660310000
921660320000
921660330000
921660340000
921660350000
921660360000
921660370000
921660380000
921660390000
921660400000
921660410000
921660420000
921660430000
921660440000
921660450000
921660460000
921660470000
921660480000
921660490000
921660500000
921660510000
921660520000
921660530000
921660540000
921660550000
921660560000
921660570000
921660580000
921660590000
921660600000
921660610000
921660620000
921660630000
921660640000
921660650000
921660660000
921660670000
921660680000
921660690000
921660700000
921660710000
921660720000
921670010000
921670020000
921670030000
921670040000
921670050000
921670060000
921670070000
921670080000
921670090000
921670100000
921670110000
921670120000
921670130000
921670140000
921670150000
921670160000
921670170000
921670180000
921670190000
921670200000
921670210000
921670220000
921670230000
921670240000
921670250000
921670260000
921670270000
921670280000
921670290000
921670300000
921670310000
921670320000
921670330000
921670340000
921670350000
921670360000
921670370000
921670380000
921670390000
921670400000
921670410000
921670420000
921670430000
921670440000
921670450000
921670460000
921670470000
921670480000
921670490000
921670500000
921670510000
921670520000
921670530000
921670540000
921670550000
921670560000
921670570000
921670580000
921670590000
921670600000
921670610000
921670620000
921670630000
921670640000
921670650000
921670660000
921670670000
921670680000
921670690000
921670700000
921670710000
921670720000
921670730000
921670740000
921670750000
921670760000
921680010000
921680020000
921680030000
921680040000
921680050000
921680060000
921680070000
921680080000
921680090000
921680100000
921680110000
921680120000
921680130000
921680140000
921680150000
921680160000
921680170000
921680180000
921680190000
921680200000
921680210000
921680220000
921680230000
921680240000
921680250000
921680260000
921680270000
921680280000
921680290000
921680300000
921680310000
921680320000
921680330000
921680340000
921680350000
921680360000
921680370000
921680380000
921680390000
921680400000
921680410000
921680420000
921680430000
921680440000
921680450000
921680460000
921680470000
921680480000
921680490000
921680500000
921680510000
921680520000
921680530000
921680540000
921680550000
921680560000
921680570000
921680580000
921680590000
921680600000
921680610000
921680620000
921680630000
921680640000
921680650000
921680660000
921680670000
921680690000
921680700000
921680710000
921690010000
921690020000
921690030000
921690040000
921690050000
921690060000
921690070000
921690080000
921690090000
921690100000
921690110000
921690120000
921690130000
921690140000
921690150000
921690160000
921690170000
921690180000
921690190000
921690200000
921690210000
921690220000
921690230000
921690240000
921690250000
921690260000
921690270000
921690280000
921690290000
921690300000
921690310000
921690320000
921690330000
921690340000
921690350000
921690360000
921690370000
921690380000
921690390000
921690400000
921690410000
921690420000
921690430000
921690440000
921690450000
921690460000
921690470000
921690480000
921690490000
921690500000
921690510000
921690520000
921690530000
921690540000
921690550000
921690560000
921690570000
921690580000
921690590000
921690600000
921690610000
921690620000
921690630000
921690640000
921690650000
921690660000
921690670000
921690690000
921690700000
921690710000
921690720000
921700010000
921700020000
921700030000
921700040000
921700050000
921700060000
921700070000
921700080000
921700090000
921700100000
921700110000
921700120000
921700130000
921700140000
921700150000
921700160000
921700170000
921700180000
921700190000
921700200000
921700210000
921700220000
921700230000
921700240000
921700250000
921700260000
921700270000
921700280000
921700290000
921710010000
921710020000
921710030000
921710040000
921710050000
921710060000
921710070000
921710080000
921710090000
921710100000
921710110000
921710120000
921710130000
921710140000
921710150000
921710160000
921710170000
921710180000
921710190000
921710200000
921710210000
921710220000
921710230000
921710240000
921710250000
921710260000
921710270000
921710280000
921710290000
921710300000
921710310000
921710320000
921710330000
921710340000
921710350000
921710360000
921710370000
921710380000
921720010000
921720020000
921720030000
921720040000
921720050000
921720060000
921720070000
921720080000
921720090000
921720100000
921720110000
921720120000
921720130000
921720140000
921720150000
921720160000
921720170000
921720180000
921720190000
921720200000
921720210000
921720220000
921720230000
921720240000
921720250000
921720260000
921720270000
921720280000
921720290000
921720300000
921720310000
921720320000
921720330000
921720340000
921720350000
921720360000
921720370000
921720380000
921720390000
921720400000
921720410000
921720420000
921720430000
921720440000
921720450000
921720470000
921720480000
921720490000
921720510000
921720520000
921720530000
921720540000
921720550000
921720560000
921720570000
921720580000
921720590000
921720600000
921720610000
921720620000
921720630000
921720640000
921720650000
921720660000
921720670000
921720680000
921720690000
921720700000
921720710000
921720720000
921730010000
921730020000
921730030000
921730040000
921730050000
921730060000
921730070000
921730080000
921730090000
921730100000
921730110000
921730120000
921730130000
921730140000
921730150000
921730160000
921730170000
921730180000
921730190000
921730200000
921730210000
921730220000
921730230000
921730240000
921730250000
921730260000
921730270000
921730280000
921730290000
921730300000
921730310000
921730320000
921730330000
921730340000
921730350000
921730360000
921730370000
921730380000
921730390000
921730400000
921730410000
921730420000
921730430000
921730440000
921730450000
921730460000
921730470000
921730480000
921730490000
921730500000
921730510000
921730520000
921730530000
921730540000
921730550000
921730560000
921730570000
921730580000
921730590000
921730600000
921730610000
921730620000
921730630000
921730640000
921730650000
921730660000
921730670000
921730680000
921730690000
921730700000
921730710000
921730720000
921740010000
921740020000
921740030000
921740040000
921740050000
921740060000
921740070000
921740080000
921740090000
921740100000
921740110000
921740120000
921740130000
921740140000
921740150000
921740160000
921740170000
921740180000
921740190000
921740200000
921740210000
921740220000
921740230000
921740240000
921740250000
921740370000
921740380000
921740390000
921740400000
921740410000
921740420000
921740430000
921740440000
921740450000
921740460000
921740470000
921740480000
921740490000
921740500000
921740510000
921740520000
921740530000
921740540000
921740550000
921740560000
921740570000
921740580000
921740590000
921740600000
921740610000
921740620000
921740630000
921740640000
921740650000
921740660000
921740670000
921740680000
921740690000
921740700000
921740710000
921740720000
921750010000
921750020000
921750030000
921750040000
921750050000
921750060000
921750070000
921750080000
921750090000
921750100000
921750110000
921750120000
921750130000
921750140000
921750150000
921750160000
921750170000
921750180000
921750190000
921750200000
921750210000
921750220000
921750230000
921750240000
921750250000
921750260000
921750270000
921750280000
921750290000
921750300000
921750310000
921750350000
921750360000
921750370000
921750380000
921750390000
921750400000
921750410000
921750420000
921750430000
921750440000
921750450000
921750460000
921750470000
921750480000
921750490000
921750500000
921750510000
921750520000
921750530000
921750540000
921750550000
921750560000
921750570000
921750580000
921750590000
921750600000
921750610000
921750620000
921750630000
921750640000
921750650000
921750660000
921750670000
921750680000
921750690000
921750700000
921750710000
921750720000
921760010000
921760020000
921760030000
921760040000
921760050000
921760060000
921760070000
921760080000
921760090000
921760100000
921760110000
921760120000
921760130000
921760140000
921760150000
921760160000
921760170000
921760180000
921760190000
921760200000
921760210000
921760220000
921760230000
921760240000
921760250000
921760260000
921760270000
921760280000
921760290000
921760300000
921760310000
921760320000
921760330000
921760340000
921760350000
921760360000
921760370000
921760380000
921760390000
921760400000
921760410000
921760420000
921760430000
921760440000
921760450000
921760460000
921760470000
921760490000
921770010000
921770020000
921770030000
921770040000
921770050000
921770060000
921770070000
921770080000
921770090000
921770100000
921770110000
921770120000
921770130000
921770140000
921770150000
921770160000
921770170000
921770180000
921770190000
921770200000
921770210000
921770220000
921770230000
921770240000
921770250000
921770260000
921770270000
921770280000
921770290000
921770300000
921770310000
921770320000
921770330000
921770340000
921770350000
921770360000
921770370000
921770380000
921770390000
921770400000
921770410000
921770420000
921770430000
921770440000
921770450000
921770460000
921770470000
921770480000
921770490000
921770500000
921770510000
921770520000
921770530000
921770540000
921770550000
921770560000
921770570000
921770580000
921780010000
921780020000
921780030000
921780040000
921780050000
921780060000
921780070000
921780080000
921780090000
921780100000
921780110000
921780120000
921780130000
921780140000
921780150000
921780160000
921780170000
921780180000
921780190000
921780200000
921780210000
921780220000
921780230000
921780240000
921780250000
921780350000
921780360000
921780370000
921780380000
921780390000
921780400000
921780410000
921780420000
921780430000
921780440000
921780450000
921780460000
921780470000
921780480000
921780490000
921780500000
921780510000
921780520000
921780530000
921780540000
921780550000
921780570000
921780610000
921780620000
921780630000
921780640000
921780650000
921780660000
921780720000
921790010000
921790020000
921790030000
921790040000
921790050000
921790060000
921790070000
921790080000
921790090000
921790110000
921790120000
921790130000
921790140000
921790150000
921790160000
921790170000
921790180000
921800080000
921800090000
921800100000
921800110000
921800120000
921800130000
921800140000
921800150000
921800160000
921810010000
921810020000
921810030000
921810040000
921810050000
921810060000
921810070000
921810080000
921810090000
921810100000
921810110000
921810120000
921810130000
921810140000
921810150000
921810160000
921810170000
921810180000
921810190000
921810200000
921810210000
921810220000
921810230000
921810240000
921810250000
921810350000
921810360000
921810370000
921810380000
921810390000
921810400000
921810410000
921810420000
921810430000
921810440000
921810450000
921810460000
921810470000
921810480000
921810490000
921810500000
921810510000
921810520000
921810530000
921810540000
921810550000
921810560000
921810570000
921810580000
921810590000
921810600000
921810610000
921810620000
921810630000
921810640000
921810650000
921810660000
921810670000
921820080000
921820090000
921820100000
921820110000
921820120000
921820130000
921820140000
921820150000
921820160000
921820170000
921820180000
921820190000
921820200000
921820210000
921820220000
921820230000
921820360000
921820370000
921820380000
921820390000
921820400000
921820410000
921820420000
921820430000
921820440000
921830010000
921830020000
921830030000
921830040000
921830050000
921830060000
921830070000
921830080000
921830090000
921830100000
921830110000
921830120000
921830130000
921830140000
921830150000
921830160000
921830170000
921830180000
921830190000
921830200000
921830210000
921830220000
921830230000
921830240000
921830250000
921830260000
921830270000
921830280000
921830290000
921830300000
921830310000
921830320000
921830330000
921830340000
921830350000
921830360000
921830370000
921830380000
921830390000
921830400000
921830410000
921830420000
921830430000
921830440000
921830450000
921830460000
921830470000
921830480000
921830490000
921830500000
921830510000
921830520000
921830530000
921830540000
921830550000
921830560000
921830570000
921830580000
921830590000
921830600000
921830610000
921830620000
921830630000
921830640000
921830650000
921830660000
921830670000
921830680000
921830690000
921830700000
921830710000
921840010000
921840020000
921840030000
921840040000
921840050000
921840060000
921840070000
921840080000
921840090000
921840100000
921840110000
921840120000
921840130000
921840140000
921840150000
921840160000
921840170000
921840180000
921840190000
921840200000
921840210000
921840220000
921840230000
921840240000
921840250000
921840260000
921840270000
921840280000
921840290000
921840300000
921840310000
921840320000
921840330000
921840340000
921840350000
921840360000
921840370000
921840380000
921840390000
921840400000
921840410000
921840420000
921840430000
921840440000
921840450000
921840460000
921840470000
921840480000
921840490000
921840500000
921840510000
921840520000
921840530000
921840540000
921840550000
921840560000
921840570000
921840580000
921840590000
921840600000
921840610000
921840620000
921840630000
921840640000
921840650000
921850010000
921850020000
921850030000
921850040000
921850050000
921850060000
921850070000
921850080000
921850090000
921850100000
921850110000
921850120000
921850130000
921850140000
921850150000
921850160000
921850170000
921850180000
921850190000
921850200000
921850210000
921850220000
921850230000
921850240000
921850250000
921850260000
921850270000
921850280000
921850290000
921850300000
921850310000
921850320000
921850330000
921850340000
921850350000
921850360000
921850370000
921850380000
921850390000
921850400000
921850410000
921850420000
921850430000
921850440000
921850450000
921850460000
921850470000
921850480000
921850490000
921850500000
921850510000
921850520000
921850530000
921850540000
921850550000
921850560000
921850570000
921850580000
921850590000
921850600000
921850610000
921850620000
921850630000
921850640000
921850650000
921850660000
921850670000
921850680000
921850690000
921850700000
921850710000
921850720000
921850730000
921850740000
921850750000
921850760000
921850770000
921850780000
921850790000
921850800000
921850810000
921850820000
921850830000
921850840000
921850850000
921850860000
921850870000
921850880000
921850890000
921850900000
921850910000
921850920000
921850930000
921850940000
921850950000
921850960000
921850970000
921850980000
921860010000
921860020000
921860030000
921860040000
921860050000
921860060000
921860070000
921860080000
921860090000
921860100000
921860110000
921860120000
921860130000
921860140000
921860150000
921860160000
921860170000
921860180000
921860190000
921860200000
921860210000
921860220000
921860230000
921860240000
921860250000
921860260000
921860270000
921860280000
921860290000
921860300000
921860310000
921860320000
921860330000
921860340000
921860350000
921860360000
921860370000
921860380000
921860390000
921860400000
921860410000
921860420000
921860430000
921860440000
921860450000
921860460000
921860470000
921860480000
921860490000
921860500000
921860510000
921860520000
921860530000
921860540000
921860550000
921860560000
921860570000
921860580000
921860590000
921860600000
921860610000
921860620000
921860630000
921860640000
921860650000
921860660000
921860670000
921860680000
921860690000
921860700000
921860710000
921860720000
921860730000
921860740000
921860750000
921860760000
921860770000
921860780000
921860790000
921860800000
921860810000
921860820000
921860830000
921860840000
921860850000
921860860000
921860870000
921860880000
921860890000
921860900000
921870010000
921870020000
921870030000
921870040000
921870050000
921870060000
921870070000
921870080000
921870090000
921870100000
921870110000
921870120000
921870130000
921870140000
921870150000
921870160000
921870170000
921870180000
921870190000
921870200000
921870210000
921870220000
921870230000
921870240000
921870250000
921870260000
921870270000
921870280000
921870290000
921870300000
921870310000
921870320000
921870330000
921870340000
921870350000
921870360000
921870370000
921870380000
921870390000
921870400000
921870410000
921870420000
921870430000
921870440000
921870450000
921870460000
921870470000
921870480000
921870490000
921870500000
921870510000
921870520000
921870530000
921870540000
921870550000
921870560000
921870570000
921870580000
921870590000
921870600000
921870610000
921870620000
921870630000
921870640000
921870650000
921870660000
921870670000
921870680000
921870690000
921870700000
921870710000
921870720000
921870730000
921870740000
921870750000
921870760000
921870770000
921870780000
921870790000
921870800000
921870810000
921870820000
921870830000
921870840000
921870850000
921870860000
921870870000
921870880000
921870890000
921870900000
921880010000
921880020000
921880030000
921880040000
921880050000
921880060000
921880070000
921880080000
921880090000
921880100000
921880110000
921880120000
921880130000
921880140000
921880150000
921880160000
921880170000
921880180000
921880190000
921880200000
921880210000
921880220000
921880230000
921880240000
921880250000
921880260000
921880270000
921880280000
921880290000
921880300000
921880310000
921880320000
921880330000
921880340000
921880350000
921880360000
921880370000
921880380000
921880390000
921880400000
921880410000
921880420000
921880430000
921880440000
921880450000
921880460000
921880470000
921880480000
921880490000
921880500000
921880510000
921880520000
921880530000
921880540000
921880550000
921880560000
921880570000
921880580000
921880590000
921890010000
921890020000
921890030000
921890040000
921890050000
921890060000
921890070000
921890080000
921890090000
921890100000
921890110000
921890120000
921890130000
921890140000
921890150000
921890160000
921890170000
921890180000
921890190000
921890200000
921890210000
921890220000
921890230000
921890240000
921890250000
921890260000
921890270000
921890280000
921890290000
921890300000
921890310000
921890320000
921890330000
921890340000
921890350000
921890360000
921890370000
921890380000
921890390000
921890400000
921890410000
921890420000
921890430000
921890440000
921890450000
921890460000
921890470000
921890480000
921890490000
921890500000
921890510000
921890520000
921890530000
921890540000
921890550000
921890560000
921890570000
921890580000
921890590000
921890600000
921890610000
921890620000
921890630000
921890640000
921890650000
921890660000
921890670000
921890680000
921890690000
921890700000
921890710000
921890720000
921890730000
921890740000
921890750000
921890760000
921890770000
921890780000
921890790000
921890800000
921890810000
921890820000
921890830000
921890840000
921890850000
921890860000
921890870000
921890880000
921890890000
921890900000
921890910000
921890920000
921890930000
921890940000
921890950000
921890960000
921890970000
921890980000
921900010000
921900020000
921900030000
921900040000
921900050000
921900060000
921900070000
921900080000
921900090000
921900100000
921900110000
921900120000
921900130000
921900140000
921900150000
921900160000
921900170000
921900180000
921900190000
921900200000
921900210000
921900220000
921900230000
921900240000
921900250000
921900260000
921900270000
921900280000
921900290000
921900300000
921900310000
921900320000
921900330000
921900340000
921900350000
921900360000
921900370000
921900380000
921900390000
921900400000
921900410000
921900420000
921900430000
921900440000
921900450000
921900460000
921900470000
921900480000
921900490000
921900500000
921900510000
921900520000
921900530000
921900540000
921900550000
921900560000
921900570000
921900580000
921900590000
921900600000
921900610000
921900620000
921900630000
921900640000
921900650000
921900660000
921900670000
921900680000
921900690000
921900700000
921900710000
921900720000
921900730000
921900740000
921900750000
921900760000
921900770000
921900780000
921900790000
921900800000
921900810000
921900820000
921900830000
921900840000
921910010000
921910020000
921910030000
921910040000
921910050000
921910060000
921910070000
921910080000
921910090000
921910100000
921910110000
921910120000
921910130000
921910140000
921910150000
921910160000
921910170000
921910180000
921910190000
921910200000
921910210000
921910220000
921910230000
921910240000
921910250000
921910260000
921910270000
921910280000
921910290000
921910300000
921910310000
921910320000
921910330000
921910340000
921910350000
921910360000
921910370000
921910380000
921910390000
921910400000
921910410000
921910420000
921910430000
921910440000
921910450000
921910460000
921910470000
921910480000
921910490000
921910500000
921910510000
921910520000
921910530000
921910540000
921910550000
921910560000
921910570000
921910580000
921910590000
921910600000
921910610000
921910620000
921910630000
921910640000
921910650000
921910660000
921910670000
921910680000
921910690000
921910700000
921910710000
921910720000
921910730000
921910740000
921910750000
921910760000
921910770000
921910780000
921910790000
921910800000
921910810000
921910820000
921910830000
921910840000
921920010000
921920020000
921920030000
921920040000
921920050000
921920060000
921920070000
921920080000
921920090000
921920100000
921920110000
921920120000
921920130000
921920140000
921920150000
921920160000
921920170000
921920180000
921920190000
921920200000
921920210000
921920220000
921920230000
921920240000
921920250000
921920260000
921920270000
921920280000
921920290000
921920300000
921920310000
921920320000
921920330000
921920340000
921920350000
921920360000
921920370000
921920380000
921920390000
921920400000
921920410000
921920420000
921920430000
921920440000
921920450000
921920460000
921920470000
921920480000
921920490000
921920500000
921920510000
921920520000
921920530000
921920540000
921920550000
921920560000
921930010000
921930020000
921930030000
921930040000
921930050000
921930060000
921930070000
921930080000
921930090000
921930100000
921930110000
921930120000
921930130000
921930140000
921930150000
921930160000
921930170000
921930180000
921930190000
921930200000
921930210000
921930220000
921930230000
921930240000
921930250000
921930260000
921930270000
921930280000
921930290000
921930300000
921930310000
921930320000
921930330000
921930340000
921930350000
921930360000
921930370000
921930380000
921930390000
921930400000
921930410000
921930420000
921930430000
921930440000
921930450000
921930460000
921930470000
921930480000
921930490000
921930500000
921930510000
921930520000
921930530000
921930540000
921930550000
921930560000
921930570000
921930580000
921930590000
921930600000
921930610000
921930620000
921930630000
921930640000
921930650000
921930660000
921930670000
921930680000
921930690000
921930700000
921930710000
921930720000
921930730000
921930740000
921930750000
921930760000
921930770000
921930780000
921930790000
921930800000
921930810000
921930820000
921930830000
921930840000
921930850000
921930860000
921930870000
921930880000
921930890000
921930900000
921930910000
921940010000
921940020000
921940030000
921940040000
921940050000
921940060000
921940070000
921940080000
921940090000
921940100000
921940110000
921940120000
921940130000
921940140000
921940150000
921940160000
921940170000
921940180000
921940190000
921940200000
921940210000
921940220000
921940230000
921940240000
921940250000
921940260000
921940270000
921940280000
921940290000
921940300000
921940310000
921940320000
921940330000
921940340000
921940350000
921940360000
921940370000
921940380000
921940390000
921940400000
921940410000
921940420000
921950010000
921950020000
921950030000
921950040000
921950050000
921950060000
921950070000
921950080000
921950090000
921950100000
921950110000
921950120000
921950130000
921950140000
921950150000
921950160000
921950170000
921950180000
921950190000
921950200000
921950210000
921950220000
921950230000
921950240000
921950250000
921950260000
921950270000
921950280000
921950290000
921950300000
921950310000
921950320000
921950330000
921950340000
921950350000
921950360000
921950370000
921950380000
921950390000
921950400000
921950410000
921950420000
921950430000
921950440000
921950450000
921950460000
921950470000
921950480000
921950490000
921950500000
921950510000
921950520000
921950530000
921950540000
921950550000
921950560000
921950570000
921950580000
921950590000
921950600000
921950610000
921950620000
921950630000
921960010000
921960020000
921960030000
921960040000
921960050000
921960060000
921960070000
921960080000
921960090000
921960100000
921960110000
921960120000
921960130000
921960140000
921960150000
921960160000
921960170000
921960180000
921960190000
921960200000
921960210000
921960220000
921960230000
921960240000
921960250000
921960260000
921960270000
921960280000
921960290000
921960300000
921960310000
921960320000
921960330000
921960340000
921960350000
921960360000
921960370000
921960380000
921960390000
921960400000
921960410000
921960420000
921960430000
921960440000
921960450000
921960460000
921960470000
921960480000
921960490000
921960500000
921960510000
921960520000
921960530000
921960540000
921960550000
921960560000
921960570000
921960580000
921960590000
921960600000
921960610000
921960620000
921960630000
921970010000
921970020000
921970030000
921970040000
921970050000
921970060000
921970070000
921970080000
921970090000
921970100000
921970110000
921970120000
921970130000
921970140000
921970150000
921970160000
921970170000
921970180000
921970190000
921970200000
921970210000
921970220000
921970230000
921970240000
921970250000
921970260000
921970270000
921970280000
921970290000
921970300000
921970310000
921970320000
921970330000
921970340000
921970350000
921970360000
921970370000
921970380000
921970390000
921970400000
921970410000
921970420000
921970430000
921970440000
921970450000
921970460000
921970470000
921970480000
921970490000
921970500000
921970510000
921970520000
921970530000
921970540000
921970550000
921970560000
921970570000
921970580000
921970590000
921970600000
921970610000
921970620000
921970630000
921970640000
921970650000
921970660000
921970670000
921970680000
921970690000
921970700000
921970710000
921970720000
921970730000
921970740000
921970750000
921980010000
921980020000
921980030000
921980040000
921980050000
921980060000
921980070000
921980080000
921980090000
921980100000
921980110000
921980120000
921980130000
921980140000
921980150000
921980160000
921980170000
921980180000
921980190000
921980200000
921980210000
921980220000
921980230000
921980240000
921980250000
921980260000
921980270000
921980280000
921980290000
921980300000
921980310000
921980320000
921980330000
921980340000
921980350000
921980360000
921980370000
921980380000
921980390000
921980400000
921980410000
921980420000
921980430000
921980440000
921980450000
921980460000
921980470000
921980480000
921980490000
921980500000
921980510000
921980520000
921980530000
921980540000
921980550000
921980560000
921980570000
921980580000
921980590000
921980600000
921980610000
921980620000
921980630000
921980640000
921980650000
921980660000
921980670000
921980680000
921980690000
921980700000
921980710000
921980720000
921980730000
921980740000
921980750000
921980760000
921980770000
921980780000
921980790000
921980800000
921980810000
921980820000
921980830000
921980840000
921980850000
921980860000
921980870000
921980880000
921980890000
921980900000
921980910000
921980920000
921980930000
921980940000
921980950000
921980960000
921980970000
921980980000
921980990000
921981000000
921981010000
921981020000
921981030000
921981040000
921981050000
921981060000
921981070000
921990010000
921990020000
921990030000
921990040000
921990050000
921990060000
921990070000
921990080000
921990090000
921990100000
921990110000
921990120000
921990130000
921990140000
921990150000
921990160000
921990170000
921990180000
921990190000
921990200000
921990210000
921990220000
921990230000
921990240000
921990250000
921990260000
921990270000
921990280000
921990290000
921990300000
921990310000
921990320000
921990330000
921990340000
921990350000
921990360000
921990370000
921990380000
921990390000
921990400000
921990410000
921990420000
921990430000
921990440000
921990450000
921990460000
921990470000
921990480000
921990490000
921990500000
921990510000
921990520000
921990530000
921990540000
921990550000
921990560000
921990570000
921990580000
921990590000
921990600000
921990610000
921990620000
921990630000
921990640000
921990650000
921990660000
921990670000
921990680000
921990690000
921990700000
921990710000
921990720000
921990730000
921990740000
921990750000
921990760000
921990770000
921990780000
921990790000
921990800000
921990810000
921990820000
921990830000
921990840000
922000010000
922000020000
922000030000
922000040000
922000050000
922000060000
922000070000
922000080000
922000090000
922000100000
922000110000
922000120000
922000130000
922000140000
922000150000
922000160000
922000170000
922000180000
922000190000
922000200000
922000210000
922000220000
922000230000
922000240000
922000250000
922000260000
922000270000
922000280000
922000290000
922000300000
922000310000
922000320000
922000330000
922000340000
922000350000
922000360000
922000370000
922000380000
922000390000
922000400000
922000410000
922000420000
922000430000
922000440000
922000450000
922000460000
922000470000
922000480000
922000490000
922000500000
922000510000
922000520000
922000530000
922000540000
922000550000
922000560000
922000570000
922000580000
922000590000
922000600000
922000610000
922000620000
922000630000
922000640000
922000650000
922000660000
922000670000
922000680000
922000690000
922000700000
922000710000
922000720000
922000730000
922000740000
922000750000
922000760000
922000770000
922000780000
922000790000
922000800000
922000810000
922000820000
922000830000
922000840000
922010010000
922010020000
922010030000
922010040000
922010050000
922010060000
922010070000
922010080000
922010090000
922010100000
922010110000
922010120000
922010130000
922010140000
922010150000
922010160000
922010170000
922010180000
922010190000
922010200000
922010210000
922010220000
922010230000
922010240000
922010250000
922010270000
922010290000
922010300000
922010310000
922010320000
922010330000
922010340000
922010350000
922010360000
922010370000
922010380000
922010390000
922010400000
922010410000
922010420000
922010430000
922010440000
922010450000
922010460000
922010470000
922010480000
922010490000
922010500000
922010510000
922010520000
922010530000
922010540000
922010550000
922020010000
922020020000
922020030000
922020040000
922020050000
922020060000
922020070000
922020080000
922020090000
922020100000
922020110000
922020120000
922020130000
922020140000
922020150000
922020160000
922020170000
922020180000
922020190000
922020200000
922020210000
922020220000
922020230000
922020240000
922020250000
922020260000
922020270000
922020280000
922020290000
922020300000
922020310000
922020320000
922020330000
922020340000
922020350000
922020360000
922020370000
922020380000
922020390000
922020400000
922020410000
922020420000
922020430000
922020440000
922020450000
922020460000
922020470000
922020480000
922020490000
922020500000
922020510000
922020520000
922020530000
922020540000
922020550000
922020560000
922020570000
922020580000
922020590000
922020600000
922020610000
922020620000
922020630000
922020640000
922020650000
922020660000
922020670000
922020680000
922020690000
922020700000
922020710000
922020720000
922020730000
922020740000
922020750000
922020760000
922020770000
922020780000
922020790000
922020800000
922020810000
922020820000
922020830000
922020840000
930010010000
930010020000
930010030000
930010060000
930010070000
930010080000
930010090000
930010100000
930010110000
930010120000
930010130000
930020010000
930020020000
930020030000
930020040000
930020050000
930020060000
930020070000
930020080000
930020090000
930020100000
930020110000
930020120000
930020130000
930020140000
930020150000
930020160000
930020170000
930020180000
930020190000
930020200000
930020210000
930020220000
930020230000
930020240000
930020250000
930020260000
930020270000
930020280000
930020290000
930020300000
930020310000
930020320000
930020330000
930020340000
930020350000
930020360000
930020370000
930020380000
930020390000
930020400000
930020410000
930020420000
930020430000
930020440000
930020450000
930020460000
930020470000
930020480000
930030010000
930030020000
930030030000
930030040000
930030050000
930030060000
930030080000
930030090000
930030100000
930030110000
930030120000
930030130000
930030140000
930030150000
930030160000
930030170000
930030180000
930030190000
930030200000
930030210000
930030220000
930030230000
930030240000
930030250000
930030260000
930030270000
930030280000
930030290000
930030300000
930030310000
930030320000
930030340000
930030350000
930030360000
930030370000
930030380000
930030390000
930030400000
930030410000
930030440000
930030450000
930030460000
930030470000
930030480000
930030490000
930030500000
930030510000
930030520000
930030530000
930030540000
930030550000
930030560000
930030590000
930030600000
930030610000
930030620000
930030630000
930030640000
930030650000
930030660000
930030670000
930030680000
930030700000
930030710000
930030720000
930030730000
930030740000
930030750000
930030760000
930030770000
930030780000
930030790000
930030800000
930030810000
930040010000
930040020000
930040030000
930040040000
930040050000
930040060000
930040070000
930040080000
930040090000
930040100000
930040130000
930040140000
930040150000
930040160000
930040170000
930040180000
930040190000
930040200000
930040210000
930040220000
930040230000
930040240000
930040250000
930040260000
930040270000
930040280000
930040290000
930040300000
930040310000
930040320000
930040330000
930040340000
930040350000
930040360000
930040370000
930040380000
930040390000
930040400000
930040410000
930040420000
930040430000
930050010000
930050020000
930050100000
930050110000
930050120000
930050140000
940010010000
940010030000
940010040000
940010050000
940010080000
940010090000
940010100000
940010140000
940010150000
940010170000
940010180000
940010190000
940010200000
940010210000
940010220000
940020010000
940020030000
940020070000
940020080000
940020090000
940020110000
940020120000
940020130000
940020140000
940020150000
940020200000
940020210000
940020220000
940020230000
940020240000
940020250000
940020260000
940020270000
940020280000
940020290000
940020300000
940020310000
940020320000
940020330000
940020340000
940020350000
940020360000
940020390000
940020400000
940020410000
940020420000
940020430000
940020440000
940020450000
940020460000
940020470000
940020480000
940020490000
940020500000
940020510000
940020520000
940020530000
940020540000
940020550000
940020560000
940020570000
940020580000
940030010000
940030020000
940030040000
940030050000
940030060000
940030070000
940030080000
940030090000
940030100000
940030110000
940030120000
940030130000
940030140000
940030150000
940030160000
940030170000
940030180000
940030190000
940030210000
940030220000
940030230000
940030240000
940030250000
940030260000
940030270000
940030280000
940030290000
940030300000
940030310000
940030320000
940030330000
940030340000
940030350000
940030360000
940030370000
940030380000
940030400000
940030410000
940030420000
940030430000
940030440000
940030450000
940030460000
940030470000
940030480000
940030490000
940030500000
940030510000
940030520000
940030530000
940030540000
940030550000
940030560000
940030570000
940030580000
940030590000
940030600000
940030610000
940030620000
940030630000
940030640000
940030650000
940030660000
940030670000
940030680000
940030690000
940030700000
940030710000
940030720000
940030730000
940030740000
940030750000
940030760000
940030770000
940040020000
940040030000
940040040000
940040060000
940040070000
940040080000
940040090000
940040100000
940040110000
940040120000
940040130000
940040140000
940040150000
940040170000
940040180000
940040190000
940040200000
940040210000
940040220000
940040230000
940040240000
940040250000
940040260000
940040270000
940040280000
940040290000
940040300000
940040310000
940040320000
940040350000
940040360000
940040370000
940040380000
940040390000
940040400000
940040410000
940050010000
940050020000
940050030000
940050040000
940050050000
940050060000
940050070000
940050080000
940050090000
940050100000
940050110000
940050120000
940050130000
940050140000
940050150000
940050160000
940050170000
940050180000
940050190000
940050200000
940050210000
940050220000
940050230000
940050260000
940050270000
940050280000
940050290000
940050300000
940050310000
940050320000
940050330000
940050340000
940050350000
940050360000
940050370000
940050380000
940050390000
940050400000
940050410000
940050420000
940050430000
940050440000
940050450000
940050460000
940050470000
940050570000
940050580000
940060010000
940060020000
940060030000
940060040000
940060050000
940060060000
940060070000
940060080000
940060090000
940060100000
940060110000
940060120000
940060130000
940060140000
940060150000
940060160000
940060170000
940060180000
940060190000
940060200000
940060210000
940060220000
940060230000
940060240000
940060250000
940060260000
940060270000
940060280000
940060290000
940060300000
940060310000
940060320000
940060330000
940060340000
940060350000
940060360000
940060370000
940060380000
940060390000
940060400000
940060410000
940060420000
940060430000
940060440000
940060450000
940060460000
940060470000
940060480000
940060490000
940060500000
940060510000
940060520000
940060530000
940060540000
940060550000
940060560000
940060570000
940060580000
940060590000
940060600000
940060610000
940060620000
940060630000
940060640000
940060650000
940060660000
940060670000
940060680000
940060690000
940060700000
940060710000
940060720000
940060730000
940060740000
940060750000
940060760000
940060770000
940060780000
940060790000
940060800000
940060810000
940060820000
940060830000
940060840000
940060850000
940060860000
940060870000
940060880000
940060890000
940060900000
940060910000
940060920000
940060930000
940060940000
940060950000
940060960000
940060970000
940060980000
940060990000
940061000000
940061010000
940061020000
940061030000
940061040000
940061050000
940061060000
940061070000
940061080000
940061090000
940070010000
940070020000
940070030000
940070040000
940070050000
940070060000
940070070000
940070080000
940070090000
940070100000
940070110000
940070120000
940070130000
940070140000
940070150000
940070160000
940070170000
940070180000
940070190000
940070200000
940070210000
940070220000
940070230000
940070240000
940070250000
940070260000
940070270000
940070280000
940070290000
940070300000
940070310000
940070320000
940070330000
940070340000
940070350000
940070360000
940070370000
940070380000
940070390000
940070400000
940070410000
940070420000
940070430000
940070440000
940070450000
940070460000
940070470000
940070480000
940070490000
940070500000
940070510000
940070520000
940070530000
940070540000
940070550000
940070560000
940070570000
940070580000
940070590000
940070600000
940070610000
940070620000
940070630000
940070640000
940070650000
940070660000
940070670000
940070680000
940070690000
940070700000
940070710000
940070720000
940070730000
940070740000
940070750000
940070760000
940070770000
940070780000
940070790000
940070800000
940070810000
940070830000
940070840000
940070850000
940070860000
940070870000
940070880000
940070890000
940070900000
940070910000
940070920000
940070930000
940070940000
940070950000
940070960000
940070970000
940070980000
940070990000
940071000000
940071010000
940071020000
940071030000
940071040000
940071050000
940071060000
940071070000
940071080000
940071090000
940080010000
940080020000
940080030000
940080040000
940080050000
940080060000
940080070000
940080080000
940080090000
940080100000
940080110000
940080120000
940080130000
940080140000
940080150000
940080160000
940080170000
940080180000
940080190000
940080200000
940080210000
940080220000
940080230000
940080240000
940080250000
940080260000
940080270000
940080280000
940080290000
940080300000
940080310000
940080320000
940080330000
940080340000
940080350000
940080360000
940080370000
940080380000
940080390000
940080400000
940080410000
940080420000
940080430000
940080440000
940080450000
940080460000
940080470000
940080480000
940080490000
940080500000
940080510000
940080520000
940080530000
940080540000
940080550000
940080560000
940080570000
940080580000
940080590000
940080600000
940080610000
940080620000
940080630000
940080640000
940080650000
940080660000
940080670000
940080680000
940080690000
940080700000
940080710000
940080720000
940080730000
940080740000
940080750000
940080760000
940080770000
940080780000
940080790000
940080800000
940080810000
940080820000
940080830000
940080840000
940080850000
940080860000
940080870000
940080880000
940080890000
940080900000
940080910000
940080920000
940080930000
940080940000
940080950000
940080960000
940080970000
940080980000
940080990000
940081000000
940081010000
940081020000
940081030000
940081040000
940081050000
940081060000
940081070000
940081080000
940081090000
940081100000
940081110000
940090010000
940090020000
940090030000
940090040000
940090050000
940090060000
940090070000
940090080000
940090090000
940090100000
940090110000
940090120000
940090130000
940090140000
940090150000
940090160000
940090170000
940090180000
940090190000
940090200000
940090210000
940090220000
940090230000
940090240000
940090250000
940090260000
940090270000
940090280000
940090290000
940090300000
940090310000
940090320000
940090330000
940090340000
940090350000
940090360000
940090370000
940090380000
940090390000
940090400000
940090410000
940090420000
940090430000
940090440000
940090450000
940090460000
940090470000
940090480000
940090490000
940090500000
940090510000
940090520000
940090530000
940090540000
940090550000
940090560000
940090570000
940090580000
940090590000
940090600000
940090610000
940090620000
940090630000
940090640000
940090650000
940090660000
940090670000
940090680000
940090690000
940090700000
940090710000
940090720000
940090730000
940090740000
940090750000
940090760000
940090770000
940090780000
940090790000
940090800000
940090810000
940090820000
940090830000
940090840000
940090850000
940090860000
940090870000
940090880000
940090890000
940090900000
940090910000
940090920000
940090930000
940090940000
940090950000
940090960000
940090970000
940090980000
940090990000
940091000000
940091010000
940091020000
940091030000
940091040000
940091050000
940091060000
940091070000
940091080000
940091090000
940091100000
940091110000
940091120000
940091130000
940091140000
940091150000
940091160000
940091170000
940091180000
940091190000
940091200000
940091210000
940091220000
940091230000
940091240000
940091250000
940091260000
940091270000
940091280000
940091290000
940091300000
940091310000
940091320000
940091330000
940091340000
940091350000
940091360000
940091370000
940091380000
940091390000
940091400000
940091410000
940091420000
940091430000
940091440000
940091450000
940091460000
940091470000
940091480000
940091490000
940091500000
940091510000
940091520000
940091530000
940091540000
940091550000
940100010000
940100020000
940100030000
940100040000
940100050000
940100060000
940100070000
940100080000
940100090000
940100100000
940100110000
940100120000
940100130000
940100140000
940100150000
940100160000
940100170000
940100180000
940100190000
940100200000
940100210000
940100220000
940100230000
940100240000
940100250000
940100260000
940100270000
940100280000
940100290000
940100300000
940100310000
940100320000
940100330000
940100340000
940100350000
940100360000
940100370000
940100380000
940100390000
940100400000
940100410000
940100420000
940100430000
940100440000
940100450000
940100460000
940100470000
940100480000
940100490000
940100500000
940100510000
940100520000
940100530000
940100540000
940100550000
940100560000
940100570000
940100580000
940100590000
940100600000
940100610000
940100620000
940100630000
940100640000
940100650000
940100660000
940100670000
940100680000
940100690000
940100700000
940100710000
940100720000
940100730000
940100740000
940100750000
940100760000
940100770000
940100780000
940100790000
940100800000
940100810000
940100820000
940100830000
940100840000
940100850000
940100860000
940100870000
940100890000
940100900000
940100910000
940100920000
940100930000
940100940000
940100950000
940100960000
940100970000
940100980000
940100990000
940101000000
940101010000
940101020000
940101030000
940101040000
940101050000
940101060000
940101070000
940101080000
940101090000
940101100000
940101110000
940110010000
940110020000
940110030000
940110040000
940110050000
940110060000
940110070000
940110080000
940110090000
940110100000
940110110000
940110120000
940110130000
940110140000
940110150000
940110160000
940110170000
940110180000
940110190000
940110200000
940110210000
940110220000
940110230000
940110240000
940110250000
940110260000
940110270000
940110280000
940110290000
940110300000
940110310000
940110320000
940110330000
940110340000
940110350000
940110360000
940110370000
940110380000
940110390000
940110400000
940110410000
940110420000
940110430000
940110440000
940110450000
940110460000
940110470000
940110480000
940110490000
940110500000
940110510000
940110520000
940110530000
940110540000
940110550000
940110560000
940110570000
940110590000
940110600000
940110610000
940110620000
940110630000
940110640000
940110650000
940110660000
940110670000
940110680000
940110690000
940110700000
940110710000
940110720000
940110730000
940110740000
940110750000
940110760000
940110770000
940110780000
940110790000
940110800000
940110810000
940110820000
940110830000
940110840000
940110850000
940110860000
940110870000
940110880000
940110890000
940110900000
940110910000
940110920000
940110930000
940110940000
940110950000
940110960000
940110970000
940110980000
940110990000
940111000000
940111010000
940111020000
940111030000
940111040000
940111050000
940111060000
940111070000
940111080000
940111090000
940120010000
940120020000
940120030000
940120040000
940120050000
940120060000
940120070000
940120080000
940120090000
940120100000
940120110000
940120120000
940120130000
940120140000
940120150000
940120160000
940120170000
940120180000
940120190000
940120200000
940120210000
940120220000
940120230000
940120240000
940120250000
940120260000
940120270000
940120280000
940120290000
940120300000
940120310000
940120320000
940120330000
940130010000
940130020000
940130030000
940130040000
940130050000
940130060000
940130070000
940130080000
940130090000
940130100000
940130110000
940130120000
940130130000
940130140000
940130150000
940130160000
940130170000
940130180000
940130190000
940130200000
940130210000
940130220000
940130230000
940130240000
940130250000
940130260000
940130270000
940130280000
940130290000
940130300000
940130310000
940130320000
940130330000
940130340000
940130350000
940130360000
940130370000
940130380000
940130390000
940130400000
940130410000
940130420000
940130430000
940130440000
940130450000
940130460000
940130470000
940130480000
940130490000
940130500000
940130510000
940130520000
940130530000
940130540000
940130550000
940130560000
940130570000
940130580000
940130590000
940130600000
940130610000
940130620000
940130630000
940130640000
940130650000
940130660000
940130670000
940130680000
940130690000
940130700000
940130710000
940130720000
940130730000
940130740000
940130750000
940130760000
940130770000
940130780000
940130790000
940130800000
940130810000
940130820000
940130830000
940130840000
940130850000
940130860000
940130870000
940130880000
940130890000
940130900000
940130910000
940130920000
940130930000
940130940000
940130950000
940130960000
940130970000
940130980000
940130990000
940131000000
940131010000
940131020000
940131030000
940131040000
940131050000
940131060000
940131070000
940131080000
940131090000
940131100000
940131110000
940131120000
940131130000
940131140000
940131150000
940131160000
940131170000
940131180000
940131190000
940131200000
940131210000
940131220000
940131230000
940131240000
940131250000
940131260000
940131270000
940131280000
940131290000
940131300000
940131310000
940131320000
940131330000
940131340000
940131350000
940131360000
940131370000
940131380000
940131390000
940131400000
940131410000
940140010000
940140020000
940140030000
940140040000
940140050000
940140060000
940140070000
940140080000
940140090000
940140100000
940140110000
940140120000
940140130000
940140140000
940140150000
940140160000
940140170000
940140180000
940140190000
940140200000
940140210000
940140220000
940140230000
940140240000
940140250000
940140260000
940140270000
940140280000
940140290000
940140300000
940140310000
940140320000
940140330000
940140340000
940140350000
940140360000
940140370000
940140380000
940140390000
940140400000
940140410000
940140420000
940140430000
940140440000
940140450000
940140460000
940140470000
940140480000
940140490000
940140500000
940140510000
940140520000
940140530000
940140540000
940140550000
940140560000
940140570000
940140580000
940140590000
940140600000
940140610000
940140620000
940140630000
940140640000
940140650000
940140660000
940140670000
940140680000
940140690000
940140700000
940140710000
940140720000
940140730000
940140740000
940140750000
940140760000
940140770000
940140780000
940140790000
940140800000
940140810000
940140820000
940140830000
940140840000
940140850000
940140860000
940140870000
940140880000
940140890000
940140900000
940140910000
940140920000
940140930000
940140940000
940140950000
940140960000
940140970000
940140980000
940140990000
940141000000
940141010000
940141020000
940141030000
940141040000
940141050000
940141060000
940141070000
940141080000
940141090000
940141100000
940141110000
940141120000
940141130000
940141140000
940141150000
940141160000
940141170000
940141180000
940141190000
940141200000
940141210000
940141220000
940141230000
940141240000
940141250000
940141260000
940141270000
940141280000
940141290000
940141300000
940141310000
940141320000
940141330000
940141340000
940141350000
940141360000
940141370000
940141380000
940141390000
940141400000
940141410000
940141420000
940141430000
940141440000
940141450000
940141460000
940141470000
940141480000
940141490000
940141500000
940141520000
940141530000
940141540000
940141550000
940141560000
940141570000
940141580000
940141590000
940141600000
940141610000
940141620000
940141630000
940141640000
940141650000
940141660000
940141670000
940150010000
940150020000
940150030000
940150040000
940150050000
940150060000
940150070000
940150080000
940150090000
940150100000
940150110000
940150120000
940150130000
940150140000
940150150000
940150160000
940150170000
940150180000
940150190000
940150200000
940150210000
940150220000
940150230000
940150240000
940150250000
940150260000
940150270000
940150280000
940150290000
940150300000
940150310000
940150320000
940150330000
940150340000
940150350000
940150360000
940150370000
940150380000
940150390000
940150400000
940150410000
940150420000
940150430000
940150440000
940150450000
940150460000
940150470000
940150480000
940150490000
940150500000
940150510000
940150520000
940150530000
940150540000
940150550000
940150560000
940150570000
940150580000
940150590000
940150600000
940150610000
940150620000
940150630000
940150640000
940150650000
940150660000
940150670000
940150680000
940150690000
940150700000
940150710000
940150720000
940150730000
940150740000
940150750000
940150760000
940150770000
940150780000
940150790000
940150800000
940150810000
940150820000
940150830000
940150840000
940150850000
940150860000
940150870000
940150880000
940150890000
940150900000
940150910000
940150920000
940150930000
940150940000
940150950000
940150960000
940150970000
940150980000
940150990000
940151000000
940151010000
940151020000
940151030000
940151040000
940151050000
940151060000
940151070000
940151080000
940151090000
940151100000
940151110000
940151120000
940151130000
940151140000
940151150000
940151160000
940151170000
940151180000
940151190000
940151200000
940151210000
940151220000
940151230000
940151240000
940151250000
940151260000
940151270000
940151280000
940151290000
940151300000
940151310000
940151320000
940151330000
940151340000
940151350000
940151360000
940151370000
940151380000
940151390000
940151400000
940151410000
940151420000
940151430000
940151440000
940151450000
940151460000
940151470000
940151480000
940151490000
940151500000
940151510000
940151520000
940151530000
940151540000
940151550000
940151560000
940151570000
940151580000
940151590000
940151600000
940151610000
940151620000
940151630000
940160010000
940160020000
940160030000
940160040000
940160050000
940160060000
940160070000
940160080000
940160090000
940160100000
940160110000
940160120000
940160130000
940160140000
940160150000
940160160000
940160170000
940160180000
940160190000
940160200000
940160210000
940160220000
940160230000
940160240000
940160250000
940160260000
940160270000
940160280000
940160290000
940160300000
940160310000
940160320000
940160330000
940160340000
940160350000
940160360000
940160370000
940160380000
940160390000
940160400000
940160410000
940160420000
940160430000
940160440000
940160450000
940160460000
940160470000
940160480000
940160490000
940160500000
940160510000
940160520000
940160530000
940160540000
940160550000
940160560000
940160570000
940160580000
940160590000
940160600000
940160610000
940160620000
940160630000
940160640000
940160650000
940160660000
940160670000
940160680000
940160690000
940160700000
940160710000
940160720000
940160730000
940160740000
940160750000
940160760000
940160770000
940160780000
940160790000
940160800000
940160810000
940160820000
940160830000
940160840000
940160850000
940160860000
940160870000
940160880000
940160890000
940160900000
940160910000
940160920000
940160930000
940160940000
940160950000
940160960000
940160970000
940160980000
940160990000
940161000000
940170010000
940170020000
940170030000
940170040000
940170050000
940170060000
940170070000
940170080000
940170090000
940170100000
940170110000
940170120000
940170130000
940170140000
940170150000
940170160000
940170170000
940170180000
940170190000
940170200000
940170210000
940170220000
940170230000
940170240000
940170250000
940170260000
940170270000
940170280000
940170290000
940170300000
940170310000
940170320000
940170330000
940170340000
940170350000
940170360000
940170370000
940170380000
940170390000
940170400000
940170410000
940170420000
940170430000
940170440000
940170450000
940170460000
940170470000
940170480000
940170490000
940170500000
940170510000
940170520000
940170530000
940170540000
940170550000
940170560000
940170570000
940170580000
940170590000
940170600000
940170610000
940170620000
940170630000
940170640000
940170650000
940170660000
940170670000
940170680000
940170690000
940170700000
940170710000
940170720000
940170730000
940170740000
940170750000
940170760000
940170770000
940170780000
940170790000
940170800000
940170810000
940170820000
940170830000
940170840000
940170850000
940170860000
940170870000
940170880000
940170890000
940170900000
940170910000
940170920000
940170930000
940170940000
940170950000
940170960000
940170970000
940170980000
940170990000
940171000000
940171010000
940171020000
940171030000
940180010000
940180020000
940180030000
940180040000
940180050000
940180060000
940180070000
940180080000
940180090000
940180100000
940180110000
940180120000
940180130000
940180140000
940180150000
940180160000
940180170000
940180180000
940180190000
940180200000
940180210000
940180220000
940180230000
940180240000
940180250000
940180260000
940180270000
940180280000
940180290000
940180300000
940180310000
940180320000
940180330000
940180340000
940180350000
940180360000
940180370000
940180380000
940180390000
940180400000
940180410000
940180420000
940180430000
940180440000
940180450000
940180460000
940180470000
940180480000
940180490000
940180500000
940180510000
940180520000
940180530000
940180540000
940180550000
940180560000
940180570000
940180580000
940180590000
940180600000
940180610000
940180620000
940180630000
940180640000
940180650000
940180660000
940180670000
940180680000
940180690000
940180700000
940180710000
940180720000
940180730000
940180740000
940180750000
940180760000
940180770000
940180780000
940180790000
940180800000
940180810000
940180820000
940180830000
940180840000
940180850000
940180860000
940180870000
940180880000
940180890000
940180900000
940180910000
940180920000
940180930000
940180940000
940180950000
940190010000
940190020000
940190030000
940190040000
940190050000
940190060000
940190070000
940190080000
940190090000
940190100000
940190110000
940190120000
940190130000
940190140000
940190150000
940190160000
940190170000
940190180000
940190190000
940190200000
940190210000
940190220000
940190230000
940190240000
940190250000
940190260000
940190270000
940190280000
940190290000
940190300000
940190310000
940190320000
940190330000
940190340000
940190350000
940190360000
940190370000
940190380000
940190390000
940190400000
940190410000
940190420000
940190430000
940190440000
940190450000
940190460000
940190470000
940190480000
940190490000
940190500000
940190510000
940190520000
940190530000
940190540000
940190550000
940190560000
940190570000
940190580000
940190590000
940190600000
940190610000
940190620000
940190630000
940190640000
940190650000
940190660000
940190670000
940190680000
940190690000
940190700000
940190710000
940190720000
940190730000
940190740000
940190750000
940190760000
940190770000
940190780000
940190790000
940190800000
940190810000
940190820000
940190830000
940190840000
940190850000
940190860000
940190870000
940190880000
940190890000
940190900000
940190910000
940190920000
940190930000
940190940000
940190950000
940190960000
940190970000
940190980000
940190990000
940191000000
940191010000
940191020000
940191030000
940191040000
940191050000
940191060000
940191070000
940191080000
940191090000
940191100000
940191110000
940191120000
940191130000
940191140000
940191150000
940191160000
940191170000
940191180000
940191190000
940191200000
940191210000
940191220000
940191230000
940191240000
940191250000
940191260000
940191270000
940191280000
940191290000
940191300000
940191310000
940191320000
940191330000
940191340000
940191350000
940191360000
940191370000
940191380000
940191390000
940191400000
940191410000
940191420000
940191430000
940191440000
940191450000
940191460000
940191470000
940191480000
940191490000
940191500000
940191510000
940191520000
940200010000
940200020000
940200030000
940200040000
940200050000
940200060000
940200070000
940200080000
940200090000
940200100000
940200110000
940200120000
940200130000
940200140000
940200150000
940200160000
940200170000
940200180000
940200190000
940200200000
940200210000
940200220000
940200230000
940200240000
940200250000
940200260000
940200270000
940200280000
940200290000
940200300000
940200310000
940200320000
940200330000
940200340000
940200350000
940200360000
940200370000
940200380000
940200390000
940200400000
940200410000
940200420000
940200430000
940200440000
940200450000
940200460000
940200470000
940200480000
940200490000
940200500000
940200510000
940200520000
940200530000
940200540000
940200550000
940200560000
940200570000
940200580000
940200590000
940200600000
940200610000
940200620000
940200630000
940200640000
940200650000
940200660000
940200670000
940200680000
940200690000
940200700000
940200710000
940210010000
940210020000
940210030000
940210040000
940210050000
940210060000
940210070000
940210080000
940210090000
940210100000
940210110000
940210120000
940210130000
940210140000
940210150000
940210160000
940210170000
940210180000
940210190000
940210200000
940210210000
940210220000
940210230000
940210240000
940210250000
940210260000
940210270000
940210280000
940210290000
940210300000
940210310000
940210320000
940210330000
940210340000
940210350000
940210360000
940210370000
940210380000
940210390000
940210400000
940210410000
940210420000
940210430000
940210440000
940210450000
940210460000
940210470000
940210480000
940210490000
940210500000
940210510000
940210520000
940210530000
940210540000
940210550000
940210560000
940210570000
940210580000
940210590000
940210600000
940210610000
940210620000
940210630000
940210640000
940210650000
940210660000
940210670000
940210680000
940210690000
940210700000
940210710000
940210720000
940210730000
940210740000
940210750000
940210760000
940210770000
940210780000
940210790000
940210800000
940210810000
940210820000
940210830000
940210840000
940210850000
940210860000
940210870000
940210880000
940210890000
940210900000
940210910000
940210920000
940210930000
940210940000
940210950000
940210960000
940210970000
940210980000
940210990000
940211000000
940211010000
940211020000
940211030000
940211040000
940211050000
940211060000
940211070000
940211080000
940211090000
940211100000
940211110000
940211120000
940211130000
940211140000
940211150000
940211160000
940211170000
940211180000
940211190000
940211200000
940211210000
940211220000
940211230000
940211240000
940211250000
940211260000
940211270000
940211280000
940211290000
940211300000
940211310000
940211320000
940211330000
940211340000
940211350000
940211360000
940211370000
940211380000
940211390000
940211400000
940211410000
940211420000
940211430000
940211440000
940211450000
940220010000
940220020000
940220030000
940220040000
940220050000
940220060000
940220070000
940220080000
940220090000
940220100000
940220110000
940220120000
940220130000
940220140000
940220150000
940220160000
940220170000
940220180000
940220190000
940220200000
940220210000
940220220000
940220230000
940220240000
940220250000
940220260000
940220270000
940220280000
940220290000
940220300000
940220310000
940220320000
940220330000
940220340000
940220350000
940220360000
940220370000
940220380000
940220390000
940220400000
940220410000
940220420000
940220430000
940220440000
940220450000
940220460000
940220470000
940220480000
940220490000
940230010000
940230020000
940230030000
940230040000
940230050000
940230060000
940230070000
940230080000
940230090000
940230100000
940230110000
940230120000
940230130000
940230140000
940230150000
940230170000
940230180000
940230190000
940230200000
940230210000
940230220000
940230230000
940230240000
940230250000
940230260000
940230270000
940230280000
940230290000
940230300000
940230310000
940230320000
940230330000
940230340000
940230350000
940230360000
940230370000
940230380000
940230390000
940230400000
940230410000
940230420000
940230430000
940230440000
940230450000
940230460000
940230470000
940230480000
940230490000
940230500000
940230510000
940230520000
940230530000
940230540000
940230550000
940230560000
940230570000
940230580000
940230590000
940230600000
940230610000
940230620000
940230630000
940230640000
940230650000
940230660000
940230670000
940230680000
940230690000
940230700000
940230710000
940230720000
940230730000
940240010000
940240020000
940240030000
940240040000
940240050000
940240060000
940240070000
940240080000
940240090000
940240100000
940240110000
940240120000
940240130000
940240140000
940240150000
940240160000
940240170000
940240180000
940240190000
940240200000
940240210000
940240220000
940240230000
940240240000
940240250000
940240260000
940240270000
940240280000
940240290000
940240300000
940240310000
940240320000
940240330000
940240340000
940240350000
950010010000
950010020000
950010040000
950010050000
950010060000
950010070000
950010080000
950010090000
950010100000
950010110000
950010120000
950010130000
950010140000
950010150000
950010160000
950010170000
950010180000
950010190000
950010200000
950010210000
950010220000
950010230000
950010240000
950010250000
950010260000
950010270000
950010280000
950010290000
950010310000
950010320000
950010330000
950010340000
950010350000
950010360000
950010370000
950010380000
950010390000
950010400000
950010410000
950010420000
950010430000
950010450000
950010460000
950010470000
950010480000
950010490000
950010500000
950010510000
950010520000
950010530000
950010540000
950010550000
950010560000
950010570000
950010580000
950010590000
950020010000
950020030000
950020090000
950020110000
950020160000
950020170000
950020180000
950020190000
950020200000
950020210000
950020220000
950020230000
950020240000
950020250000
950020260000
950020270000
950020280000
950020290000
950020300000
950020310000
950020320000
950020330000
950020340000
950020350000
950020360000
950020370000
950020380000
950020390000
950020400000
950020410000
950020420000
950020430000
950020440000
950020450000
950020460000
950020470000
950020480000
950020490000
950020500000
950020510000
950020520000
950020530000
950020540000
950020550000
950020560000
950020570000
950020580000
950020590000
950020600000
950020610000
950020620000
950020630000
950020640000
950020650000
950020660000
950020680000
950020690000
950020700000
950020710000
950020720000
950020730000
950020740000
950020750000
950020760000
950020770000
950030190000
950030220000
950030230000
950030240000
950030250000
950030260000
950030270000
950030330000
950030340000
950030350000
950030400000
950030410000
950030420000
950030430000
950030450000
950030480000
950030490000
950030500000
950030510000
950030520000
950030530000
950030540000
950030550000
950030560000
950030570000
950030590000
950030600000
950030610000
950030620000
950030630000
950040060000
950040070000
950040090000
950040100000
950040110000
950040120000
950040130000
950040140000
950040150000
950040160000
950040170000
950040180000
950040190000
950040210000
950040220000
950040230000
950040240000
950040250000
950040260000
950040270000
950040280000
950040290000
950040300000
950040310000
950040320000
950050010000
950050020000
950050030000
950050040000
950050050000
950050060000
950050070000
950050080000
950050090000
950050110000
950050120000
950050130000
950050140000
950050150000
950050160000
950050170000
950050200000
950060010000
950060020000
950060030000
950060040000
950060050000
950060060000
950060070000
950060080000
950060090000
950060100000
950070050000
950070080000
950070140000
950070160000
950070170000
950070290000
950080010000
950080020000
950080030000
950080060000
950080080000
950080090000
950080110000
950080120000
950080130000
950080140000
950080220000
950080260000
950080320000
950080330000
950080350000
950080360000
950080370000
950080380000
950080390000
950080400000
950080410000
950080420000
950080430000
950080450000
950080460000
950080470000
950080480000
950080490000
950080500000
950080510000
950080520000
950080530000
950080540000
950080550000
950090010000
950090020000
950090030000
950090040000
950090060000
950090100000
950090140000
950090160000
950090170000
950090180000
950090190000
950090200000
950090210000
950090220000
950090230000
950090240000
950090250000
950090260000
950090270000
950090280000
950090300000
950090310000
950090320000
950090340000
950090350000
950090360000
950090370000
950090380000
950090390000
950090400000
950090410000
950090420000
950090430000
950090440000
950090450000
950090460000
950090470000
950090480000
950090490000
950090500000
950090510000
950090520000
950090530000
950090540000
950090550000
950090560000
950090570000
950090580000
950090590000
950090600000
950090610000
950090620000
950090630000
950090640000
950090650000
950090660000
950090670000
950090680000
950090690000
950090700000
950090710000
950090720000
950090730000
950090740000
950090750000
950090760000
950090770000
950090780000
950090790000
950090800000
950090810000
950090820000
950100010000
950100020000
950100030000
950100040000
950100050000
950100060000
950100070000
950100080000
950100090000
950100140000
950100150000
950100250000
950100260000
950100270000
950100280000
950100290000
950100300000
950110010000
950110030000
950110040000
950110050000
950110060000
950110070000
950110080000
950110090000
950120010000
950120020000
950120050000
950120060000
950120070000
950120080000
950120090000
950120100000
950120110000
950120120000
950120140000
950120150000
950120170000
950120180000
950120190000
950120200000
950120210000
950120220000
950120230000
950120240000
950120250000
950120260000
950120270000
950120280000
950120290000
950120300000
950120310000
950120320000
950120330000
950120350000
950120370000
950120390000
950120400000
950120410000
950120420000
950120430000
950120440000
950120450000
950120460000
950120470000
950120480000
950130010000
950140010000
950140020000
950140030000
950140040000
950140050000
950140060000
950140070000
950140080000
950140100000
950140110000
950140170000
950140200000
950140270000
950140280000
950140290000
950140310000
950140320000
950140350000
950140370000
950140380000
950140390000
950140400000
950140410000
950140420000
950140450000
950140460000
950140470000
950140480000
950140490000
950140500000
950140510000
950140520000
950140530000
950140540000
950140550000
950140560000
950140570000
950140580000
950140590000
950140600000
950150010000
950150030000
950150040000
950150050000
950150060000
950150070000
950150090000
950150100000
950150110000
950150120000
950150130000
950150140000
950150150000
950150160000
950150170000
950150180000
950160010000
950160020000
950160030000
950160060000
950160070000
950160080000
950160090000
950160100000
950160110000
950160120000
950160140000
950160150000
950160160000
950160170000
950160190000
950160200000
950160210000
950160220000
950160240000
950160250000
950160260000
950160290000
950160300000
950160310000
950160330000
950160340000
950160350000
950160360000
950160410000
950170030000
950170050000
950170060000
950170070000
950170080000
950170090000
950170100000
950170110000
950170120000
950180010000
950180150000
950180160000
950180170000
950180190000
950180230000
950180310000
950190010000
950190020000
950190030000
950190040000
950190050000
950190060000
950190070000
950190080000
950190090000
950190100000
950190110000
950190120000
950190140000
950190150000
950190160000
950190170000
950190240000
950190260000
950190270000
950190280000
950190300000
950190310000
950190320000
950190330000
950190340000
950190350000
950190360000
950190370000
950190380000
950190390000
950190400000
950190410000
950190420000
950190430000
950190440000
950200010000
950200070000
950200080000
950200090000
950200110000
950200120000
950200130000
950200140000
950200150000
950200160000
950200170000
950200180000
950200190000
950200220000
950200240000
950200250000
950200310000
950200320000
950200330000
950200360000
950200420000
950200460000
950200480000
950200490000
950200510000
950200520000
950200530000
950200540000
950200560000
950200610000
950200620000
950200630000
950200680000
950200710000
950200720000
950200730000
950200740000
950200750000
950200760000
950200780000
950200790000
950200800000
950200810000
950200820000
950210020000
950210030000
950210040000
950210050000
950210060000
950210080000
950210090000
950210100000
950210110000
950210120000
950210130000
950210140000
950210150000
950210160000
950210170000
950210180000
950210190000
950210200000
950210210000
950210220000
950210230000
950210240000
950210250000
950210260000
950210270000
950210280000
950210290000
950210300000
950210310000
950210320000
950210330000
950210340000
950210350000
950220010000
950220020000
950220030000
950220040000
950220050000
950220060000
950220070000
950220080000
950220090000
950230010000
950230020000
950230030000
950230040000
950230050000
950230060000
950230070000
950230080000
950230090000
950230100000
950230110000
950230120000
950230130000
950230140000
950230150000
950230160000
950230170000
950230180000
950230190000
950230200000
950230210000
950230220000
950230230000
950230240000
950240010000
950240020000
950240030000
950240040000
950240050000
950240060000
950240070000
950240080000
950240090000
950240100000
950240110000
950240120000
950240130000
950240140000
950240150000
950240160000
950240170000
950240180000
950240190000
950240200000
950240210000
950240220000
950240230000
950240240000
950240250000
950240260000
950240270000
950240280000
950240290000
950240300000
950240310000
950240320000
950240330000
950240340000
950240350000
950240360000
950240370000
950240380000
950240390000
950240400000
950240410000
950240420000
950240430000
950240440000
950240450000
950240460000
950240470000
950240480000
950240490000
950240500000
950240510000
950240520000
950240530000
950240540000
950240560000
950240570000
950240580000
950240590000
950240600000
950240610000
950240620000
950240630000
950240640000
950240650000
950240660000
950240670000
950240680000
950240690000
950240700000
950240710000
950240720000
950240730000
950240740000
950240750000
950240760000
950240770000
950240780000
950250010000
950250020000
950250030000
950250040000
950250050000
950250060000
950250070000
950250080000
950250090000
950250100000
950250110000
950250120000
950250130000
950250140000
950250150000
950250160000
950250170000
950250180000
950250190000
950250200000
950250210000
950250220000
950250230000
950250240000
950250250000
950250260000
950250270000
950250280000
950250290000
950250300000
950250310000
950250320000
950250330000
950250340000
950250350000
950250360000
950250370000
950250380000
950250390000
950250400000
950250410000
950260010000
950260020000
950260030000
950260040000
950260050000
950260060000
950260070000
950260080000
950260090000
950260100000
950260110000
950260120000
950260130000
950260140000
950260150000
950260160000
950260170000
950260180000
950260190000
950260200000
950260210000
950260220000
950260230000
950260240000
950260250000
950260260000
950260270000
950260280000
950260290000
950260300000
950260310000
950260320000
950260330000
950260340000
950260350000
950260360000
950260370000
950260380000
950260390000
950260400000
950260410000
950260420000
950260430000
950260440000
950260450000
950260460000
950260470000
950260480000
950260490000
950260500000
950260510000
950260520000
950260530000
950260540000
950260550000
950260560000
950260580000
950260590000
950260600000
950260610000
950260620000
950260630000
950260640000
950260650000
950260660000
950260670000
950260680000
950260690000
950260700000
950260710000
950260720000
950260730000
950260740000
950260750000
950260760000
950260770000
950260780000
950260790000
950260800000
950270010000
950270020000
950270030000
950270040000
950270050000
950270060000
950270070000
950270080000
950270090000
950270100000
950270110000
950270120000
950270130000
950270140000
950270150000
950270160000
950270170000
950270180000
950270190000
950270200000
960010010000
960010020000
960010030000
960010040000
960010050000
960010060000
960010070000
960010080000
960010090000
960010100000
960010110000
960010120000
960010130000
960010150000
960020010000
960020020000
960020030000
960020040000
960020050000
960020060000
960020080000
960020090000
960020100000
960020110000
960020120000
960020130000
960020140000
960020150000
960020160000
960020180000
960020200000
960020210000
960020220000
960020240000
960020250000
960020260000
960020270000
960020280000
960020370000
960020380000
960020390000
960020400000
960020410000
960020430000
960020440000
960020460000
960020470000
960020480000
960020490000
960020500000
960020510000
960020530000
960020540000
960020550000
960020560000
960030020000
960030030000
960030040000
960030050000
960030060000
960030070000
960030080000
960030090000
960030100000
960030110000
960030120000
960030130000
960030140000
960030150000
960030160000
960030170000
960030180000
960030190000
960030200000
960030210000
960030220000
960030230000
960030240000
960030250000
960030260000
960030270000
960040020000
960040030000
960040040000
960040050000
960040060000
960040070000
960040080000
960040090000
960040100000
960040110000
960040120000
960040130000
960040140000
960040150000
960040160000
960040170000
960040180000
960040190000
960040200000
960050010000
960050030000
960050080000
960050090000
960050100000
960050110000
960050120000
960050130000
960050140000
960050150000
960050160000
960050170000
960050180000
960050190000
960050200000
960050240000
960050250000
960050260000
960050360000
960050390000
960050440000
960050450000
960050460000
960050470000
960050480000
960050490000
960050510000
960050520000
960050530000
960050540000
960050550000
960050560000
960050570000
960050580000
960050590000
960050600000
960050610000
960060010000
960060020000
960060030000
960060040000
960060050000
960060060000
960060070000
960060080000
960060090000
960060100000
960060110000
960060120000
960060130000
960060140000
960060150000
960060160000
960060170000
960060180000
960060190000
960060200000
960060210000
960060220000
960060230000
960070010000
960070020000
960070030000
960070040000
960070050000
960070060000
960070070000
960080010000
960080020000
960080030000
960080040000
960080050000
960080060000
960080070000
960080080000
960080090000
960080100000
960080110000
960080120000
960080130000
960080140000
960080150000
960080170000
960080180000
960080190000
960080200000
960080210000
960080220000
960080230000
960080240000
960080250000
960080260000
960080270000
960080280000
960080290000
960080300000
960080310000
960080320000
960080330000
960080340000
960080350000
960080360000
960080370000
960080380000
960080390000
960080400000
960080410000
960080420000
960080430000
960080440000
960080450000
960080460000
960080470000
960080490000
960080500000
960080510000
960080520000
960080530000
960080540000
960080550000
960080560000
960080570000
960080580000
960080590000
960080600000
960080610000
960080620000
960080630000
960080640000
960080650000
960080660000
960080670000
960090020000
960090030000
960090040000
960090050000
960090060000
960090070000
960090080000
960090090000
960090100000
960090120000
960090130000
960100010000
960100020000
960100030000
960100040000
960100050000
960100060000
960100070000
960100080000
960100090000
960100100000
960100110000
960100120000
960100130000
960100140000
960100150000
960100160000
960100170000
960100180000
960100190000
960100200000
960100210000
960100220000
960100230000
960100240000
960100250000
960110020000
960110060000
960110070000
960110080000
960110090000
960110130000
960110140000
960110150000
960110160000
960120010000
960120020000
960120030000
960120040000
960120050000
960120060000
960120070000
960120080000
960120100000
960120120000
960120130000
960120140000
960120150000
960120160000
960120170000
960120180000
960120190000
960120200000
960120210000
960120220000
960120230000
960120240000
960120250000
960120260000
960120270000
960120280000
960120290000
960120300000
960120310000
960130010000
960130020000
960130030000
960130040000
960130050000
960130060000
960130070000
960130080000
960130090000
960130100000
960130110000
960140010000
960140020000
960140030000
960140040000
960140050000
960140060000
960140070000
960140080000
960140090000
960140100000
960140110000
960140120000
960140130000
960140140000
960140150000
960140160000
960140170000
960140180000
960140190000
960140200000
960140210000
960140220000
960140230000
960140240000
960140250000
960140260000
960140270000
960140280000
960140290000
960140300000
960140310000
960140320000
960140330000
960140340000
960140350000
960140360000
960140370000
960140380000
960140390000
960140400000
960140410000
960140420000
960140430000
960140440000
960140450000
960140460000
960140470000
960140480000
960140490000
960140500000
960140510000
960140520000
960140530000
960140540000
960140550000
960140560000
960140570000
960140580000
960140590000
960140600000
960140610000
960140620000
960140630000
960140640000
960140650000
960140660000
960140670000
960140690000
960140700000
960140710000
960140720000
960150010000
960150020000
960150030000
960150040000
960150050000
960150060000
960150070000
960150080000
960150090000
960150100000
960150110000
960150120000
960150130000
960150140000
960150150000
960150160000
960150170000
960150180000
960150190000
960150200000
960150210000
960150220000
960150230000
960150240000
960150250000
960150260000
960150270000
960150280000
960150290000
960150300000
960150310000
960150320000
960150330000
960150340000
960150350000
960160010000
960160020000
960160030000
960160040000
960160050000
960160060000
960160070000
960160080000
960160090000
960160100000
960160110000
960160120000
960160130000
960160140000
960160150000
960160160000
960160170000
960160180000
960160190000
960160200000
960160220000
960160230000
960160240000
960160250000
960160260000
960160270000
960160280000
960160290000
960160300000
960160310000
960160320000
960160330000
960160340000
960160350000
960160360000
960160370000
960160380000
960160390000
960160400000
960160410000
960160420000
960160430000
960160440000
960160450000
960160460000
960170010000
960170020000
960170030000
960170060000
960170070000
960170080000
960170090000
960170100000
960170110000
960170120000
960170130000
960170140000
960170150000
960170160000
960170170000
960170180000
960170190000
960170200000
960170210000
960170220000
960170230000
960170240000
960170250000
960170260000
960170270000
960170280000
960170290000
960170300000
960170310000
960170320000
960170330000
960170340000
960170350000
960170360000
960170370000
960170380000
960170390000
960170400000
960170410000
960170420000
960170430000
960170440000
960170450000
960170460000
960180010000
960180020000
960180030000
960180040000
960180090000
960180100000
960180110000
960180120000
960180130000
960180140000
960180150000
960180160000
960180170000
960180180000
960180190000
960180200000
960180210000
960180220000
960180230000
960180240000
960180250000
960180260000
960180270000
960180280000
960180290000
960180300000
960180310000
960180320000
960180330000
960180340000
960180350000
960180360000
960180370000
960180380000
960180390000
960180400000
960180410000
960180420000
960180430000
960180440000
960180450000
960180460000
960180470000
960180480000
960180490000
960180500000
960180510000
960180520000
960180530000
960180540000
960180550000
960180560000
960180570000
960180580000
960180590000
960180600000
960190010000
960190020000
960190030000
960190040000
960190050000
960190060000
960190070000
960190080000
960190090000
960190100000
960190110000
960190120000
960190130000
960190140000
960190150000
960190160000
960190170000
960190180000
960190190000
960190200000
960190210000
960190220000
960200010000
960200020000
960200030000
960200040000
960200050000
960200060000
960200070000
960200080000
960200090000
960200100000
960200110000
960200120000
960200130000
960200140000
960200150000
960200160000
960200170000
960200180000
960200190000
960200200000
960200210000
960200220000
960200230000
960200240000
960200250000
960200260000
960200270000
960200280000
960200300000
960200310000
960200320000
960200330000
960200340000
960200350000
960200360000
960200370000
960200380000
960200390000
960200400000
960200410000
960200420000
960200430000
960200440000
960200450000
960200460000
960200470000
960200480000
960200490000
960200500000
960200510000
960200520000
960200530000
960200540000
960200550000
960200560000
960200570000
960200580000
960200590000
960200600000
960200610000
960200620000
960200630000
960200640000
960200650000
960200660000
960210010000
960210020000
960210030000
960210040000
960210050000
960210060000
960210070000
960210080000
960210090000
960210100000
960210110000
960210120000
960210130000
960210140000
960210150000
960210160000
960210170000
960210180000
960210190000
960210200000
960210210000
960210220000
960210230000
960210240000
960210250000
960210260000
960210270000
960210280000
960210290000
960210300000
960210310000
960210320000
960220010000
960220020000
960220030000
960220040000
960220050000
960220060000
960220070000
960220080000
960220090000
960220100000
960220110000
960220120000
960220130000
960220140000
960220150000
960220160000
960220170000
960220180000
960220190000
960220200000
960220210000
960220220000
960220230000
960220240000
960220250000
960220260000
960220270000
960220280000
960220290000
960220300000
960220310000
960220320000
960220330000
960220340000
960220350000
960220360000
960220370000
960220380000
960220390000
960220400000
960220410000
960220420000
960220430000
960220440000
960220450000
960220460000
960220470000
960220480000
960220490000
960220500000
960220510000
960220520000
960220530000
960220540000
960220550000
960220560000
960220570000
960220580000
960230010000
960230020000
960230030000
960230040000
960230050000
960230060000
960230070000
960230080000
960230090000
960230100000
960230110000
960230120000
960230130000
960230140000
960230150000
960230160000
960230170000
960230180000
960230190000
960230200000
960230210000
960230220000
960230230000
960230240000
960230250000
960230260000
960230270000
960230280000
960230290000
960230300000
960230310000
960230320000
960230330000
960230340000
960230350000
960230360000
960230370000
960230380000
960230390000
960230400000
960230410000
960230420000
960230430000
960230440000
960230450000
970010010000
970010020000
970010030000
970010040000
970010050000
970010060000
970010070000
970010080000
970010090000
970010120000
970010130000
970010140000
970010150000
970010160000
970010170000
970010180000
970010190000
970010200000
970010210000
970010220000
980010010000
980010020000
980010030000
980010040000
980010050000
980010060000
980010070000
980010080000
980010090000
980010100000
980010110000
980010120000
980010130000
980010140000
990010010000
990010020000
990010030000
990010040000
990010050000
990010060000
990010070000
990010090000
990010100000
990010110000
990010120000
990010130000
990010150000
990010160000
990010170000
990010180000
990010190000
990010200000
990010210000
990010230000
990010240000
990010270000
990010290000
990010300000
990010310000
990010320000
990010330000
990010340000
990010350000
990010360000
990020010000
990020030000
990020040000
990020050000
990020060000
990020070000
990020080000
990020090000
990020100000
990020110000
990020120000
990020130000
990020140000
990020160000
990020170000
990020180000
990020190000
990020200000
990020210000
990020220000
990020230000
990020240000
990020250000
990020260000
990020270000
990020280000
990020290000
990020310000
990020320000
990020350000
990030010000
990030020000
990030030000
990030040000
990030050000
990030060000
990030070000
990030080000
990030090000
990030100000
990030110000
990030120000
990030130000
990030140000
990030150000
990030160000
990030170000
990030180000
990030190000
990030200000
990030210000
990030220000
990030230000
990030240000
990030250000
990030260000
990030270000
990030280000
990030290000
990030300000
990030310000
990030320000
990030340000
990030350000
990030360000
990030370000
990030380000
990040010000
990040020000
990040030000
990040040000
990040050000
990040060000
990040070000
990040080000
990040090000
990040100000
990040110000
990040120000
990040130000
990040140000
990040150000
990040160000
990040170000
990040180000
990040190000
990040200000
990040210000
990040220000
990040230000
990040240000
990050010000
990050020000
990050030000
990050040000
990050050000
990050060000
990050070000
990050080000
990050090000
990050100000
990050110000
990050120000
990050130000
990050140000
990050150000
990050160000
990050170000
990050180000
990050190000
990050200000
990050210000
990050220000
990050230000
990050240000
990050250000
990050260000
990050270000
990050280000
990050290000
990050300000
990050310000
990050320000
990050330000
990050340000
990050350000
990050360000
990050380000
990050390000
990050400000
990050410000
990050420000
990050430000
990050440000
990050450000
990050460000
990050470000
990050480000
990050490000
990050500000
990050510000
990050520000
990050530000
990050540000
990050550000
990050560000
990060010000
990060020000
990060030000
990060040000
990060050000
990060060000
990060070000
990070010000
990070020000
990070030000
990070040000
990070050000
990070060000
990070070000
990070080000
990070090000
990070100000
990070110000
990070120000
990070130000
990070140000
990070150000
990070160000
990070170000
990070190000
990070200000
990070210000
990070220000
990070230000
990070240000
990070250000
990070260000
990070270000
990070280000
990070290000
990070300000
990070310000
990070320000
990070340000
990070350000
990070360000
990070370000
990070380000
990070390000
990070400000
990070410000
990070420000
990070430000
990070440000
990070450000
990070460000
990070470000
990070480000
990070490000
990070500000
990070510000
990070520000
990070530000
990070540000
990070550000
990070560000
990070570000
990070580000
990070590000
990070600000
990070610000
990070620000
990070630000
990070640000
990070650000
990070660000
990070670000
990070680000
990070690000
990070700000
990070710000
990070720000
990070730000
990070740000
990070750000
990070760000
990070770000
990070780000
990070790000
990070800000
990070810000
990070820000
990070830000
990070840000
990070850000
990070860000
990070870000
990070880000
990070890000
990070900000
990070910000
990070920000
990070930000
990070940000
990070950000
990070960000
990070970000
990070980000
990070990000
990071000000
990071010000
990071020000
990071030000
990071040000
990071050000
990071060000
990071070000
990071080000
990071090000
990071100000
990071110000
990071120000
990071130000
990071140000
990071150000
990071160000
990071170000
990071180000
990080010000
990080020000
990080030000
990080050000
990080060000
990080070000
990080080000
990080090000
990080110000
990080120000
990080130000
990080140000
990080150000
990080160000
990080170000
990080180000
990080190000
990080210000
990080220000
990080230000
990080240000
990080250000
990080260000
990080270000
990080280000
990080290000
990080300000
990080310000
990080320000
990080330000
990080340000
990080350000
990080360000
990080380000
990080390000
990080410000
990080420000
990080430000
990080440000
990080450000
990080460000
990080480000
990080490000
990080500000
990080510000
990080520000
990080530000
990080540000
990080550000
990080560000
990080570000
990080580000
990080590000
990080600000
990080610000
990080620000
990080630000
990080640000
990080650000
990080660000
990080670000
990080680000
990080690000
990080700000
990080710000
990080720000
990080730000
990080740000
990080750000
990080760000
990080770000
990080780000
990080790000
990080800000
990080810000
990080820000
990080830000
990080840000
990090010000
990090050000
990090060000
990090070000
990090080000
990090090000
990090100000
990090110000
990090120000
990090130000
990090140000
990090160000
990090170000
990090180000
990090190000
990090200000
990090210000
990090220000
990090230000
990090240000
990090250000
990090270000
990090280000
990090290000
990090300000
990090310000
990090320000
990090330000
990090340000
990090350000
990090360000
990090370000
990090380000
990090390000
990090400000
990090410000
990090420000
990090430000
990090440000
990090450000
990090460000
990090470000
990090480000
990090490000
990090500000
990090510000
990090530000
990090550000
990090560000
990090570000
990090600000
990090610000
990090620000
990090630000
990090640000
990090650000
990090660000
990090670000
990090680000
990090690000
990090700000
990090710000
990090720000
990090730000
990090740000
990090760000
990090770000
990090780000
990090790000
990090800000
990090810000
990090820000
990090830000
990090840000
990090850000
990090860000
990090870000
990090880000
990090890000
990090900000
990090910000
990090930000
990090940000
990090950000
990090960000
990090970000
990090990000
990091010000
990091020000
990091040000
990091050000
990091060000
990091070000
990091080000
990091090000
990091100000
990091110000
990091120000
990091130000
990091140000
990091150000
990091170000
990091180000
990091190000
990091210000
990091220000
990091230000
990091240000
990091250000
990091260000
990091270000
990091280000
990091310000
990100010000
990100020000
990100030000
990100040000
990100050000
990100060000
990100070000
990100080000
990100090000
990100100000
990100110000
990100120000
990100130000
990100140000
990100150000
990100160000
990100170000
990100180000
990100190000
990100200000
990100210000
990100220000
990100230000
990100240000
990100250000
990100260000
990100270000
990100280000
990100290000
990100300000
990100310000
990100320000
990100330000
990100340000
990100350000
990100360000
990100370000
990100380000
990100390000
990100400000
990100410000
990100420000
990100430000
